ORF	substrate	sf	fam	buriedCD	buried_alpha	buried_beta	exposedCD	buried_ldens	buried_wldens	normCD	normBD
YDL021W	0	c.60.1	c.60.1.1	0.804	0.776	0.63	0.706	3.051	3.877	0.264	0.051000000000000156
YKL152C	0	c.60.1	c.60.1.1	0.619	0.76	0.42	0.534	3.288	2.838	0.07899999999999996	0.2879999999999998
YKR043C	1	c.60.1	c.60.1.1	0.793	1.019	0.621	0.579	2.952	3.052	0.253	-0.04800000000000004
YOL056W	0	c.60.1	c.60.1.1	0.709	0.793	0.5	0.484	3.816	4.109	0.16899999999999993	0.8159999999999998
YDR051C	1	c.60.1	c.60.1.1	0.46	0.394	0.222	0.538	4.319	2.947	-0.08000000000000002	1.319
YPR085C	0	b.69.4	b.69.4.1	0.778	2.0	0.873	0.673	2.986	3.209	0.028000000000000025	-1.464
YNL035C	1	b.69.4	b.69.4.1	0.72	0.0	0.835	0.631	3.209	3.041	-0.030000000000000027	-1.241
YMR146C	1	b.69.4	b.69.4.1	0.686	1.167	0.689	0.584	3.313	2.566	-0.06399999999999995	-1.137
YLR208W	1	b.69.4	b.69.4.1	0.599	2.75	0.558	0.593	4.258	3.212	-0.15100000000000002	-0.19200000000000017
YDR142C	0	b.69.4	b.69.4.1	0.434	0.3	0.472	0.639	4.101	2.685	-0.316	-0.3490000000000002
YDR267C	1	b.69.4	b.69.4.1	0.457	0.0	0.44	0.489	4.237	2.563	-0.293	-0.21300000000000008
YMR116C	1	b.69.4	b.69.4.1	0.359	0.0	0.375	0.331	4.265	1.802	-0.391	-0.1850000000000005
YGL100W	1	b.69.4	b.69.4.1	0.811	1.333	0.876	0.55	3.186	3.187	0.061000000000000054	-1.2640000000000002
YBR175W	1	b.69.4	b.69.4.1	0.67	0.0	0.902	0.567	3.506	3.174	-0.07999999999999996	-0.9440000000000004
YNL006W	1	b.69.4	b.69.4.1	0.431	0.0	0.451	0.396	4.118	2.34	-0.319	-0.33199999999999985
YER107C	1	b.69.4	b.69.4.1	0.412	0.0	0.404	0.484	4.116	2.169	-0.338	-0.3340000000000005
YKL018W	1	b.69.4	b.69.4.1	0.838	0.0	0.899	0.713	2.612	3.179	0.08799999999999997	-1.838
YBR246W	1	b.69.4	b.69.4.1	0.728	0.0	0.806	0.67	2.931	3.178	-0.02200000000000002	-1.5190000000000001
YBR234C	1	b.69.4	b.69.4.1	0.438	0.0	0.389	0.483	3.707	2.667	-0.312	-0.7430000000000003
YER066W	0	b.69.4	b.69.4.1	0.427	0.0	0.56	0.627	4.688	3.98	-0.323	0.23799999999999955
YCL018W	0	c.77.1	c.77.1.1	0.571	0.378	0.544	0.559	3.688	2.59	-0.40900000000000003	0.08800000000000008
YDL066W	1	c.77.1	c.77.1.1	0.891	0.926	1.062	0.593	2.918	3.857	-0.08899999999999997	-0.6819999999999999
YLR174W	1	c.77.1	c.77.1.1	0.711	0.678	0.75	0.556	3.504	3.219	-0.269	-0.09600000000000009
YOR136W	1	c.77.1	c.77.1.1	0.402	0.36	0.373	0.377	4.739	2.531	-0.578	1.1389999999999998
YNL009W	0	c.77.1	c.77.1.1	1.066	1.074	1.274	0.658	2.847	4.295	0.08600000000000008	-0.7530000000000001
YLR446W	0	c.45.1	c.45.1.2	0.841	0.855	0.706	0.718	3.963	3.593	0.02100000000000002	0.06300000000000017
YNL099C	0	c.45.1	c.45.1.1	0.708	0.704	1.125	0.379	3.525	3.267	-0.11199999999999999	-0.375
YDR067C	1	c.45.1	c.45.1.2	0.688	0.583	1.5	0.547	4.25	4.705	-0.132	0.3500000000000001
YIL113W	0	c.45.1	c.45.1.1	1.039	1.431	0.267	0.63	3.049	3.524	0.21899999999999997	-0.851
YNL056W	1	c.45.1	c.45.1.1	0.791	0.652	1.0	0.764	3.875	4.7	-0.028999999999999915	-0.02499999999999991
YDL230W	1	c.45.1	c.45.1.2	0.647	0.641	0.5	0.464	4.338	4.207	-0.17299999999999993	0.43800000000000017
YJR155W	0	c.1.7	c.1.7.1	0.409	0.269	0.571	0.433	4.61	2.732	0.064	1.4600000000000004
YOL165C	0	c.1.7	c.1.7.1	0.289	0.409	0.0	0.467	7.462	4.365	-0.055999999999999994	4.311999999999999
YDL243C	0	c.1.7	c.1.7.1	0.497	0.44	0.645	0.546	3.817	2.822	0.15200000000000002	0.6670000000000003
YOR120W	0	c.1.7	c.1.7.1	0.565	0.571	0.463	0.445	3.619	2.803	0.21999999999999997	0.4690000000000003
YFL056C	0	c.1.7	c.1.7.1	0.75	0.729	0.841	0.634	3.424	3.475	0.405	0.274
YHR104W	1	c.1.7	c.1.7.1	0.806	0.531	0.615	0.668	2.866	2.979	0.4610000000000001	-0.2839999999999998
YDR368W	1	c.1.7	c.1.7.1	0.734	0.895	0.767	0.482	2.785	2.672	0.389	-0.36499999999999977
YFL057C	0	c.1.7	c.1.7.1	0.509	0.632	0.3	0.668	5.346	4.462	0.16400000000000003	2.196
YNL090W	1	c.37.1	c.37.1.8	0.344	0.565	0.303	0.392	5.0	2.629	-0.401	-0.09999999999999964
YMR138W	1	c.37.1	c.37.1.8	0.724	0.917	0.809	0.616	3.509	3.905	-0.02100000000000002	-1.5909999999999997
YKR059W	1	c.37.1	c.37.1.19	0.534	0.681	0.2	0.359	3.032	3.237	-0.21099999999999997	-2.0679999999999996
YOR094W	0	c.37.1	c.37.1.8	0.396	0.25	0.5	0.483	4.27	2.832	-0.349	-0.8300000000000001
YBR164C	1	c.37.1	c.37.1.8	0.704	0.983	0.551	0.553	3.844	3.639	-0.041000000000000036	-1.2559999999999998
YKR014C	1	c.37.1	c.37.1.8	0.475	0.516	0.719	0.37	5.053	3.526	-0.27	-0.04699999999999971
YNL093W	0	c.37.1	c.37.1.8	0.416	0.5	0.5	0.521	5.189	3.21	-0.329	0.08900000000000041
YDL084W	1	c.37.1	c.37.1.19	0.636	0.642	0.525	0.448	3.229	2.406	-0.10899999999999999	-1.8709999999999996
YOR185C	1	c.37.1	c.37.1.8	0.404	0.545	0.417	0.437	4.686	2.317	-0.34099999999999997	-0.4139999999999997
YFL005W	1	c.37.1	c.37.1.8	0.635	0.733	0.569	0.438	3.884	3.024	-0.10999999999999999	-1.2159999999999997
YDR021W	1	c.37.1	c.37.1.19	0.687	0.91	0.296	0.464	3.325	2.821	-0.05799999999999994	-1.7749999999999995
YHR022C	0	c.37.1	c.37.1.8	0.47	0.625	0.364	0.496	4.816	2.539	-0.275	-0.2839999999999998
YJR057W	0	c.37.1	c.37.1.1	0.983	0.981	1.091	0.588	2.824	3.742	0.238	-2.276
YHR065C	0	c.37.1	c.37.1.19	0.787	0.921	0.648	0.491	2.969	3.487	0.04200000000000004	-2.131
YFL038C	1	c.37.1	c.37.1.8	0.648	0.7	0.671	0.514	3.667	3.32	-0.09699999999999998	-1.4329999999999998
YDR248C	0	c.37.1	c.37.1.17	0.729	0.714	0.611	0.605	3.553	3.89	-0.016000000000000014	-1.5469999999999997
YFL066C	1	c.37.1	c.37.1.19	0.498	0.513	0.364	0.46	3.542	2.43	-0.247	-1.5579999999999998
YCR027C	1	c.37.1	c.37.1.8	0.556	0.7	0.731	0.437	4.304	2.861	-0.18899999999999995	-0.7959999999999994
YBR264C	1	c.37.1	c.37.1.8	0.275	0.389	0.226	0.417	5.9	2.361	-0.47	0.8000000000000007
YOR089C	1	c.37.1	c.37.1.8	0.388	0.259	0.581	0.409	4.735	2.72	-0.357	-0.3649999999999993
YGR205W	0	c.37.1	c.37.1.6	1.078	1.066	1.354	0.567	3.383	4.082	0.3330000000000001	-1.7169999999999996
YLR293C	1	c.37.1	c.37.1.8	0.406	0.5	0.462	0.381	4.833	2.46	-0.33899999999999997	-0.26699999999999946
YGL091C	0	c.37.1	c.37.1.10	0.769	0.833	1.0	0.521	3.511	3.661	0.02400000000000002	-1.5889999999999995
YOR046C	1	c.37.1	c.37.1.19	0.505	0.676	0.241	0.717	5.743	3.68	-0.24	0.6430000000000007
YIL003W	1	c.37.1	c.37.1.10	0.394	0.368	0.364	0.426	4.656	2.74	-0.351	-0.44399999999999995
YKL154W	0	c.37.1	c.37.1.8	0.593	0.812	0.519	0.342	4.0	3.02	-0.15200000000000002	-1.0999999999999996
YBR227C	0	c.37.1	c.37.1.20	0.575	0.586	0.476	0.487	3.054	2.551	-0.17000000000000004	-2.046
YNL202W	0	c.2.1	c.2.1.2	0.421	0.592	0.459	0.351	4.476	2.15	0.126	1.076
YKL107W	0	c.2.1	c.2.1.2	0.571	0.588	0.455	0.712	3.554	2.784	0.27599999999999997	0.15399999999999991
YDL114W	0	c.2.1	c.2.1.2	1.042	1.012	1.407	0.748	2.822	3.915	0.7470000000000001	-0.5779999999999998
YLR426W	1	c.2.1	c.2.1.2	0.714	0.986	0.365	0.589	3.523	3.186	0.419	0.12300000000000022
YOR246C	1	c.2.1	c.2.1.2	0.608	0.644	0.6	0.73	3.544	3.254	0.313	0.14400000000000013
YKL055C	0	c.2.1	c.2.1.2	0.59	0.417	0.791	0.583	3.761	3.382	0.295	0.3610000000000002
YPL033C	0	c.2.1	c.2.1.2	0.618	0.645	0.476	0.674	3.5	3.278	0.323	0.10000000000000009
YBR159W	0	c.2.1	c.2.1.2	0.698	0.756	0.812	0.529	3.429	3.147	0.40299999999999997	0.028999999999999915
YMR090W	0	c.2.1	c.2.1.2	0.341	0.393	0.371	0.443	6.353	2.68	0.04600000000000004	2.953
YNL181W	1	c.2.1	c.2.1.2	0.694	0.75	0.737	0.553	3.311	3.282	0.39899999999999997	-0.08899999999999997
YKL071W	0	c.2.1	c.2.1.2	0.527	0.477	0.625	0.601	4.067	3.29	0.23200000000000004	0.6670000000000003
YER004W	1	c.2.1	c.2.1.2	0.515	0.615	0.444	0.584	4.653	3.434	0.22000000000000003	1.2529999999999997
YIR036C	1	c.2.1	c.2.1.2	0.241	0.244	0.185	0.315	7.0	2.337	-0.05399999999999999	3.6
YIL124W	1	c.2.1	c.2.1.2	0.568	0.5	0.609	0.689	3.763	3.32	0.27299999999999996	0.363
YGR019W	1	c.67.1	c.67.1.4	0.894	0.865	0.966	0.699	2.607	3.263	0.33399999999999996	-0.9429999999999996
YNR058W	0	c.67.1	c.67.1.4	0.563	0.571	0.756	0.542	3.621	2.716	0.0029999999999998916	0.07100000000000017
YLR438W	0	c.67.1	c.67.1.4	0.485	0.452	0.559	0.528	3.776	2.68	-0.07500000000000007	0.22599999999999998
YLR027C	1	c.67.1	c.67.1.1	0.753	0.779	0.588	0.542	2.992	3.032	0.19299999999999995	-0.5579999999999998
YBR263W	1	c.67.1	c.67.1.4	0.551	0.551	0.481	0.61	3.428	2.621	-0.009000000000000008	-0.12199999999999989
YEL066W	1	d.108.1	d.108.1.1	0.623	0.972	0.44	0.398	4.4	4.0	-0.04200000000000004	0.0
YPR193C	0	d.108.1	d.108.1.1	0.694	0.708	0.875	0.511	4.419	4.5	0.028999999999999915	0.01899999999999924
YPR131C	1	d.108.1	d.108.1.1	0.89	1.206	0.864	0.579	3.9	5.269	0.22499999999999998	-0.5000000000000004
YDR071C	1	d.108.1	d.108.1.1	0.926	1.176	0.759	0.789	3.953	6.799	0.261	-0.4470000000000005
YFL017C	1	d.108.1	d.108.1.1	0.642	0.722	0.643	0.5	4.375	3.462	-0.02300000000000002	-0.025000000000000355
YIR042C	0	d.108.1	d.108.1.1	0.689	0.562	1.028	0.485	3.627	3.624	0.02399999999999991	-0.7730000000000006
YDR183W	0	c.47.1	c.47.1.6	0.517	0.8	0.375	0.461	5.366	3.816	0.14200000000000002	2.1659999999999995
YKL026C	0	c.47.1	c.47.1.10	0.831	0.812	0.786	0.489	2.755	3.139	0.45599999999999996	-0.4450000000000003
YDR453C	0	c.47.1	c.47.1.10	0.418	0.308	0.529	0.388	3.9	2.314	0.04299999999999998	0.6999999999999997
YCL035C	0	c.47.1	c.47.1.1	0.565	0.609	0.5	0.42	4.2	2.302	0.18999999999999995	1.0
YCR083W	1	c.47.1	c.47.1.1	0.682	1.147	0.421	0.646	3.029	3.157	0.30700000000000005	-0.17100000000000026
YIL010W	0	c.47.1	c.47.1.10	0.708	0.714	0.65	0.401	3.381	2.711	0.33299999999999996	0.1809999999999996
YLR364W	0	c.47.1	c.47.1.1	0.588	0.938	0.167	0.409	5.0	3.205	0.21299999999999997	1.7999999999999998
YHR057C	1	b.62.1	b.62.1.1	0.378	0.577	0.324	0.402	4.27	2.314	-0.02200000000000002	-0.4800000000000004
YDR304C	0	b.62.1	b.62.1.1	0.428	0.536	0.705	0.384	5.167	2.568	0.02799999999999997	0.4169999999999998
YML078W	0	b.62.1	b.62.1.1	0.495	0.781	0.731	0.445	3.605	2.556	0.09499999999999997	-1.145
YDR155C	1	b.62.1	b.62.1.1	0.356	0.5	0.325	0.301	4.343	2.247	-0.04400000000000004	-0.40700000000000003
YOR026W	1	b.69.4	b.69.4.1	0.709	0.5	0.727	0.534	3.083	2.894	-0.041000000000000036	-1.367
YLR043C	1	c.47.1	c.47.1.1	0.33	0.7	0.083	0.594	5.077	3.184	-0.044999999999999984	1.8769999999999998
YDL192W	0	c.37.1	c.37.1.8	0.362	0.395	0.306	0.595	5.464	3.633	-0.383	0.36400000000000077
YGL004C	1	b.69.4	b.69.4.1	0.428	0.5	0.45	0.462	4.069	2.305	-0.322	-0.3810000000000002
