ORF	substrate	0	1	2	3	4	5	6	7	8	9	10	11	12	13	14	15	16	17	18	19	20	21	22	23	24	25	26	27	28	29	30	31	32	33	34	35	36	37	38	39	40	41	42
YKL154W		0	0	0	2	0	0	0	6	4	1	0	1	0	1	2	0	1	1	0	4	4	5	2	5	0	0	3	4	0	1	0	0	0	0	1	3	0	0	4	3	2	5	0
YDL192W		7	2	0	0	0	0	0	0	0	0	0	4	2	0	1	1	1	2	0	0	1	0	0	0	0	0	0	1	2	0	2	0	0	0	3	2	0	0	1	1	0	1	1
YMR138W		0	5	1	8	0	0	0	4	0	2	0	1	1	1	6	6	5	2	1	9	1	3	0	0	0	0	0	7	1	1	0	0	0	0	0	1	0	0	0	4	1	1	0
YOR094W		0	6	0	1	0	0	0	0	1	0	0	0	1	3	2	4	2	0	0	0	1	1	2	1	1	0	0	1	1	0	0	1	0	0	0	0	0	1	3	0	0	0	1
YBR164C		8	1	1	0	0	0	0	0	0	0	0	3	3	1	0	3	2	1	2	6	1	0	0	0	0	0	0	6	2	0	0	0	0	0	0	1	0	0	3	3	0	5	0
YHR022C		0	0	0	0	0	0	0	0	0	3	4	1	1	0	0	2	2	0	0	0	0	3	0	0	1	0	0	6	3	0	1	1	1	0	2	0	1	0	0	0	0	1	0
YOR185C		0	1	0	0	0	1	0	0	0	0	1	1	0	0	0	0	0	0	0	0	0	0	0	1	0	0	4	0	1	3	2	0	0	0	1	0	0	0	2	3	1	2	0
YLR293C		0	1	0	0	0	1	0	0	0	0	4	2	0	0	0	0	0	0	0	0	0	0	0	0	0	0	0	0	1	3	1	0	0	0	0	0	0	0	1	1	2	1	0
YFL005W		8	6	1	0	0	0	0	0	1	0	0	1	2	0	3	1	1	2	0	2	2	0	0	0	0	0	0	3	2	0	0	0	0	0	0	0	0	0	1	0	0	1	2
YCR027C		6	0	4	1	0	0	0	0	1	0	1	3	5	0	0	0	1	1	0	0	1	0	0	0	0	0	6	2	1	0	1	2	0	0	0	0	0	0	0	2	2	4	2
YFL038C		3	8	1	0	0	0	0	0	1	4	0	3	5	0	1	0	4	0	0	2	1	0	0	0	0	0	0	4	3	0	0	0	0	0	0	0	0	0	1	1	0	4	2
YBR264C		0	0	0	0	0	0	0	0	0	2	0	1	1	0	2	0	0	0	0	0	0	0	0	0	0	3	2	1	0	0	0	0	0	0	1	0	0	0	1	0	0	1	2
YKR014C		8	6	0	1	0	0	0	0	0	0	1	4	4	0	2	0	3	0	0	0	1	0	0	0	0	0	0	0	1	0	0	0	0	0	0	0	0	0	1	0	0	2	1
YNL093W		3	0	0	0	0	0	0	0	0	3	1	5	5	0	0	0	2	0	0	0	0	0	0	0	0	1	0	0	0	0	0	0	0	0	1	0	0	0	1	3	1	5	2
YNL090W		0	2	0	1	0	2	0	1	0	0	1	0	2	1	0	0	4	2	1	0	0	0	0	0	0	0	2	0	1	0	1	0	0	0	2	0	0	0	0	0	0	0	0
YOR089C		5	4	0	1	0	0	0	0	0	0	0	0	1	0	0	0	1	1	3	0	1	0	0	0	0	0	0	0	3	0	0	0	0	0	0	0	0	0	1	0	0	0	3
