i	j	n
0.0	1.0	1.0
1.0	5.0	1.0
5.0	6.0	1.0
5.0	7.0	1.0
6.0	7.0	1.0
7.0	8.0	1.0
8.0	10.0	1.0
9.0	10.0	1.0
10.0	11.0	1.0
10.0	12.0	1.0
10.0	414.0	1.0
13.0	15.0	1.0
13.0	16.0	1.0
13.0	62.0	1.0
14.0	16.0	1.0
14.0	62.0	1.0
14.0	63.0	1.0
15.0	19.0	1.0
16.0	17.0	1.0
16.0	25.0	2.0
16.0	148.0	1.0
16.0	382.0	1.0
17.0	18.0	1.0
17.0	20.0	1.0
17.0	25.0	1.0
17.0	60.0	1.0
17.0	61.0	2.0
17.0	63.0	1.0
17.0	381.0	1.0
17.0	382.0	2.0
18.0	19.0	1.0
18.0	20.0	1.0
18.0	21.0	1.0
18.0	23.0	1.0
18.0	142.0	1.0
18.0	168.0	1.0
19.0	20.0	1.0
19.0	28.0	1.0
20.0	19.0	1.0
20.0	24.0	1.0
21.0	20.0	1.0
21.0	62.0	1.0
22.0	23.0	1.0
22.0	24.0	1.0
22.0	394.0	1.0
22.0	415.0	1.0
24.0	25.0	2.0
24.0	27.0	1.0
24.0	387.0	1.0
25.0	17.0	1.0
25.0	19.0	1.0
25.0	26.0	3.0
25.0	30.0	1.0
25.0	382.0	1.0
25.0	387.0	1.0
25.0	390.0	1.0
26.0	29.0	1.0
26.0	30.0	1.0
26.0	33.0	1.0
26.0	167.0	1.0
26.0	440.0	1.0
27.0	30.0	2.0
27.0	44.0	1.0
27.0	138.0	1.0
27.0	140.0	1.0
27.0	142.0	2.0
27.0	164.0	1.0
27.0	167.0	1.0
27.0	168.0	1.0
27.0	170.0	1.0
27.0	385.0	1.0
27.0	395.0	1.0
27.0	440.0	1.0
27.0	474.0	1.0
27.0	478.0	1.0
28.0	29.0	1.0
28.0	31.0	1.0
28.0	32.0	1.0
29.0	31.0	1.0
29.0	391.0	1.0
29.0	394.0	1.0
29.0	476.0	1.0
30.0	28.0	1.0
30.0	31.0	2.0
30.0	38.0	1.0
30.0	393.0	1.0
30.0	394.0	1.0
31.0	33.0	3.0
31.0	34.0	1.0
31.0	142.0	1.0
31.0	167.0	1.0
31.0	394.0	1.0
31.0	441.0	2.0
31.0	444.0	1.0
32.0	29.0	1.0
33.0	34.0	1.0
33.0	162.0	1.0
33.0	164.0	1.0
33.0	165.0	1.0
33.0	167.0	3.0
34.0	35.0	1.0
34.0	36.0	1.0
34.0	38.0	1.0
34.0	166.0	1.0
34.0	167.0	1.0
34.0	201.0	1.0
34.0	438.0	1.0
35.0	36.0	1.0
35.0	203.0	1.0
35.0	393.0	1.0
35.0	409.0	1.0
36.0	37.0	1.0
36.0	196.0	1.0
36.0	198.0	3.0
36.0	201.0	1.0
37.0	38.0	1.0
37.0	43.0	3.0
37.0	168.0	1.0
37.0	169.0	4.0
37.0	203.0	1.0
38.0	35.0	1.0
38.0	36.0	1.0
38.0	43.0	2.0
38.0	44.0	2.0
38.0	166.0	3.0
38.0	168.0	2.0
38.0	169.0	1.0
38.0	203.0	1.0
38.0	204.0	1.0
38.0	393.0	3.0
38.0	409.0	1.0
39.0	203.0	1.0
40.0	41.0	1.0
40.0	196.0	1.0
43.0	44.0	1.0
43.0	45.0	5.0
43.0	136.0	1.0
43.0	169.0	5.0
43.0	171.0	7.0
43.0	193.0	1.0
43.0	194.0	8.0
43.0	196.0	2.0
43.0	202.0	2.0
43.0	203.0	2.0
43.0	390.0	1.0
43.0	393.0	1.0
44.0	38.0	1.0
44.0	45.0	5.0
44.0	46.0	1.0
44.0	168.0	3.0
44.0	170.0	5.0
44.0	171.0	3.0
44.0	202.0	2.0
44.0	204.0	2.0
44.0	206.0	6.0
44.0	385.0	5.0
44.0	389.0	3.0
44.0	393.0	3.0
45.0	44.0	1.0
45.0	46.0	3.0
45.0	47.0	5.0
45.0	171.0	2.0
45.0	173.0	2.0
45.0	191.0	1.0
45.0	194.0	2.0
45.0	195.0	5.0
45.0	204.0	1.0
45.0	205.0	3.0
45.0	206.0	3.0
45.0	241.0	1.0
45.0	249.0	1.0
46.0	47.0	1.0
46.0	57.0	1.0
46.0	171.0	1.0
47.0	54.0	1.0
47.0	173.0	1.0
47.0	177.0	1.0
47.0	195.0	1.0
47.0	205.0	1.0
47.0	206.0	2.0
47.0	207.0	1.0
47.0	230.0	1.0
49.0	54.0	1.0
49.0	176.0	1.0
49.0	209.0	1.0
49.0	222.0	1.0
49.0	226.0	3.0
50.0	51.0	1.0
50.0	88.0	1.0
50.0	177.0	1.0
50.0	179.0	2.0
50.0	213.0	1.0
51.0	52.0	1.0
51.0	213.0	1.0
51.0	218.0	1.0
51.0	257.0	3.0
52.0	209.0	1.0
52.0	218.0	1.0
52.0	257.0	1.0
54.0	49.0	1.0
54.0	50.0	1.0
54.0	55.0	1.0
54.0	172.0	3.0
54.0	173.0	1.0
54.0	176.0	2.0
55.0	59.0	1.0
55.0	75.0	1.0
55.0	119.0	1.0
56.0	57.0	3.0
56.0	59.0	1.0
56.0	70.0	1.0
56.0	75.0	2.0
56.0	87.0	1.0
56.0	373.0	1.0
56.0	374.0	1.0
57.0	58.0	1.0
57.0	61.0	1.0
57.0	373.0	1.0
57.0	378.0	1.0
58.0	59.0	1.0
58.0	61.0	1.0
58.0	66.0	1.0
58.0	135.0	1.0
58.0	137.0	3.0
58.0	170.0	3.0
58.0	385.0	2.0
59.0	63.0	1.0
59.0	66.0	1.0
59.0	135.0	1.0
60.0	70.0	1.0
60.0	373.0	2.0
60.0	374.0	1.0
60.0	376.0	1.0
60.0	381.0	1.0
61.0	27.0	1.0
61.0	60.0	1.0
61.0	63.0	1.0
61.0	68.0	2.0
61.0	140.0	2.0
61.0	143.0	1.0
61.0	170.0	2.0
61.0	378.0	1.0
61.0	385.0	3.0
62.0	60.0	1.0
62.0	63.0	1.0
62.0	170.0	1.0
63.0	17.0	1.0
63.0	27.0	1.0
63.0	66.0	1.0
63.0	137.0	2.0
63.0	140.0	1.0
63.0	427.0	1.0
63.0	428.0	1.0
63.0	429.0	1.0
64.0	137.0	1.0
64.0	138.0	1.0
64.0	140.0	1.0
66.0	67.0	1.0
66.0	135.0	2.0
66.0	137.0	1.0
67.0	120.0	1.0
67.0	136.0	1.0
67.0	138.0	1.0
68.0	140.0	1.0
68.0	382.0	1.0
69.0	70.0	3.0
69.0	71.0	3.0
69.0	73.0	1.0
70.0	71.0	5.0
70.0	72.0	1.0
70.0	73.0	7.0
70.0	75.0	1.0
70.0	83.0	1.0
70.0	106.0	1.0
70.0	257.0	2.0
70.0	373.0	7.0
70.0	374.0	8.0
70.0	376.0	1.0
71.0	73.0	1.0
71.0	74.0	3.0
71.0	75.0	3.0
71.0	83.0	1.0
71.0	87.0	1.0
73.0	87.0	1.0
73.0	118.0	1.0
73.0	275.0	1.0
73.0	374.0	4.0
74.0	75.0	1.0
74.0	87.0	1.0
75.0	71.0	1.0
75.0	87.0	3.0
77.0	85.0	1.0
77.0	89.0	1.0
80.0	82.0	1.0
83.0	84.0	1.0
85.0	89.0	1.0
87.0	118.0	4.0
87.0	121.0	1.0
88.0	51.0	1.0
88.0	75.0	1.0
88.0	106.0	1.0
88.0	107.0	1.0
88.0	177.0	1.0
90.0	115.0	1.0
99.0	100.0	1.0
100.0	282.0	1.0
102.0	213.0	1.0
106.0	107.0	1.0
107.0	90.0	1.0
108.0	109.0	1.0
118.0	121.0	5.0
118.0	186.0	2.0
119.0	121.0	2.0
119.0	132.0	1.0
119.0	134.0	1.0
121.0	119.0	2.0
121.0	123.0	1.0
121.0	125.0	1.0
121.0	127.0	1.0
121.0	129.0	2.0
121.0	132.0	1.0
121.0	134.0	4.0
121.0	137.0	1.0
121.0	176.0	1.0
121.0	186.0	4.0
123.0	124.0	1.0
123.0	190.0	1.0
124.0	190.0	1.0
125.0	124.0	1.0
125.0	127.0	1.0
125.0	190.0	1.0
126.0	186.0	1.0
126.0	187.0	1.0
126.0	188.0	1.0
126.0	190.0	1.0
127.0	126.0	1.0
127.0	188.0	1.0
129.0	134.0	1.0
129.0	173.0	1.0
129.0	177.0	1.0
132.0	134.0	1.0
132.0	190.0	1.0
134.0	135.0	1.0
134.0	136.0	2.0
134.0	137.0	2.0
134.0	171.0	1.0
134.0	172.0	1.0
134.0	194.0	1.0
135.0	132.0	1.0
135.0	134.0	1.0
135.0	136.0	1.0
135.0	137.0	1.0
136.0	137.0	1.0
136.0	138.0	3.0
136.0	169.0	2.0
136.0	170.0	2.0
136.0	171.0	2.0
137.0	134.0	1.0
137.0	135.0	1.0
137.0	136.0	4.0
137.0	170.0	1.0
138.0	37.0	1.0
138.0	67.0	1.0
138.0	136.0	1.0
138.0	142.0	1.0
138.0	167.0	1.0
138.0	168.0	1.0
138.0	169.0	1.0
138.0	170.0	1.0
140.0	143.0	2.0
142.0	28.0	1.0
142.0	31.0	1.0
142.0	140.0	1.0
142.0	144.0	1.0
142.0	165.0	2.0
142.0	167.0	2.0
143.0	144.0	3.0
143.0	145.0	1.0
143.0	166.0	3.0
143.0	168.0	2.0
143.0	385.0	2.0
143.0	387.0	1.0
143.0	419.0	2.0
144.0	145.0	1.0
144.0	148.0	1.0
144.0	157.0	1.0
145.0	387.0	2.0
145.0	391.0	2.0
148.0	150.0	1.0
148.0	155.0	1.0
148.0	157.0	1.0
148.0	387.0	1.0
149.0	164.0	1.0
150.0	151.0	1.0
151.0	152.0	1.0
155.0	414.0	1.0
157.0	163.0	1.0
157.0	164.0	1.0
157.0	440.0	1.0
164.0	438.0	1.0
164.0	440.0	1.0
165.0	143.0	1.0
165.0	144.0	1.0
166.0	143.0	1.0
166.0	145.0	1.0
166.0	155.0	1.0
166.0	168.0	1.0
166.0	390.0	1.0
166.0	393.0	1.0
167.0	31.0	1.0
167.0	37.0	2.0
167.0	43.0	1.0
167.0	138.0	2.0
167.0	168.0	1.0
167.0	169.0	3.0
167.0	444.0	1.0
168.0	38.0	1.0
168.0	44.0	1.0
168.0	61.0	1.0
168.0	140.0	1.0
168.0	143.0	2.0
168.0	169.0	1.0
168.0	170.0	4.0
168.0	203.0	1.0
168.0	385.0	2.0
168.0	389.0	1.0
169.0	136.0	1.0
169.0	138.0	1.0
169.0	171.0	3.0
170.0	46.0	1.0
170.0	58.0	1.0
170.0	135.0	2.0
170.0	136.0	1.0
170.0	137.0	1.0
170.0	168.0	1.0
170.0	171.0	1.0
170.0	172.0	1.0
170.0	385.0	2.0
171.0	44.0	1.0
171.0	45.0	1.0
171.0	134.0	2.0
171.0	136.0	2.0
171.0	170.0	2.0
171.0	193.0	1.0
171.0	194.0	5.0
172.0	176.0	1.0
173.0	134.0	1.0
173.0	171.0	1.0
173.0	172.0	1.0
173.0	177.0	1.0
173.0	190.0	3.0
173.0	191.0	1.0
173.0	194.0	1.0
173.0	226.0	2.0
173.0	230.0	1.0
174.0	181.0	1.0
176.0	187.0	1.0
176.0	190.0	1.0
177.0	49.0	1.0
177.0	119.0	1.0
177.0	191.0	3.0
177.0	207.0	2.0
177.0	226.0	2.0
177.0	230.0	3.0
179.0	181.0	7.0
179.0	186.0	1.0
179.0	187.0	1.0
180.0	187.0	1.0
180.0	191.0	1.0
180.0	221.0	3.0
181.0	179.0	1.0
181.0	187.0	1.0
181.0	188.0	1.0
182.0	189.0	1.0
183.0	189.0	1.0
183.0	195.0	1.0
183.0	229.0	1.0
183.0	236.0	1.0
186.0	176.0	2.0
186.0	179.0	4.0
186.0	181.0	5.0
186.0	187.0	2.0
186.0	188.0	1.0
186.0	189.0	1.0
186.0	190.0	3.0
187.0	188.0	3.0
187.0	191.0	2.0
187.0	225.0	3.0
187.0	226.0	6.0
187.0	229.0	2.0
188.0	180.0	1.0
188.0	190.0	1.0
188.0	191.0	1.0
188.0	192.0	1.0
188.0	225.0	1.0
188.0	229.0	1.0
188.0	236.0	1.0
189.0	183.0	1.0
189.0	190.0	1.0
189.0	192.0	1.0
190.0	176.0	2.0
190.0	186.0	1.0
190.0	188.0	2.0
190.0	189.0	2.0
190.0	191.0	3.0
190.0	192.0	4.0
190.0	193.0	4.0
190.0	194.0	1.0
190.0	195.0	1.0
190.0	226.0	3.0
190.0	229.0	1.0
190.0	236.0	2.0
191.0	183.0	1.0
191.0	187.0	1.0
191.0	190.0	2.0
191.0	192.0	4.0
191.0	193.0	1.0
191.0	194.0	1.0
191.0	195.0	4.0
191.0	226.0	2.0
191.0	230.0	2.0
191.0	236.0	2.0
192.0	191.0	2.0
192.0	193.0	2.0
192.0	195.0	3.0
192.0	196.0	1.0
192.0	236.0	3.0
192.0	238.0	2.0
193.0	192.0	1.0
193.0	194.0	1.0
193.0	196.0	1.0
193.0	198.0	1.0
194.0	45.0	1.0
194.0	123.0	1.0
194.0	134.0	3.0
194.0	173.0	2.0
194.0	190.0	7.0
194.0	193.0	5.0
194.0	195.0	1.0
194.0	196.0	1.0
195.0	182.0	1.0
195.0	190.0	1.0
195.0	192.0	2.0
195.0	196.0	1.0
195.0	205.0	2.0
195.0	229.0	1.0
195.0	230.0	3.0
195.0	236.0	1.0
196.0	192.0	1.0
196.0	198.0	3.0
196.0	235.0	1.0
196.0	236.0	2.0
196.0	238.0	1.0
198.0	203.0	1.0
202.0	203.0	1.0
202.0	204.0	1.0
202.0	241.0	2.0
202.0	249.0	1.0
203.0	246.0	1.0
203.0	393.0	2.0
203.0	408.0	1.0
203.0	409.0	1.0
203.0	438.0	1.0
204.0	202.0	1.0
204.0	249.0	1.0
205.0	202.0	1.0
205.0	230.0	2.0
205.0	231.0	2.0
205.0	241.0	2.0
205.0	249.0	1.0
205.0	250.0	2.0
205.0	251.0	2.0
205.0	252.0	1.0
205.0	384.0	1.0
206.0	205.0	1.0
206.0	384.0	1.0
206.0	385.0	1.0
207.0	49.0	1.0
207.0	227.0	2.0
207.0	252.0	1.0
208.0	209.0	1.0
208.0	254.0	1.0
208.0	381.0	1.0
209.0	207.0	1.0
209.0	208.0	1.0
209.0	222.0	1.0
209.0	299.0	1.0
210.0	257.0	1.0
211.0	219.0	1.0
211.0	258.0	1.0
211.0	283.0	1.0
211.0	370.0	1.0
212.0	257.0	1.0
212.0	260.0	1.0
212.0	282.0	1.0
213.0	218.0	1.0
214.0	217.0	1.0
214.0	220.0	2.0
214.0	290.0	2.0
214.0	298.0	1.0
217.0	218.0	1.0
217.0	220.0	2.0
217.0	221.0	1.0
218.0	221.0	1.0
219.0	290.0	1.0
219.0	294.0	1.0
220.0	221.0	2.0
220.0	223.0	5.0
220.0	224.0	1.0
220.0	225.0	4.0
220.0	298.0	2.0
221.0	220.0	1.0
221.0	222.0	1.0
221.0	224.0	1.0
221.0	226.0	2.0
222.0	213.0	1.0
222.0	223.0	2.0
222.0	227.0	2.0
222.0	253.0	3.0
222.0	302.0	2.0
222.0	347.0	1.0
222.0	366.0	1.0
223.0	225.0	2.0
223.0	227.0	1.0
223.0	228.0	2.0
223.0	231.0	1.0
223.0	298.0	1.0
223.0	299.0	1.0
223.0	302.0	4.0
223.0	344.0	1.0
223.0	347.0	1.0
224.0	223.0	1.0
224.0	228.0	1.0
225.0	221.0	1.0
225.0	224.0	1.0
225.0	226.0	3.0
225.0	228.0	4.0
225.0	229.0	3.0
226.0	176.0	3.0
226.0	180.0	1.0
226.0	187.0	1.0
226.0	207.0	2.0
226.0	221.0	3.0
226.0	222.0	2.0
226.0	225.0	1.0
226.0	227.0	2.0
226.0	229.0	3.0
226.0	230.0	4.0
227.0	223.0	1.0
227.0	228.0	1.0
227.0	231.0	4.0
227.0	253.0	1.0
227.0	302.0	1.0
227.0	347.0	2.0
227.0	366.0	1.0
228.0	229.0	1.0
228.0	231.0	2.0
228.0	234.0	1.0
228.0	299.0	1.0
228.0	302.0	2.0
228.0	346.0	1.0
228.0	347.0	1.0
229.0	225.0	1.0
229.0	226.0	1.0
229.0	228.0	2.0
229.0	232.0	1.0
229.0	234.0	2.0
230.0	183.0	1.0
230.0	191.0	1.0
230.0	195.0	1.0
230.0	205.0	1.0
230.0	207.0	2.0
230.0	226.0	1.0
230.0	227.0	2.0
230.0	229.0	1.0
230.0	231.0	3.0
230.0	249.0	2.0
230.0	251.0	4.0
231.0	228.0	1.0
231.0	241.0	1.0
231.0	249.0	1.0
231.0	251.0	6.0
231.0	347.0	3.0
231.0	357.0	1.0
231.0	358.0	3.0
234.0	236.0	2.0
236.0	192.0	1.0
236.0	229.0	2.0
236.0	234.0	2.0
236.0	238.0	2.0
237.0	243.0	2.0
238.0	196.0	1.0
238.0	236.0	1.0
238.0	243.0	1.0
238.0	249.0	2.0
238.0	251.0	1.0
241.0	231.0	1.0
241.0	238.0	1.0
241.0	249.0	2.0
241.0	413.0	1.0
243.0	249.0	1.0
243.0	251.0	1.0
243.0	348.0	1.0
243.0	358.0	1.0
246.0	241.0	1.0
247.0	249.0	1.0
247.0	353.0	1.0
247.0	359.0	1.0
247.0	395.0	1.0
249.0	202.0	1.0
249.0	205.0	1.0
249.0	238.0	1.0
249.0	239.0	1.0
249.0	243.0	1.0
249.0	250.0	4.0
249.0	251.0	2.0
249.0	358.0	1.0
249.0	408.0	1.0
250.0	251.0	2.0
250.0	367.0	1.0
250.0	392.0	4.0
250.0	393.0	3.0
251.0	241.0	1.0
251.0	249.0	2.0
251.0	250.0	1.0
252.0	253.0	1.0
252.0	369.0	2.0
252.0	384.0	2.0
253.0	252.0	1.0
253.0	368.0	1.0
254.0	255.0	1.0
254.0	369.0	1.0
254.0	384.0	1.0
257.0	210.0	1.0
257.0	259.0	1.0
257.0	260.0	3.0
257.0	373.0	1.0
257.0	374.0	1.0
258.0	279.0	1.0
258.0	283.0	2.0
258.0	290.0	1.0
258.0	295.0	1.0
258.0	370.0	1.0
258.0	377.0	1.0
259.0	260.0	2.0
259.0	374.0	2.0
259.0	375.0	1.0
260.0	264.0	5.0
260.0	282.0	2.0
260.0	283.0	2.0
260.0	372.0	1.0
260.0	374.0	3.0
260.0	375.0	1.0
261.0	283.0	1.0
261.0	370.0	1.0
263.0	375.0	1.0
264.0	278.0	1.0
264.0	282.0	2.0
264.0	283.0	2.0
271.0	272.0	1.0
275.0	263.0	1.0
275.0	276.0	1.0
276.0	277.0	1.0
277.0	282.0	1.0
282.0	264.0	1.0
283.0	260.0	1.0
283.0	290.0	2.0
283.0	294.0	1.0
285.0	286.0	2.0
287.0	288.0	1.0
287.0	289.0	1.0
287.0	291.0	1.0
290.0	258.0	1.0
290.0	283.0	1.0
290.0	289.0	2.0
290.0	291.0	1.0
290.0	294.0	1.0
290.0	295.0	2.0
291.0	292.0	1.0
291.0	294.0	1.0
291.0	295.0	1.0
291.0	370.0	1.0
292.0	293.0	3.0
292.0	295.0	1.0
292.0	296.0	5.0
292.0	342.0	1.0
292.0	367.0	1.0
292.0	368.0	7.0
292.0	369.0	2.0
292.0	370.0	3.0
293.0	296.0	1.0
293.0	297.0	1.0
294.0	295.0	1.0
294.0	297.0	5.0
295.0	302.0	1.0
295.0	368.0	3.0
296.0	342.0	2.0
296.0	343.0	3.0
296.0	366.0	2.0
296.0	367.0	2.0
296.0	368.0	2.0
297.0	302.0	2.0
297.0	343.0	3.0
297.0	344.0	2.0
298.0	294.0	1.0
299.0	253.0	1.0
299.0	303.0	1.0
299.0	342.0	1.0
300.0	341.0	1.0
302.0	294.0	1.0
302.0	299.0	1.0
302.0	344.0	3.0
302.0	347.0	2.0
302.0	366.0	2.0
304.0	305.0	1.0
325.0	326.0	1.0
325.0	327.0	1.0
326.0	354.0	1.0
328.0	330.0	1.0
333.0	334.0	1.0
342.0	293.0	1.0
342.0	366.0	3.0
342.0	367.0	2.0
343.0	342.0	1.0
343.0	344.0	1.0
343.0	347.0	1.0
343.0	366.0	2.0
344.0	347.0	2.0
347.0	343.0	1.0
347.0	344.0	1.0
347.0	349.0	2.0
347.0	357.0	1.0
347.0	358.0	1.0
347.0	366.0	2.0
348.0	350.0	1.0
349.0	348.0	1.0
350.0	349.0	1.0
350.0	351.0	1.0
351.0	352.0	1.0
351.0	354.0	1.0
353.0	351.0	1.0
353.0	359.0	1.0
354.0	392.0	1.0
358.0	249.0	1.0
358.0	347.0	2.0
358.0	353.0	1.0
358.0	367.0	1.0
359.0	408.0	1.0
360.0	407.0	1.0
363.0	365.0	1.0
366.0	342.0	2.0
366.0	347.0	2.0
366.0	367.0	3.0
366.0	388.0	2.0
367.0	369.0	3.0
367.0	392.0	4.0
368.0	295.0	1.0
368.0	296.0	2.0
368.0	342.0	1.0
368.0	367.0	2.0
368.0	369.0	4.0
368.0	370.0	3.0
369.0	368.0	1.0
369.0	371.0	1.0
369.0	383.0	2.0
369.0	384.0	1.0
369.0	388.0	1.0
370.0	292.0	2.0
370.0	368.0	1.0
373.0	60.0	1.0
373.0	70.0	1.0
373.0	259.0	1.0
373.0	374.0	1.0
373.0	381.0	3.0
374.0	260.0	2.0
374.0	263.0	1.0
374.0	275.0	1.0
374.0	373.0	1.0
374.0	375.0	1.0
375.0	263.0	1.0
375.0	377.0	5.0
376.0	381.0	1.0
377.0	375.0	1.0
377.0	378.0	1.0
378.0	381.0	1.0
378.0	383.0	2.0
381.0	376.0	1.0
381.0	382.0	1.0
381.0	384.0	2.0
381.0	385.0	1.0
382.0	143.0	1.0
382.0	381.0	1.0
382.0	385.0	1.0
382.0	387.0	2.0
383.0	378.0	1.0
383.0	382.0	2.0
383.0	387.0	1.0
384.0	381.0	1.0
385.0	58.0	1.0
385.0	168.0	1.0
385.0	381.0	6.0
385.0	387.0	1.0
385.0	389.0	2.0
385.0	390.0	1.0
387.0	382.0	1.0
387.0	383.0	1.0
387.0	388.0	2.0
387.0	390.0	1.0
387.0	391.0	2.0
387.0	417.0	2.0
387.0	418.0	2.0
388.0	387.0	2.0
388.0	389.0	2.0
388.0	391.0	1.0
388.0	392.0	2.0
388.0	395.0	1.0
389.0	250.0	1.0
389.0	367.0	1.0
389.0	388.0	2.0
390.0	27.0	1.0
390.0	29.0	1.0
390.0	30.0	1.0
390.0	143.0	1.0
390.0	145.0	1.0
390.0	385.0	1.0
391.0	388.0	1.0
391.0	394.0	1.0
391.0	395.0	3.0
391.0	415.0	2.0
391.0	417.0	2.0
392.0	354.0	1.0
392.0	367.0	2.0
392.0	388.0	2.0
392.0	389.0	2.0
392.0	391.0	2.0
392.0	408.0	1.0
393.0	44.0	2.0
393.0	203.0	2.0
393.0	250.0	2.0
393.0	389.0	2.0
393.0	390.0	1.0
393.0	392.0	2.0
393.0	408.0	1.0
393.0	409.0	2.0
393.0	414.0	1.0
394.0	391.0	1.0
394.0	395.0	2.0
394.0	415.0	1.0
395.0	438.0	1.0
396.0	399.0	1.0
400.0	402.0	1.0
402.0	406.0	1.0
406.0	409.0	1.0
408.0	250.0	1.0
408.0	392.0	1.0
408.0	410.0	1.0
409.0	246.0	1.0
409.0	408.0	1.0
409.0	414.0	1.0
409.0	438.0	1.0
410.0	411.0	1.0
414.0	439.0	1.0
415.0	38.0	1.0
415.0	39.0	1.0
415.0	416.0	2.0
415.0	440.0	1.0
416.0	443.0	1.0
416.0	446.0	1.0
417.0	390.0	1.0
417.0	418.0	1.0
418.0	419.0	1.0
419.0	145.0	1.0
419.0	382.0	1.0
419.0	387.0	2.0
419.0	417.0	2.0
420.0	421.0	1.0
421.0	422.0	1.0
424.0	425.0	1.0
424.0	426.0	1.0
425.0	426.0	1.0
426.0	427.0	1.0
426.0	429.0	1.0
426.0	430.0	1.0
427.0	428.0	2.0
428.0	429.0	1.0
428.0	430.0	1.0
428.0	431.0	1.0
429.0	427.0	1.0
429.0	431.0	1.0
429.0	432.0	1.0
431.0	434.0	1.0
432.0	435.0	1.0
432.0	442.0	1.0
433.0	435.0	1.0
436.0	437.0	1.0
436.0	438.0	1.0
437.0	438.0	1.0
437.0	439.0	2.0
438.0	391.0	1.0
438.0	413.0	1.0
438.0	414.0	1.0
438.0	439.0	2.0
439.0	438.0	1.0
439.0	441.0	1.0
439.0	442.0	1.0
440.0	395.0	1.0
440.0	438.0	1.0
440.0	467.0	1.0
441.0	442.0	1.0
441.0	445.0	1.0
442.0	445.0	1.0
442.0	466.0	1.0
442.0	475.0	1.0
443.0	445.0	1.0
444.0	445.0	2.0
445.0	449.0	1.0
446.0	447.0	1.0
446.0	464.0	1.0
450.0	451.0	2.0
450.0	452.0	1.0
451.0	452.0	1.0
451.0	453.0	1.0
452.0	453.0	2.0
452.0	454.0	1.0
453.0	454.0	1.0
454.0	455.0	2.0
454.0	456.0	1.0
454.0	457.0	1.0
456.0	457.0	1.0
457.0	458.0	2.0
458.0	459.0	3.0
458.0	461.0	1.0
459.0	461.0	1.0
466.0	463.0	1.0
468.0	492.0	1.0
471.0	472.0	1.0
474.0	473.0	1.0
474.0	476.0	1.0
484.0	488.0	1.0
488.0	487.0	1.0
492.0	493.0	1.0
492.0	494.0	1.0
496.0	498.0	1.0
504.0	506.0	1.0
505.0	507.0	1.0
510.0	511.0	1.0
512.0	514.0	1.0
516.0	517.0	1.0
519.0	520.0	1.0
