0	0.265	10.054	10.054	10.054	10.054	9.91	0.0	0.0	0.0	0.0	0.0	4.855	12.917	45.677	47.325	47.092			0.0	0.0		0.0	1.2109999999999999	1.2109999999999999	1.2109999999999999	1.2109999999999999	1.2109999999999999	0.0	0.0			0.0	0.0		0.0	0.0	0.0	1.605	1.605	9.976	95.791	95.791	95.791	95.791	95.152	1.605	1.364	1.3359999999999999		0.244	0.244	0.244	0.244	0.685	0.685	0.0	0.0	0.0	25.224	25.31	25.31	25.31	25.31	1.0659999999999998	0.0	0.0	0.0	0.0	0.0	0.0	2.075	4.364	4.364	4.215	0.0	0.0	0.0	0.0	0.0	0.0	0.0	0.0	0.0	0.0	0.0		
0	0.0	0.0	46.33	49.76	49.76	49.76	49.76	42.883	0.0	0.0	0.0	1.08	1.08	1.08	1.08	0.0	0.0	0.17600000000000002	0.17600000000000002	0.0			2.116	53.06399999999999	53.706	53.706	53.706	53.706	43.635			0.07200000000000001	0.07200000000000001	0.0	0.0	0.016	0.016	0.016	0.016	8.639	97.037	97.037	97.037	97.037	96.37899999999999	0.0	0.0	0.0	0.0	0.0	0.0	0.0	0.0	0.0	0.0	0.0	18.299	65.143	80.214	80.35	80.35	79.373	32.554	1.389	0.0	0.0	0.0	0.0	0.0	0.0	0.0	2.575	2.7760000000000002	2.7760000000000002	2.7760000000000002	2.122	1.527	0.963	0.0	0.0	0.0	0.0	0.0	0.0	0.0	0.0	
0	0.0	0.0	17.369	18.438	18.438	18.438	18.438	13.360999999999999	0.0	0.0	0.0	0.9890000000000001	0.9890000000000001	0.9890000000000001	0.9890000000000001	0.0	0.115	0.305	0.305	0.0			0.0	0.0	0.0	0.0	0.0	0.0	0.0			0.0	0.0		0.0	0.0	0.0	20.084	37.998000000000005	67.267	99.021	99.021	98.99700000000001	98.40899999999999	93.079	0.0	0.0	0.0	0.0	0.0	0.0	0.0	2.5839999999999996	2.944	0.0	0.0	95.679	99.694	99.78399999999999	99.785	99.773	96.17399999999999	77.743	3.0210000000000004	0.0	0.0	0.0	0.0	0.0	0.0	0.0	6.3660000000000005	6.3660000000000005	6.3660000000000005	5.694	0.741	0.122	0.122	0.0	0.0	0.0	0.0	0.124	0.124	0.124	0.0	
0	0.0	0.0	0.601	0.601	0.601	0.601	0.601	0.0	0.0	0.0	0.0	0.0	0.0	0.0	0.0	0.0		0.0	0.0	0.0	0.0	0.0	0.0	0.0	0.0	0.0	0.0	0.0	0.0			0.0	0.0		1.038	1.038	1.038	0.0	0.0	20.178	42.306000000000004	42.306000000000004	42.306000000000004	42.306000000000004	40.855	0.0	0.0	0.0	0.0	0.0	0.0	39.835	40.546	40.196999999999996	0.0	0.0	0.0	1.463	17.645	18.191	18.191	18.191	17.827	7.236000000000001	0.0	0.0	80.932		81.561	81.561	0.0	0.0	0.0	0.0	0.0	0.0	0.0	0.001	0.086	0.086	0.086	70.242	98.738	99.075	98.76299999999999	2.22	0.0
0	3.748	3.748	42.75899999999999	42.75899999999999	42.75899999999999	42.75899999999999	42.75899999999999	3.748	1.176	0.0	0.0	0.147	0.147	0.29	0.29	0.14300000000000002			8.991	8.255	0.0	22.837	22.837	22.837	22.837	22.837	18.518	0.0	0.0			0.0	0.0		0.0	0.0	0.0	7.425	8.952	45.202	84.896	84.896	84.896	84.875	81.63600000000001	0.0	0.0	0.0	0.0	0.0	0.0	0.0	0.0	0.0	0.0	0.0	92.336	98.264	98.29299999999999	98.29299999999999	98.29299999999999	92.705	21.116999999999997	0.8290000000000001	0.01	0.0	0.0		0.0	0.0		4.203	4.203	4.203	0.0	0.0	0.0	0.0	0.0	0.28	8.31	9.14	9.14	1.465	0.491	0.0	
1	0.086	0.086	8.584	29.961	29.961	29.961	29.875999999999998	28.612	0.0	0.0	0.0	0.0	0.0	0.0	0.0	0.0	0.278	0.74	0.74	1.338			1.338	18.625999999999998	18.833	18.833	18.518	18.518	15.030999999999999			0.0	0.0		0.0	0.0	0.0	1.1159999999999999	5.023	21.855	40.115	40.115	40.115	39.994	38.254	0.0	0.132	0.132	0.0	0.0	0.0	0.0	0.0	0.0	0.0	0.001	21.699	85.334	99.561	99.62299999999999	99.624	99.573	97.10799999999999	4.238	0.434	0.0	0.0	0.0	0.0	0.0	0.723	0.723	0.723	0.723	0.0	0.0	0.0	0.0	0.0	0.0	0.0	0.0	0.0	0.0	0.0	0.0	
1	0.405	0.405	75.163	80.699	80.699	80.699	80.635	69.53	0.0	0.0	0.0	1.028	1.028	1.341	1.341	0.314	0.578	0.75	0.75	0.0			0.0	0.0	0.0	0.0	0.0	0.0	0.0			0.0	0.0	0.0	10.368	10.390999999999998	10.390999999999998	17.701	29.816999999999997	63.172	99.505	99.505	99.49600000000001	99.193	94.4	0.0	0.0	0.0	0.0	0.0	0.0	0.0	0.0	0.0	0.0	0.0	39.522	85.52799999999999	93.561	93.615	93.615	93.10700000000001	78.76100000000001	3.112	0.0	0.0	0.0	0.0	0.0	0.0	0.0	4.51	5.207999999999999	5.207999999999999	3.85	1.05	0.584	0.469	0.0	0.0	0.0	0.0	0.0	0.204	0.204	0.204	
1	0.363	0.363	40.311	40.311	40.311	40.311	40.311	0.363	0.0	0.0	0.0	0.0	0.0	0.0	0.0	0.0			22.921	0.0	2.05	0.0	0.0	0.0	0.0	0.0	0.0	0.0	0.0			0.0	0.0		0.0	1.841	2.519	3.009	3.279	13.700999999999999	42.305	42.93899999999999	42.93899999999999	42.637	41.828	1.262	1.262	1.262	0.6829999999999999	0.608	0.0	0.0	0.0	0.0		0.0	0.0	0.22	0.888	0.888	0.888	0.888	0.6679999999999999	0.0	0.0	0.0	0.0		0.0	0.0	0.0	0.0	0.0	0.0	0.0	0.0	0.0	0.0	0.0	0.0	0.0	1.828	8.698	8.698	7.35	0.0	
1	0.36200000000000004	0.36200000000000004	40.3	40.3	40.3	40.3	40.3	0.36200000000000004	0.0	0.0	0.0	0.0	0.0	0.0	0.0	0.0			22.913	0.0	2.049	0.0	0.0	0.0	0.0	0.0	0.0	0.0	0.0			0.0	0.0		0.0	1.8419999999999999	2.519	3.009	3.279	13.698	42.295	42.928000000000004	42.928000000000004	42.626999999999995	41.817	1.262	1.262	1.262	0.6829999999999999	0.608	0.0	0.0	0.0	0.0		0.0	0.0	0.22	0.887	0.887	0.887	0.887	0.6679999999999999	0.0	0.0	0.0	0.0		0.0	0.0	0.0	0.0	0.0	0.0	0.0	0.0	0.0	0.0	0.0	0.0	0.0	1.827	8.693999999999999	8.693999999999999	7.347	0.0	
1	3.5260000000000002	3.5260000000000002	38.419000000000004	38.419000000000004	38.419000000000004	38.419000000000004	35.293	0.159	0.069	0.0	0.0	0.184	0.87	5.517	6.3260000000000005	6.2860000000000005			14.75	2.3369999999999997	0.301	0.0	0.0	0.0	0.0	0.0	0.0	0.0	0.0	0.0	0.0	0.0	0.0		1.27	1.3319999999999999	1.195	35.178000000000004	42.1	47.52	95.208	95.208	95.191	94.814	85.15100000000001	0.5539999999999999	0.547	0.006	0.145	0.145	0.145	0.0	0.0	0.0	0.0	0.0	1.247	4.768	10.033	10.033	10.033	10.033	6.86	0.204	0.0	0.0	0.0		0.0	0.0		0.0	0.0	0.0	0.0	0.0	0.0	0.0	0.0	0.0	0.237	91.34899999999999	94.944	94.944	46.386	1.395	
1	0.0	0.0	0.521	0.521	0.521	0.521	0.521	0.239	0.0	0.0	0.0	0.179	0.179	0.179	0.179	0.249			0.0	0.0	0.0	0.0	0.0	0.0	0.0	0.0	0.0	0.0	0.0	0.0	0.0	0.0	0.0		1.936	0.0	0.0	0.0	0.0	5.528	65.279	76.384	77.335	77.468	77.32300000000001	70.683	69.693	58.148999999999994	0.0	0.0	0.0	0.578	0.578	0.578	0.0	0.0	0.0	5.767	32.183	33.003	33.003	33.003	27.565	10.872	0.0	0.0	0.0		0.63	0.63	0.0	0.667	0.667	0.667	0.0	0.0	0.0	0.0	0.0	0.0	0.0	19.727	85.505	85.505	82.587	0.0	0.0
1	46.095	46.095	48.61	48.528999999999996	47.948	44.605	6.172000000000001	0.292	0.084	0.0	0.0	0.0	0.0	0.0	0.0	0.0			1.8630000000000002	1.252	0.11699999999999999	0.0	0.0	0.0	0.0	0.0	0.0	0.0	0.0	0.0	0.0	0.0	0.0		0.0	0.0	0.0	0.025	0.064	9.969	97.113	97.113	97.113	97.113	95.056	0.0	0.0	0.0	0.0	0.0	0.0	0.0	0.0	0.0	0.77	0.77	0.77	0.6559999999999999	0.0	0.0	0.0	0.0	0.0	0.0	0.0	0.0	0.0		0.0	0.0		0.0	0.0	0.0	0.0	0.0	0.0	0.0	0.0	0.0	0.0	5.016	11.43	11.43	8.716000000000001	0.0	
1	8.957	8.957	45.782	45.782	45.782	45.446999999999996	37.87	0.36200000000000004	0.0	0.0	0.0	0.0	0.0	0.0	0.0	0.0			12.575	11.437000000000001	0.0	0.0	0.0	0.0	0.0	0.0	0.0	0.0	0.0	0.0	0.0	0.0	0.0		0.0	0.027999999999999997	0.032	6.801	8.22	90.596	97.243	97.243	97.235	97.12200000000001	90.63799999999999	0.0	0.0	0.0	0.0	0.0	0.0	0.0	0.0	0.0	0.09699999999999999	0.09699999999999999	15.943	38.417	59.228	59.294	59.294	58.123000000000005	22.191	1.087	0.21600000000000003	0.0	0.0		0.0	0.0		0.0	3.3310000000000004	3.69	3.69	3.69	3.312	1.713	0.0	0.0	0.20199999999999999	0.20199999999999999	0.20199999999999999	35.595	35.595	16.134	
1	0.138	0.138	24.625999999999998	24.625999999999998	24.625999999999998	24.625999999999998	24.625999999999998	0.138	0.0	0.0	0.0	0.0	0.0	0.0	0.0	0.127			7.178999999999999	6.869	0.768	60.635	60.463	60.355	58.957	56.788000000000004	46.092	0.0	0.0			0.0	0.0		0.0	0.0	0.0	5.815	7.042000000000001	36.211999999999996	63.498999999999995	63.498999999999995	63.498999999999995	63.452	55.95399999999999	0.0	0.0	0.0	0.0	0.0	0.0	0.0	0.0	0.0	0.0	0.0	69.791	95.57	95.7	95.7	95.7	88.56700000000001	30.566999999999997	1.202	0.015	0.0	0.0		0.0	0.0		0.17300000000000001	0.17300000000000001	0.17300000000000001	0.17300000000000001	0.17300000000000001	0.0	0.0	0.0	0.0	0.0	0.0	0.0	0.0	0.0	0.0	
1	0.0	0.0	34.694	34.694	34.694	34.694	34.694	0.0	0.0	0.0	0.0	2.615	6.947	87.31	96.89	97.95299999999999			0.0	0.0	0.0	20.309	21.66	21.66	21.66	21.66	17.858	0.0	0.0			0.0	0.0		0.0	0.6609999999999999	0.752	0.968	0.968	85.98	93.27	94.507	94.705	94.65799999999999	93.51899999999999	77.442	71.555	0.0	0.0	0.0	0.0	0.0	0.0	0.0	0.0	0.0	0.0	4.685	46.948	49.577	49.577	49.577	47.852	34.625	0.0	0.0	0.0		0.0	0.0		0.0	0.0	0.0	0.0	0.0	0.0	0.0	0.0	0.0	0.0	0.5670000000000001	0.5670000000000001	0.5670000000000001	0.5670000000000001	0.5670000000000001	
1	2.302	2.302	26.191999999999997	26.191999999999997	26.191999999999997	26.191999999999997	26.191999999999997	2.302	1.3869999999999998	0.0	0.0	0.147	0.147	0.147	0.147	0.0			9.876	9.146	0.0	0.764	0.764	0.764	0.764	0.764	0.644	0.0	0.0			0.0	0.0		0.0	0.0	0.0	6.039	7.314	36.791	64.366	64.366	64.366	64.316	56.698	0.0	0.0	0.0	0.0	0.0	0.0	0.0	0.0	0.0	0.003	0.006999999999999999	97.302	99.35600000000001	99.366	99.366	99.366	92.21	4.155	0.183	0.023	0.0	0.0		0.0	0.0		24.892	24.892	24.892	0.0	0.0	0.0	0.0	0.0	0.0	0.0	14.286	14.681	14.681	5.184	0.0	
