0																-0.7	1.8	-3.5		-3.5	4.5	4.2	2.8		
0																									
0																									
0		-3.5	-3.9	4.5	-0.4	3.8	-1.6	-3.5	1.8	-0.8				1.8	-0.8										
0																									
1											-0.4														
1																									
1																									
1																									
1																									
1	-4.5																							-3.5	-0.7
1																									
1												-0.8													
1													-0.4												
1																			1.8						
1																									
