0	0.0	0.022000000000000002	0.025	0.34700000000000003	14.067	85.50200000000001																																										0.0	0.0										0.0	1.492	0.0	0.0				0.0		0.0	0.0														0.0	0.0	0.0	0.0	0.0	0.0	0.0	0.0	0.0	0.0	0.0	0.0	0.0	0.0	0.0	0.0	0.0	0.0	0.0	0.0	0.0	0.0	0.0	0.0	0.0	0.0	0.0	0.0	0.0	0.0	0.0	0.0	0.0	0.0	0.0	0.0	0.0														0.0	0.0																													
0																																																																																																																																																																			
0																																																																																																																																																																			
0										0.0	0.0	0.0	0.0	0.0	0.0	0.0	0.0	0.0	0.0	0.0	0.22899999999999998	0.22899999999999998	0.22899999999999998	0.22899999999999998	0.22899999999999998	0.22899999999999998	0.22899999999999998	0.22899999999999998	0.0	0.0	0.0	0.0	0.0	0.0	0.0	0.0	0.0	0.0	0.0	0.0	0.0	0.0			0.0	0.0									0.0	0.0	0.0	0.0					1.945	1.8119999999999998	0.0																																																												0.022000000000000002	0.0	0.0																																				
0																																																																																																																																																																			
1																																											0.0	0.0																							0.046			0.129																																																		0.0	0.0	0.0	0.0	0.0																																							
1																																																																																																																																																																			
1																																																																																																																																																																			
1																																																																																																																																																																			
1																																															15.823																																																																																																						0.17600000000000002	0.17600000000000002	0.17600000000000002	0.17600000000000002	0.0	0.0	0.0	0.0	0.0	0.0	0.0	0.0	0.0	0.0	
1							0.0	0.0	0.0																																																																						0.0	0.0	0.0																																															0.0	0.0	0.0	0.0	0.667				0.0	0.0	0.0	0.0	0.0	0.0	0.0	0.0	0.0	0.0																		
1																																																																																																																																																		0.0																	
1																																																		0.0	0.0																																																																																																																
1																																																				0.0	0.0	0.065																	0.0	0.0	0.0	0.0	0.0	0.0	0.0	0.0				0.0																																																																	0.0	0.0															
1																																																																																																																																							0.5670000000000001																												
1																																																																																																																																																																			0.0
