clusterID	value
0	9.936825421999771
1	8.230106264131145
2	7.893899583936579
3	8.435840361990408
4	7.9361397341119515
5	8.323889165207884
6	8.32239412243424
7	8.998023757996947
8	8.774708432901681
9	9.27202215171153
10	7.781419290352696
11	7.355324512998854
12	7.317929353857524
13	6.634926398503863
14	7.277941374448797
15	7.640864562226348
16	7.177632004563005
17	7.5391658993915955
18	8.739325331874083
19	8.432251414251223
20	8.965806789085258
21	8.002302632838415
22	8.085883663942314
23	8.34536743685257
24	8.450852211522875
25	8.32994583126028
26	8.967560524910889
27	7.875205311798933
28	7.790068719566689
29	8.30644227370413
30	7.742087222851996
31	9.197089340865661
32	9.859708937883541
33	8.671448585721855
34	8.459433121760348
35	8.413095934885106
36	8.401758227343151
37	8.518939119336654
38	8.978511916121626
39	9.641854613373066
40	9.47584488043709
41	8.825449489826926
42	8.21628891359704
43	7.708001671287253
44	8.105951084828174
45	9.313664937834943
46	9.16094092693928
47	8.824554035182198
48	8.136802905084703
49	8.677608179661032
50	8.347369507813182
51	8.097699564228158
52	7.939055781887204
53	9.278698024716148
54	8.016897721967132
55	8.384657570104393
56	8.642225000185439
57	10.705572710508275
58	9.05004277460263
59	8.583858168478383
60	9.295713010673468
61	9.312027663859588
62	11.083234168645383
63	9.845782348499394
64	9.444069941439306
65	9.47084867708354
66	9.588247094129361
67	10.928215514865972
68	9.506208577322296
69	7.997776198874735
70	8.39039133359037
71	8.659855511800831
72	8.643978095984451
73	8.250129372377598
74	8.331078728284647
75	8.742321528216323
76	7.660085911341923
77	8.686879497591374
78	9.141141865384913
79	9.025971569628126
80	8.276664810584132
81	7.748427826201618
82	9.349713509414716
83	9.755470413948213
84	9.020979119800964
85	9.239073743527136
86	8.364086678647228
87	8.358163646315733
88	8.259551635254608
89	8.672162207004758
90	8.948049039221328
91	7.836356511078727
92	7.754809399021363
93	7.648093329787002
94	8.236027594422348
95	7.9996465195175634
96	7.633751372900758
97	7.298809343048833
98	6.918397929669206
99	7.577297813213821
100	8.758168582830516
101	8.371631960647642
102	8.50794470931585
103	8.50684535953322
104	8.419396025247671
105	8.257848477566299
106	7.9285634995126415
107	8.036915925371385
108	8.597948945287072
109	8.868894950320165
110	8.477211893797259
111	8.620915709909106
112	10.161351368289425
113	8.679619139171956
114	8.654860651325553
115	7.962907553014867
116	8.822413420188816
117	8.299579012168081
118	8.29333219691778
119	8.391056497013906
120	6.953507980436324
121	7.447466693993661
122	7.346873854768248
123	7.287125671801667
124	7.255616701877392
125	6.990591178715597
126	7.903132887468925
127	8.443180674767436
128	7.194983560010206
129	7.909693457804437
130	8.59221022974251
131	8.91544168146972
132	8.034862380855703
133	7.643005867278864
134	8.401679436216968
135	8.266684871726078
136	8.715343945513458
137	8.088099202675247
138	8.177507380566501
139	7.919625690016634
140	8.200597835078034
141	9.226415045836381
142	10.197945963414202
143	9.1593493934113
144	9.32143278002576
145	9.727605696318383
146	9.52347257152822
147	8.88273344564447
148	9.105538654666942
149	8.811740213891717
150	8.168567412601192
151	10.136503336659263
152	8.5199316287038
153	8.43715872729664
154	7.3754014091376945
155	8.027845148269268
156	7.623594817380788
157	7.270526674448693
158	9.283829735207611
159	8.375939511562466
160	9.695595283752596
161	8.750402763544747
162	8.638201796686788
163	8.086352586779853
164	8.20451097712956
165	9.01688608166347
166	9.256970128042035
167	7.450563711396146
168	8.280816807515933
169	8.60841883154033
170	8.361716962100926
171	8.764458954494565
172	8.600951112873654
173	8.537920559955172
174	8.10121463148381
175	8.975342913003418
176	9.863372893608535
177	9.691141047532808
178	9.278920698609506
179	7.7573246818058115
180	8.537664109695191
181	8.001364373996585
182	9.086954789960938
183	10.381572908057475
184	8.048249793568749
185	8.265528164151021
186	9.147967840993905
187	8.698817553072043
188	7.70658329679047
189	7.425842166951529
190	7.529166916079836
191	8.285820083504978
192	8.821641044835246
193	8.293554368301148
194	8.410110577541447
195	8.165536028364496
196	8.37274360895007
197	8.127483364561671
198	8.535064093483127
199	8.367879266289147
200	8.357541225568681
201	8.322167793871973
202	8.098810957599438
203	8.071893612477005
204	7.542655541055305
205	7.376315802155756
206	7.3085292640490565
207	7.932460732449269
208	8.553440969544631
209	7.622251772563191
210	8.256677924150784
211	7.381442708816021
212	8.819853427249384
213	7.395293322411576
214	8.757777441362986
215	7.504122684697361
216	7.444540423050818
217	7.667027722630333
218	8.04069961973693
219	7.553809635964997
220	7.860655966335733
221	7.952053282594363
222	9.16955475622288
223	8.117950034416506
224	8.76077023592623
225	8.000072310294057
226	8.81024398637836
227	9.113014185524008
228	8.729681773204186
229	9.584898574441011
230	9.752433581298607
231	8.45033253118634
232	8.870892922994988
233	8.655027143671946
234	8.531982017328565
235	8.706133452630342
236	8.894487989157396
237	7.373296918613003
238	7.841054274277686
239	7.134830108068784
240	7.052820321326654
241	8.280208081373448
242	9.007354869456329
243	8.78370036356196
244	8.443389035128162
245	8.251799256270326
246	8.581036068935465
247	8.268924285930076
248	8.099396449263741
249	9.240175162580256
250	8.678699570389995
251	8.231089491828705
252	8.727945730395856
253	9.246594043297005
254	9.684058372245604
255	8.111696444078516
256	8.009582029977716
257	8.310199674385377
258	7.685689656019191
259	8.339263484916778
260	7.637760245201286
261	8.130573621391562
262	8.546513618497237
263	7.24165641179057
264	7.805706561481367
265	7.889435245258255
266	8.200779660009841
267	8.128543716210022
268	8.389571621836646
269	7.964586784908099
270	10.2693824093531
271	8.664355411748796
272	8.420267394714585
273	8.12371958864018
274	8.708752510703436
275	9.04314642813824
276	8.596776992177668
277	8.836078194079427
278	9.050674570540773
279	8.280665857510861
280	8.621781794342258
281	8.227196846798183
282	8.750508514325004
283	8.718038640972548
284	8.99758501103759
285	9.222794532281977
286	9.388981708646552
287	9.684983286529269
288	10.032918601696512
289	9.998880725331679
290	9.909338976678756
291	11.136653818008327
292	9.598490594964332
293	9.997873900547274
294	8.924919642780882
295	7.903199678825065
296	8.057431196171363
297	7.648540366832805
298	7.792989653672824
299	7.438161207364029
300	7.745280548561279
301	8.695506920193509
302	7.70467019480823
303	8.31752427534952
304	8.432880548576405
305	8.07548864977759
306	7.290614986831304
307	7.996561686207768
308	8.372880652958912
309	8.442827223262846
310	7.997708941899093
311	7.871570081858708
312	8.004772726078665
313	8.161645706410724
314	9.302594947768599
315	9.217282406928494
316	8.537470546226288
317	8.760366703647433
318	8.651486356954557
319	8.572941143014548
320	9.821585379868784
321	11.495191307082546
322	9.872484693857126
323	10.427038443644015
324	9.110454525157003
325	9.640779560768582
326	8.995145071653237
327	8.925385798422914
328	9.242096897030669
329	9.656624140694607
330	9.681190788004487
331	8.759455115385267
332	8.779560670809733
333	9.085663222344394
334	8.213592273230983
335	8.38653314447589
336	8.897204266105382
337	8.799408914683703
338	8.543434237959616
339	8.52584969412356
340	7.638733287888816
341	8.079874717121779
342	8.404016544433256
343	8.805945980389144
344	8.030004319719911
345	8.048370767568922
346	7.674111134718403
347	6.855130498954073
348	7.427031297522099
349	7.363024686200092
350	8.12840214281648
351	8.4377774066347
352	9.024413608241419
353	9.74093842054976
354	9.566484258100662
355	8.505806423277726
356	8.721013443592112
357	8.561724286214202
358	7.859124901643403
359	8.027611196816032
360	9.160453106941329
361	9.975572045115287
362	9.272772120521543
363	8.197110605310318
364	8.951720442614837
365	10.30911258013033
366	9.221416038171673
367	9.282759454300106
368	8.832783234281916
369	8.510404166232695
370	8.573484046248883
371	8.583325720912763
372	8.388960253855327
373	8.364858191413575
374	8.296652602220316
375	8.66109172742818
376	7.596814289905662
377	9.187041437807622
378	7.529471666455915
379	8.419765469815713
380	9.063721950053404
381	11.398583334782966
382	10.632888404416896
383	9.809550559327121
384	9.238790747062115
385	8.647422103761672
386	9.186318169449136
387	9.043878370298353
388	8.806899826028179
389	8.51709190066498
390	9.010562194191971
391	8.865848423003412
392	8.951396830491513
393	9.170853005384991
394	7.998114748246651
395	7.449774934157965
396	8.046033618870586
397	8.796253450895966
398	8.985475230660557
399	7.7758869475622365
400	9.345080659852798
401	8.620399777043588
402	9.266020442926031
403	8.533791241670261
404	7.990900650263017
405	8.367181775676059
406	9.320273793327083
407	8.002619860604014
408	9.025396184812166
409	8.831972384037625
410	8.13168591590694
411	9.002163344904634
412	7.833765228898384
413	8.445131116331057
414	9.895529358571432
415	8.084807639203829
416	8.978181171211398
417	9.269904591080106
418	8.139289397541077
419	8.707180464466285
420	8.92050473719285
421	9.25928396757508
422	8.460052019384097
423	9.354419993714089
424	9.19630092342489
425	8.008407497012728
426	9.843914050777956
427	8.74517476253267
428	8.647939899633222
429	8.408620200887372
430	8.279322581963928
431	8.448836310646584
432	9.804029674667731
433	8.395343865899656
434	8.492922840160023
435	9.019493070257047
436	7.368228879689888
437	7.428219723285126
438	7.505665619913686
439	7.167955549002498
440	7.456791157652233
441	7.492293284329142
442	8.382771218971818
443	8.39622843703461
444	9.021529985458308
445	8.702374183816238
446	8.615656650936486
447	8.633380452608002
448	9.373574023666757
449	8.079907515205788
450	7.8805800616223936
451	8.921407676634137
452	10.205716580463948
453	8.537057180614129
454	8.665087139188998
455	7.769032769496816
456	9.076051728775399
457	10.17096304856103
458	9.44685040489222
459	9.649559253938719
460	10.688722269984028
461	9.605723474704158
462	9.64287136332665
463	8.421032122869105
464	9.74864147358032
465	8.717727136256112
466	8.776640076763456
467	7.848977318592391
468	8.141866173866084
469	8.02902426646089
470	7.9667705658134995
471	7.405903872233301
472	8.10581444972475
473	8.18623679556249
474	9.955098225821347
475	9.05965009893329
476	9.440899545421034
477	9.019665662225597
478	8.279519020905258
479	9.09052029259291
480	8.959938960912785
481	10.354544767667887
482	8.79109799697746
483	9.110142676229712
484	9.25338676339564
485	8.531961714305238
486	7.923816859021795
487	9.664533366688062
488	9.976633200189033
489	10.075598262899426
490	9.611138641527598
491	8.99521829587465
492	9.349227481050887
493	8.586098094420814
494	10.041234424401926
495	11.588381931380471
496	10.159740212205126
497	8.889702997389248
498	9.046088817650734
499	8.5973836658211
500	10.15405700993173
501	9.904631570490164
502	8.021489219059191
503	8.406177267673996
504	8.564245936897132
505	9.608776216189028
506	9.600192265629937
507	9.881497174050022
508	9.167061478449547
509	8.73096869623674
510	9.892255152247527
511	8.165264192727651
512	11.549393370825493
513	8.033196589371256
514	9.801999905400356
515	8.713899355500704
516	8.537212770789262
517	10.414461648221067
518	9.893224271794365
519	9.431423913896145
520	11.137761004555268
521	12.476649250079015
522	10.183869856999936
523	9.686114164712228
524	10.215885811490603
525	9.777034851959858
526	9.077427484816145
527	8.666464030265734
528	8.77379422884092
529	8.714046862526121
530	8.647956492776759
531	10.356823095914365
532	8.97139752789897
533	9.011519130885908
534	9.731867509294528
535	9.692654443592316
536	8.666873316700915
537	9.062125620057182
538	9.351095078285526
539	11.28760637648209
540	9.099436193794524
541	8.928803822226449
542	7.7401703228291225
543	8.721936379182216
544	8.819387688068442
545	8.754598628987594
546	8.665918572187259
547	8.400365889924078
548	7.863393082717159
549	9.371126035150844
550	6.696702929157665
551	8.460454837626441
552	8.600931609689422
553	8.166757464464727
554	7.930632890511128
555	8.696506291867667
556	7.963744171941864
557	8.171334256687869
558	8.226047853160232
559	8.432209818694611
560	8.35894095400356
561	8.716464650512203
562	8.857335400650513
563	8.49220358027408
564	9.733015358640051
565	8.73507273671746
566	9.496660316153523
567	8.926753376111511
568	9.442107525849051
569	9.395962956644295
570	8.689523699199567
571	8.855671993761566
572	8.733217397144733
573	8.4522683097931
574	8.472008716547201
575	7.733384596882532
576	8.8083708818836
577	8.932282291095527
578	9.005333414813846
579	9.089489722310063
580	8.316961136673106
581	7.593963390255387
582	7.94916724457597
583	8.371980258070982
584	8.627161369052356
585	8.856747703052452
586	8.762953800489981
587	7.7577485149674335
588	7.500555504109558
589	9.600600942625665
590	9.613590181621355
591	8.320251101140402
592	8.684390229602831
593	8.153391594613488
594	8.399495047547036
595	8.733698459830617
596	8.544493487101105
597	9.580269332817965
598	8.574677595318928
599	8.875093740017332
600	8.840799514971785
601	7.130387684880487
602	8.124099149030755
603	6.602906190083505
604	7.255901576110855
605	8.149479188651089
606	8.518795488455684
607	8.173004328483476
608	8.415506429895226
609	7.505739354985615
610	7.880647383891868
611	8.177899490746587
612	7.776960259110883
613	8.774695738564576
614	9.415255127737744
615	10.521455695831458
616	9.261671105269599
617	9.796984154777483
618	9.29614375685376
619	9.161366165586466
620	8.609430401752112
621	8.722880477704592
622	8.93663295010005
623	8.999482048446822
624	9.223105533237904
625	9.327387468245256
626	9.140668154972001
627	9.433094447436451
628	8.803068879117328
629	8.296224018114824
630	8.65330101335624
631	8.532519306187105
632	8.091797962378735
633	10.33892537339335
634	8.241972720312031
635	8.769372817017908
636	8.679256583519676
637	8.303237789542864
638	8.730250843613238
639	9.195069455496107
640	9.444152331036701
641	9.11037006416809
642	9.05826312064002
643	10.188458284877388
644	9.01042075449951
645	10.007149462515866
646	9.07047687347743
647	8.793045197215271
648	8.928593564074804
649	9.10780635988826
650	9.1411011719182
651	9.248869632432799
652	8.941397487852658
653	8.146604568626746
654	8.332010966579741
655	10.292318295248094
656	9.600872145370674
657	9.547201267962887
658	8.400962477959913
659	8.968250406547996
660	8.197705856774986
661	9.442825946763696
662	10.257833736182096
663	9.390247062075078
664	9.018295724916563
665	9.487962365272935
666	10.15009151181633
667	9.751287202206223
668	8.210889683073708
669	9.620649843291291
670	8.943132313218083
671	8.909292486885471
672	8.400762387186543
673	8.21631415508432
674	9.220890368474349
675	8.350192824019828
676	8.82473770448914
677	9.053490765754525
678	9.241255338133161
679	9.153034867142011
680	8.918893676545437
681	11.934664262884638
682	8.86112498291907
683	8.43379802925584
684	8.702299241447935
685	9.179933345743093
686	9.569076736783204
687	8.197370771449592
688	8.852305148516425
689	8.44830364150139
690	8.904836160331326
691	8.50173794761827
692	8.67622899496648
693	8.584288617883486
694	8.873317944109559
695	8.619092536015835
696	8.871299646641376
697	10.095496868676006
698	11.177579210837017
699	9.683882886838296
700	9.687604739989906
701	9.929223480061422
702	8.708135636201208
703	8.22801378149797
704	9.017316747918231
705	8.46373430016042
706	8.557148754936666
707	9.381231181640413
708	9.368632944084125
709	10.452286860224085
710	10.024688347863101
711	8.929032513353377
712	9.24454848446107
713	8.982979083841215
714	9.573124824133764
715	8.459137355553052
716	10.369522823185838
717	9.287731095099604
718	9.042832060336082
719	8.996520552031992
720	8.52808346088881
721	8.695681070607051
722	8.974302441034236
723	8.498523650947545
724	8.616977501741289
725	8.536831074665395
726	10.475016038642655
727	9.294199361187454
728	10.72228705430776
729	9.811325601424187
730	9.026936279766353
731	9.070358689401383
732	8.565426005178697
733	9.706606422624674
734	8.869618205838837
735	8.416268962220185
736	7.37938177689428
737	8.683945886128377
738	8.736650811995354
739	9.951764925955537
740	7.225671992573064
741	9.154221431038787
742	8.878664374847322
743	8.201369940882817
744	7.639948688214328
745	8.483414074091868
746	8.775871649646163
747	9.399872905962146
748	9.285615964088334
749	9.161328686523406
750	8.85482557603563
751	8.701322246987921
752	9.781642002775316
753	9.6856946557456
754	9.239310614423358
755	9.539151895631697
756	8.862201604138386
757	8.597984051325833
758	8.545753198072578
759	8.970757305931045
760	7.96712547328306
761	7.72527761483551
762	9.002955781513533
763	8.610310542801967
764	9.266505515149891
765	8.856864097294366
766	8.707062548991336
767	8.556347194687367
768	9.345081226137328
769	9.104069512122123
770	8.623129304233174
771	8.595208270849735
772	8.46455574363441
773	8.685455124829485
774	8.9361823060232
775	8.498456742226217
776	8.610099436968682
777	8.135400901904076
778	8.587476949523047
779	10.415053276891712
780	9.717571374298974
781	9.519132060265843
782	7.984835230833349
783	8.236855878398616
784	8.967745328840596
785	8.955338624661227
786	7.743511012318375
787	8.023884366454418
788	7.508801573836287
789	9.130891004445827
790	8.1453715510141
791	8.849564861218782
792	8.987979385901713
793	9.172310335209026
794	9.453815890351489
795	10.64022356975575
796	10.208710755428646
797	8.707296149660856
798	9.107435994191668
799	8.764760604940427
800	8.851667126203662
801	8.27305813819667
802	8.6241608935797
803	9.77293984269975
804	9.461619147877945
805	9.394276574303223
806	9.347038438502437
807	8.379208107813684
808	8.910942366173888
809	8.306222343798932
810	9.085216434869183
811	8.58514345628284
812	8.831985166296013
813	9.102393582418191
814	8.675157435432968
815	8.373879120629883
816	8.488396351432042
817	9.404717905871522
818	9.665260916207352
819	8.694893384725082
820	8.682479498765023
821	9.199225103020286
822	8.918687161822945
823	9.476536355734918
824	9.558428111055738
825	8.46795040395698
826	8.169870766134686
827	8.075679780496618
828	8.912783041056302
829	8.453090114248553
830	8.128476430077097
831	7.432134526888591
832	7.274393226344998
833	7.712594545950422
834	8.442766353571944
835	10.745393626777114
836	9.770307394193928
837	9.705957467123365
838	9.598243551977736
839	9.30964610414404
840	9.550721683008664
841	9.066851211444028
842	9.68945922432938
843	10.093043845170252
844	9.50858685705384
845	10.130691546849837
846	10.014809737885225
847	10.117941447001375
848	9.850823575611283
849	10.393626695332552
850	10.800720202792425
851	9.694660834121953
852	10.616329516482907
853	9.535365418023416
854	9.467507142493526
855	10.666495354429106
856	8.309913948464287
857	9.778297721005336
858	10.357860365541136
859	9.41714345381457
860	8.36258531635609
861	8.812578177459965
862	9.491722387802515
863	10.389141605961292
864	8.603374539627247
865	8.908331066880974
866	9.115481390625872
867	9.57217413505408
868	9.714570111786582
869	9.380064368580353
870	8.265328856116245
871	8.498633570810261
872	9.450722722121489
873	8.757108842335043
874	9.651777802956918
875	10.873033975757783
876	9.626368283841305
877	9.858160705458417
878	9.541504853099942
879	9.069501051536768
880	8.876789879031078
881	8.694115597200545
882	9.725437877632903
883	9.550150065028424
884	8.974972494921078
885	9.206248371362186
886	9.752478788035877
887	8.621612644120514
888	8.848505391508038
889	8.961779116535382
890	9.52919667064762
891	9.504798782854257
892	9.30792270241334
893	8.371660728307376
894	8.8747236663874
895	10.136503336659263
896	10.416662612556955
897	10.623413047804318
898	10.211563611836059
899	10.532735101423045
900	9.937062047256065
901	10.629910046988629
902	10.898056623582217
903	10.099805248402648
904	9.606833623841469
905	8.518191917454184
906	8.728693064688157
907	7.720577060416197
908	9.169957915544327
909	7.708277166295524
910	10.480849818786865
911	9.98135380138459
912	10.006390563614595
913	11.582387689673922
914	10.520560565993526
915	8.737535041554604
916	9.007515505573675
917	7.875509412252692
918	7.959390836373403
919	9.529660777834852
920	8.025311383286796
921	8.144794801667352
922	7.959237528870437
923	8.566912171678368
924	9.22945735873569
925	9.044348441824628
926	9.323172662155372
927	9.19358070669188
928	10.568733642750887
929	9.825655706971615
930	10.166260463839347
931	9.713451606921533
932	10.690576452960453
933	10.162922273948205
934	9.322173005741746
935	9.646926522367643
936	9.709804314050881
937	9.879277587864763
938	9.359483704406594
939	9.060664845462718
940	9.650050989586624
941	10.53009547796526
942	9.488887117386795
943	8.906560516019042
944	9.48298805413004
945	9.167907548160635
946	9.013367508211127
947	9.37658442495717
948	8.748136841826033
949	8.660733033868123
950	9.678182813802781
951	9.269758034666886
952	9.416989609582336
953	10.002021080966776
954	9.64185714041876
955	10.416049118970172
956	11.85262160960982
957	10.33035799082142
958	8.959955365754267
959	9.18901141024391
960	8.824649404603582
961	10.86519364090301
962	10.716116481693177
963	9.478991926965652
964	9.742428569092382
965	10.693016538761084
966	10.909025264583658
967	10.357074505487905
968	9.069414244671949
969	8.725935667111315
970	8.854986161511048
971	9.077679574278514
972	9.786437128733047
973	9.57678943579567
974	10.65288018691733
975	9.364570299428173
976	11.731887159320936
977	10.00479604745147
978	10.13771655490469
979	8.95006139883313
980	9.338056721118573
981	10.218077010731847
982	9.831874901197622
983	9.791059738562549
984	10.002412977092053
985	8.941509222589799
986	8.669065410172955
987	8.991555416625108
988	9.579562690905982
989	10.8999482963316
990	9.857110563312247
991	9.95410052368478
992	10.177424664443143
993	9.55135760979895
994	9.046980639113961
995	8.466117016436504
996	8.62883559806182
997	9.536141817120589
998	9.750210434605052
999	8.863411610797456
1000	9.992743755992915
1001	11.124559207222223
1002	10.187411568145139
1003	8.219022999189683
1004	10.820207849128657
1005	10.004252160715787
1006	9.48132581819152
1007	10.230918418387786
1008	10.187411568145139
1009	10.240276628475609
1010	8.576186300992235
1011	8.874495871406934
1012	9.104210835785791
1013	9.317585331424159
1014	9.430616281242644
1015	11.079603976114203
1016	10.596977794223845
1017	11.277093847049702
1018	10.009576889103629
1019	11.569776711955914
1020	10.05987338294181
1021	11.74483838468531
1022	9.042700662480959
1023	8.746991628712623
1024	9.05307459311949
1025	10.398189936101247
1026	9.570950845213707
1027	9.577846354985082
1028	9.855033596123405
1029	9.418924350172892
1030	12.304040006607947
1031	9.263949095184973
1032	9.272824808383945
1033	12.211802617228683
1034	10.317131716496704
1035	9.318480969999564
1036	8.824639638764115
1037	9.649973410359541
1038	9.686200718684434
1039	10.069392433036125
1040	10.241272442036639
1041	10.587441788568812
1042	9.514863314847396
1043	9.942692505732566
1044	9.435047398952726
1045	8.520787869420321
1046	9.440690972091193
1047	8.605145128158613
1048	9.261408485996265
1049	9.648696819043446
1050	8.833149949215027
1051	9.877487605783333
1052	9.190010035351204
1053	10.229868624154868
1054	9.026936279766355
1055	9.7743489964142
1056	10.916101873279253
1057	12.76110876156274
1058	10.176283951365768
1059	8.832593421659894
1060	9.183197346983908
1061	8.78205182952124
1062	10.055597015966073
1063	9.526584841410791
1064	8.449457458146178
1065	10.218528288686878
1066	9.82280804639792
1067	9.024748701991939
1068	9.841720844404385
1069	9.894976385114608
1070	9.987952864828861
1071	9.110923085978047
1072	8.825260098073906
1073	9.120389636347399
1074	10.28890458171578
1075	10.219930035320042
1076	10.493144683714581
1077	10.191728554709432
1078	11.24901923158129
1079	10.160157697267218
1080	9.711565897233138
1081	9.163328815705588
1082	9.201599465149108
1083	8.481989565338125
1084	10.504567543827761
1085	9.568879250596492
1086	10.051847730884477
1087	9.872584117183706
1088	9.531952344421512
1089	10.228520975109827
1090	9.292034302247107
1091	10.578604515580237
1092	10.35488705800679
1093	10.808169947769834
1094	9.884219294064142
1095	10.116099681228716
1096	9.266313629745643
1097	10.13785275475108
1098	10.308874859462405
1099	10.336018543886595
1100	11.335803056143824
1101	11.28675851264378
1102	10.115701461175398
1103	9.86686178735297
1104	10.371449656515244
1105	10.99117167072129
1106	11.06644229570925
1107	10.096430234374505
1108	8.87716576228134
1109	9.277348686986198
1110	9.833977310513713
1111	9.181679113500312
1112	9.747264160862386
1113	8.508088351742403
1114	10.226494047917186
1115	9.463652519069777
1116	10.190048298757604
1117	9.648158155668359
1118	10.524216696203055
1119	9.995465345244108
1120	9.62341608512563
1121	10.066975429974697
1122	10.31450998151304
1123	9.743636888743108
1124	10.995634046820769
1125	9.916196638153618
1126	8.710777941639863
1127	9.043936953196368
1128	10.981931830257752
1129	9.163077662987277
1130	10.410999561137235
1131	10.720979145235816
1132	9.108852724840409
1133	10.017599492946092
1134	9.781564254986042
1135	9.714088802342426
1136	9.978521218846215
1137	10.14974376500751
1138	11.490459244838874
1139	12.979761880292875
1140	11.48895432141073
1141	10.35810972875536
1142	10.861457251514155
1143	10.68569672912525
1144	10.940953817999095
1145	10.401808416371349
1146	10.886037806107156
1147	10.313438328246948
1148	9.519132060265845
1149	8.445744328220476
1150	10.295771283021422
1151	9.978572520587944
1152	9.336600557232146
1153	8.536100398591426
1154	7.575169448949421
1155	9.075025369705363
1156	8.620788110621602
1157	9.665046909848321
1158	9.068836945832041
1159	8.712713312756076
1160	11.287260474202283
1161	9.495669206072353
1162	10.545469498091034
1163	9.972541642726316
1164	10.1817493204168
1165	9.699565238191408
1166	10.60940373131054
1167	10.902110845146352
1168	11.644872633407081
1169	11.54373388902409
1170	10.769760440826147
1171	9.732054444569629
1172	9.547163463304084
1173	9.621397289030273
1174	10.094120164090208
1175	10.471164423287803
1176	10.20297358111108
1177	10.413762208883242
1178	9.745976460671663
1179	9.791932829260436
1180	9.672863177597721
1181	9.299465762122276
1182	10.545444467977841
1183	10.186000374911481
1184	10.295268286321942
1185	10.35325865364421
1186	10.066975429974697
1187	9.998328916513666
1188	10.150080854564902
1189	9.174109522518465
1190	9.032373401844119
1191	9.31444845085803
1192	11.69625490443698
1193	10.457820615353297
1194	9.387743053674667
1195	9.992552957492325
1196	10.48264562008019
1197	10.61976837509284
1198	9.247029258578323
1199	8.892874672863593
1200	10.206657778101532
1201	9.470516571901307
1202	8.839351637701412
1203	8.131829786272212
1204	8.062731438743695
1205	9.330498937634436
1206	9.120693771020111
1207	9.798946869555005
1208	9.079028511355423
1209	10.700448199986836
1210	9.382656050991
1211	9.277138127133732
1212	9.625675707070808
1213	9.090467875093356
1214	9.750696882845304
1215	10.83255092089292
1216	9.987952864828861
1217	10.137028501847375
1218	11.087458071726722
1219	9.209130641708317
1220	9.506216538938581
1221	10.565227513403439
1222	10.545271323800526
1223	10.462267313570578
1224	11.69873812089432
1225	11.380146518436682
1226	10.170722623337365
1227	10.075111292638347
1228	9.876386216990245
1229	11.533845107732379
1230	11.831788290002098
1231	10.966764256427915
1232	9.621803017223304
1233	9.694640084742334
1234	11.12436253430068
1235	10.538751097940679
1236	10.374779014397145
1237	10.753168446061583
1238	9.941527342940336
1239	9.900744840868104
1240	11.58654537226879
1241	9.876337426574725
1242	10.077256375378614
1243	10.901065152316878
1244	11.495191307082546
1245	9.804586187820895
1246	9.99095175364308
1247	10.279376374986615
1248	10.66692716655465
1249	9.822515433543241
1250	10.802287785866728
1251	9.781057156442678
1252	9.937128805732842
1253	10.991140141825493
1254	10.77160508879678
1255	11.836912520816146
1256	10.965354314302168
1257	12.790598136337744
1258	10.777788944020708
1259	10.698718361395397
1260	11.462022424403608
1261	9.149063164122257
1262	10.30714546742495
1263	11.74177594061264
1264	10.641596670404477
1265	10.60267544323536
1266	8.926961957491063
1267	10.752388440446477
1268	8.963444146898137
1269	9.527346833233326
1270	9.468167514929885
1271	9.03276923866658
1272	10.278033176444966
1273	10.27111102954077
1274	9.640833315050472
1275	11.840440973632344
1276	10.593611332083835
1277	11.036847842149687
1278	11.28726047420228
1279	10.660627874589574
1280	11.4915910520232
1281	10.437180482415773
1282	10.084139505425517
1283	11.534104009384578
1284	12.685948507584834
1285	11.605863460629497
1286	12.772645673069729
1287	9.99977624647959
1288	9.624332696786631
1289	8.98263257423066
1290	9.387366481309932
1291	9.945915372588088
1292	10.377856526785013
1293	9.552166810576322
1294	11.26382725387206
1295	10.728782428567488
1296	11.980753557042036
1297	9.47648227672169
1298	9.237281925541529
1299	10.454687540605212
1300	9.863427649213252
1301	9.269703544721558
1302	10.775568613880823
1303	10.458192281758786
1304	11.019556649340982
1305	12.391885301454264
1306	9.748908776959215
1307	10.685934051511664
1308	9.754015587097966
1309	10.913511800084748
1310	11.212510739378775
1311	11.472263389936012
1312	9.94554908617082
1313	11.901164191551365
1314	10.450781082157384
1315	10.496045087388293
1316	9.938580397094986
1317	10.324822990834699
1318	10.441100356115708
1319	11.89521412591778
1320	10.129605994442645
1321	11.630347730205777
1322	10.090992535071074
1323	9.578708923874906
1324	9.382706514862132
1325	10.438514073695167
1326	11.46869799141401
1327	13.24046625203279
1328	10.703930483847646
1329	11.212510739378775
1330	10.257928558600748
1331	11.371898990317497
1332	9.810185364215279
1333	9.849151613236977
1334	9.405527847457831
1335	10.648498875823833
1336	9.4363935716101
1337	10.567067604073245
1338	11.844066478224486
1339	9.809838110292738
1340	11.145433933092704
1341	10.262214184967913
1342	10.057120861827926
1343	9.900854086959274
1344	11.099107203905435
1345	11.275306692685731
1346	9.653102546314212
1347	9.029167359515363
1348	10.289057101028293
1349	9.720615028323296
1350	10.438514073695167
1351	12.090013514969714
1352	11.436338676293055
1353	11.495191307082544
1354	12.253914540431303
1355	11.212510739378775
1356	10.809372886422668
1357	12.484963600617952
1358	11.099107203905435
1359	12.131430763136878
1360	12.790598136337744
1361	11.462022424403608
1362	9.720272080478173
1363	10.25711363010484
1364	10.79904157854356
1365	9.890640863117387
1366	11.493867383352372
1367	9.405825129408015
1368	10.949607734258421
1369	11.560767359871358
1370	12.211802617228685
1371	10.8999482963316
1372	12.400763048910111
1373	9.183197346983908
1374	9.920281932249248
1375	10.019980248001069
1376	10.1504008797222
1377	11.195004517712034
1378	11.374814400442848
1379	10.5436348497896
1380	12.304040006607947
1381	11.836912520816146
1382	12.304040006607947
1383	10.314681892941072
1384	11.23097336421696
1385	11.29714925549399
1386	11.462022424403607
1387	10.655261197250994
1388	11.297649329440665
1389	12.581298878831925
1390	11.657137424497428
1391	11.094986524790192
1392	12.13026122957199
1393	10.727901292140013
1394	11.013682620803458
1395	11.472263389936012
1396	11.01446868779022
1397	11.195004517712034
1398	13.031166994526972
1399	12.131430763136878
1400	11.891275410259656
1401	11.287606376482092
1402	12.858557751055903
1403	13.622374753009678
1404	11.46898415420058
1405	12.408689635360856
1406	10.567119581662668
1407	12.62880463684384
1408	11.42044157225904
1409	11.158184609869284
1410	10.904933707120946
1411	12.386218665150201
1412	11.459095372908875
1413	11.559487711813905
1414	11.6758068621226
1415	11.848449432323138
1416	11.095159289307622
1417	11.892641472257322
1418	11.703122139962808
1419	12.304040006607947
1420	11.527689458920975
1421	11.318181388177717
1422	10.155834040211586
1423	10.552391644995229
1424	11.53634214255122
1425	12.397755576657193
1426	11.608594842555888
1427	11.914499675233158
1428	12.761108761562738
1429	11.007829073501018
1430	11.384345638085367
1431	11.935657456283895
1432	12.026781134383969
1433	11.836912520816146
1434	12.026781134383969
1435	12.408689635360856
1436	12.079428680556504
1437	10.355481579492753
1438	9.708070828653346
1439	10.085969028816121
1440	10.805493260438038
1441	11.657137424497428
1442	11.608594842555888
1443	11.891275410259658
1444	13.690334367727838
1445	13.135816623279881
1446	11.662496472894631
1447	10.66692716655465
1448	13.364063740606404
1449	12.790598136337744
1450	9.657831325582286
1451	9.741616298794401
1452	12.195667247542561
1453	11.145389910011252
1454	12.731986198555422
1455	11.549393370825495
1456	11.395781318778386
1457	11.81652567543615
1458	11.87202491603431
1459	10.885619697401776
1460	12.057589899396678
1461	12.131430763136878
1462	11.8541718909129
1463	12.408689635360856
1464	12.16406719667172
1465	11.058022164614169
1466	11.181115868641003
1467	11.472263389936012
1468	11.980753557042036
1469	12.753908122302994
1470	12.408689635360856
1471	10.576049173097129
1472	11.394639289813197
1473	11.27139202441539
1474	12.473426689110958
1475	11.212510739378775
1476	10.974240555919758
1477	11.855179476085985
1478	10.949607734258421
1479	10.517427696907635
1480	11.662496472894631
1481	13.031166994526972
1482	10.735314184821856
1483	9.962592651694791
1484	12.560151299848831
1485	12.155169604963554
1486	12.963207379808813
1487	13.135816623279881
1488	13.3451158807857
1489	10.357074505487907
1490	11.287606376482092
1491	12.513339264113766
1492	12.858557751055903
1493	11.35440266378099
1494	12.53005970137609
1495	12.772225566548684
1496	11.658501494862115
1497	12.304040006607947
1498	12.199390377855037
1499	10.413025740647296
1500	12.131430763136878
1501	12.131430763136878
1502	12.533588154192289
1503	12.790598136337744
1504	13.24046625203279
1505	12.963207379808813
1506	12.685948507584834
1507	11.81652567543615
1508	7.573124181807854
1509	10.159445317626902
1510	7.162748001730318
1511	8.599118625877649
1512	7.145633885916092
1513	8.343782003388565
1514	8.847995069743433
1515	6.566356825730714
1516	8.837551105365451
1517	9.029255958182056
1518	8.358776283695745
1519	8.193399545765724
1520	7.419736044217311
1521	7.980436729957172
1522	8.090652006061116
1523	6.467428463777005
1524	9.263018889748233
1525	8.199151132567543
1526	8.161711237761338
1527	7.951421876630916
1528	8.609160566730246
1529	7.6164719086038595
1530	8.396236601691271
1531	8.384310774550803
1532	7.351342509914754
1533	7.3716282999275435
1534	9.067625715681494
1535	8.601010695041438
1536	7.799556994459627
1537	9.37969929544814
1538	8.341887963758584
1539	6.916036674187595
1540	7.319636261044542
1541	8.488753394715207
1542	7.758046363028701
1543	8.036340813787579
1544	7.766425286153446
1545	7.401290729305741
1546	8.027162766512225
1547	6.8920390158892975
1548	7.568262953401476
1549	8.112451003823844
1550	7.951851496448132
1551	7.327336451285541
1552	7.333837056412815
1553	7.389038787986454
1554	8.674699942463494
1555	7.617901459931484
1556	7.5726813826520765
1557	8.336617367173968
1558	7.481336394666805
1559	7.291091328942345
1560	7.50327323017636
1561	7.238729502923274
1562	7.093310482356854
1563	6.14280000143538
1564	7.620497699952672
1565	8.624734257689559
1566	5.910505275486583
1567	7.6422829243789385
1568	7.424386620158214
1569	9.29031868873497
1570	6.872534928639051
1571	6.722300235769534
1572	8.553425355003569
1573	7.680088733929244
1574	8.150076064837434
1575	6.819194999139606
1576	7.158361504621261
1577	7.338438123252068
1578	7.893482783941549
1579	8.10753053311573
1580	8.118702584438617
1581	7.3094126018389645
1582	7.616250822896135
1583	6.911954288013072
1584	8.336426234275079
1585	6.875001690096587
1586	7.858343277427728
1587	7.723407653654153
1588	6.048051137431134
1589	6.895049387924136
1590	6.105288548071742
1591	7.848528853326342
1592	7.466918515408674
1593	6.55241042398732
1594	7.156112620102366
1595	6.454648338765731
1596	8.091722515467342
1597	7.803992531109373
1598	9.145268677178102
1599	7.321629990507239
1600	7.527931938465169
1601	7.819058213934575
1602	7.637270774157891
1603	7.495771200147696
1604	8.396458606002483
1605	6.595086828940664
1606	7.338242387978997
1607	6.586858180547907
1608	7.239934883967398
1609	7.420792044516416
1610	8.985575193449002
1611	7.259174627798284
1612	7.110212295003214
1613	7.256072867956416
1614	6.64916545398281
1615	6.393250044971109
1616	6.458487329602644
1617	7.262480912008035
1618	7.24311797943976
1619	7.378293984795346
1620	8.048911742333098
1621	7.612388991999912
1622	6.950824231753906
1623	7.1375832501106835
1624	7.3758946949192845
1625	6.7897266401678245
1626	8.13166889201192
1627	8.000539230711055
1628	6.897980344062704
1629	9.182186213080037
1630	7.465761584340205
1631	8.220321388135845
1632	5.925504067755857
1633	7.668859103246592
1634	7.9648546442153805
1635	7.929317111066535
1636	8.480428641837806
1637	7.434851282595724
1638	7.639504957580763
1639	7.336784887593814
1640	7.2998182958678095
1641	7.104943815930924
1642	8.239125484282772
1643	8.063079900911045
1644	7.275092629099735
1645	7.489366107207903
1646	7.468069206231242
1647	7.059257015777471
1648	6.722849481201447
1649	7.053903032037313
1650	7.21018303781678
1651	7.477290714749529
1652	7.307031731647475
1653	6.913002098728311
1654	6.446930563195644
1655	7.583268110524866
1656	7.47416919234209
1657	9.361253716305749
1658	6.384550650881877
1659	7.7701833995633045
1660	6.881128223702495
1661	7.211776792268523
1662	7.351956336244992
1663	6.50475267056598
1664	7.346860423509467
1665	7.15236656490817
1666	6.963834417809584
1667	6.648094202821065
1668	8.150973195876562
1669	6.988312448935806
1670	9.053670024830696
1671	7.295604890198558
1672	8.029999112146736
1673	9.644524793578121
1674	7.389099191654236
1675	7.432301341775606
1676	7.30041928158829
1677	8.128964933586197
1678	7.411626288346904
1679	7.249632501798126
1680	7.1453090588593415
1681	7.9372903242890365
1682	7.125106481078367
1683	7.136577893793873
1684	6.683855639006985
1685	7.738777827730668
1686	7.779468080729421
1687	6.7661050468026716
1688	7.186619879787461
1689	6.7322469771887805
1690	7.374679810892262
1691	9.24391486669612
1692	6.535566091650424
1693	6.875161366569182
1694	7.290631753848295
1695	7.49256094015992
1696	7.381654141947548
1697	6.07442546287349
1698	7.417933986409573
1699	7.342404959369336
1700	7.155374654624789
1701	7.1563317862258895
1702	7.167538932094594
1703	6.508145410389902
1704	7.6764915567571
1705	5.917726952041088
1706	7.303678193494611
1707	5.963338157089927
1708	6.862109687746427
1709	8.17826921939497
1710	7.347286631986381
1711	6.757442772538445
1712	7.199244253221014
1713	8.968315164909498
1714	9.229666685466073
1715	8.04629704601276
1716	6.926479571195539
1717	6.791533519699495
1718	8.05339918799975
1719	6.563254135778287
1720	7.637469868366434
1721	7.837799508396237
1722	6.305372496415224
1723	7.2862741960077
1724	7.534737448787904
1725	6.787849241127743
1726	6.161803504871623
1727	7.744976135312788
1728	7.440802006726075
1729	6.40756649411648
1730	8.653021701824366
1731	7.049047482665392
1732	8.741594812527765
1733	5.9949585291509875
1734	6.7600407686955695
1735	7.394711660909849
1736	7.60083739506509
1737	6.6946339559189205
1738	7.8347179734045085
1739	6.463137675645845
1740	7.230783082943585
1741	8.217054960823546
1742	5.899006069611865
1743	7.130940969548092
1744	6.588866924829492
1745	7.128563621228305
1746	7.668931736773927
1747	5.304168148025489
1748	7.285166935577981
1749	7.699189947846501
1750	6.644115870449361
1751	7.790009903059262
1752	6.60626527507649
1753	6.810287464500759
1754	7.42842284462239
1755	7.451451616617916
1756	6.576031489943578
1757	6.237825982320781
1758	7.608517599214862
1759	6.581027426307995
1760	5.718086728173203
1761	7.547020012103919
1762	6.6140497377328975
1763	6.81929990141375
1764	7.686740019813828
1765	6.855255368723294
1766	8.061033789707189
1767	7.386000384709082
1768	6.322654359902525
1769	8.765453680346404
1770	6.260600150034329
1771	7.433477375804926
1772	6.51117431971227
1773	7.042773678250959
1774	7.530895038016539
1775	6.410788839991262
1776	9.064442534386954
1777	7.718785470143729
1778	6.7578991353353315
1779	6.871342807001737
1780	7.940256407118797
1781	7.503735442406335
1782	6.71789791808783
1783	7.105890071694459
1784	7.874306850604322
1785	7.865317982936466
1786	6.818969145585267
1787	7.366173884786289
1788	7.084056324823534
1789	6.484341641379354
1790	6.429848909635971
1791	5.818316921886996
1792	8.542922961400468
1793	7.539396591028176
1794	6.427489217030731
1795	6.852433522714113
1796	6.456434265168687
1797	9.683304527737906
1798	6.960723395392304
1799	7.8964818937013765
1800	6.979193848002183
1801	7.423248436573244
1802	8.380872154132652
1803	5.554000261127074
1804	8.890600348919364
1805	6.444404074227682
1806	7.163300323222605
1807	6.599854722893492
1808	6.784806409276698
1809	8.104533603442881
1810	6.446816866932877
1811	6.688967026638819
1812	6.6397038056974775
1813	6.621838932791564
1814	6.565689989489453
1815	6.9896785412054
1816	6.919301024140912
1817	8.660929156073028
1818	7.2689532478837595
1819	5.875186229813521
1820	7.639521928408157
1821	7.118513863320226
1822	7.068440722850246
1823	7.755370937522792
1824	6.76405002524479
1825	6.802866153266873
1826	6.573551446944007
1827	6.9978970085821235
1828	6.5235010304053365
1829	7.69660148024766
1830	6.914001984384338
1831	7.372429799413597
1832	8.330225884114752
1833	7.171532725286836
1834	7.9635583399473
1835	6.52701613661166
1836	6.9010119278158495
1837	6.566542623348912
1838	6.297089190044126
1839	6.2071560581403125
1840	6.854147283316236
1841	6.794781851081959
1842	7.387055452934291
1843	6.6175065502729336
1844	5.857024636188515
1845	6.758433572081794
1846	7.017465353027895
1847	8.866863583863628
1848	6.239424303326811
1849	7.644970954613305
1850	6.529710348065141
1851	7.162439952975735
1852	6.692937751021718
1853	6.646738639467432
1854	6.358104081554673
1855	6.855958127375095
1856	5.8316628386829
1857	6.237884907993753
1858	6.946633725194763
1859	6.825586765959808
1860	8.961412367072437
1861	7.1890430503619935
1862	6.755201932589723
1863	7.34508791771004
1864	7.814741548399333
1865	6.284091675341813
1866	6.9159896594238806
1867	8.302758565389732
1868	6.937135504059833
1869	6.943417085463828
1870	7.0530986095170904
1871	5.030229117060283
1872	8.590344557018911
1873	6.717073385294217
1874	6.096129589408848
1875	6.995836784669351
1876	8.407456944114674
1877	7.614541522799277
1878	7.16829373422499
1879	5.78943725879277
1880	7.066203796546601
1881	6.8398841740091
1882	6.338482595431353
1883	6.966716524074603
1884	5.924172271074365
1885	6.4761006591461125
1886	7.129116648203551
1887	8.268461301391321
1888	6.902073378672506
1889	7.163044165490838
1890	7.697612594302349
1891	6.205799075648917
1892	7.036493375369358
1893	6.257315647629459
1894	7.111269706979387
1895	6.250580468456737
1896	5.305822274378562
1897	7.657328818237389
1898	6.321398403830097
1899	6.3460440319934985
1900	6.605649545872434
1901	8.420927526469455
1902	7.859856284488018
1903	5.401761243680106
1904	5.934243099783307
1905	7.31536244764853
1906	6.3606231341294945
1907	7.626719976264523
1908	7.380562762294812
1909	6.498322069622332
1910	8.139528948954297
1911	6.5403530805055485
1912	5.8198599982062
1913	7.50854889018172
1914	6.823533130357827
1915	6.875927887975896
1916	6.535627300163492
1917	6.959001832420606
1918	6.229829465859911
1919	6.434979289117425
1920	7.6454450882683185
1921	6.542601222912126
1922	8.082071869137353
1923	8.232977325892348
1924	7.551286283289517
1925	7.509910783790331
1926	6.6489788867199255
1927	7.125411633409501
1928	6.167123153038213
1929	6.605593800317791
1930	8.297434734962428
1931	7.692920140576579
1932	7.3569863350542315
1933	7.537129099909665
1934	6.92127945262544
1935	6.183231214531986
1936	6.780789010359072
1937	5.785553457688307
1938	5.451648752932709
1939	6.110405320130495
1940	7.068395719930903
1941	5.1269374813200415
1942	7.752847987147074
1943	5.726543751534578
1944	7.827423192662933
1945	5.949909950217645
1946	7.357251013836633
1947	6.449422112852693
1948	7.033340331956001
1949	6.856753481265695
1950	6.564511228926465
1951	7.194250004500689
1952	7.06820741196754
1953	7.658121729439042
1954	8.113907478465546
1955	6.727488979738861
1956	6.727496983964633
1957	6.694641817076229
1958	6.752438022620339
1959	6.863652549694651
1960	6.532355517952271
1961	6.1782661877878375
1962	7.255370735190463
1963	5.957654670437066
1964	6.198560937282649
1965	6.295089555188608
1966	6.338386259289742
1967	6.4334334105296325
1968	7.004804260924585
1969	6.808377541614947
1970	7.619231951547383
1971	7.295472823414517
1972	7.513768998992406
1973	5.863222048892148
1974	7.269706746331647
1975	5.35563012068876
1976	7.127403159538522
1977	6.489087330018872
1978	6.623583658108357
1979	6.368309925168801
1980	6.1216390921270625
1981	7.112505677531701
1982	5.769064089410204
1983	6.12556225270259
1984	6.2178046770631745
1985	6.692722619428153
1986	6.561085959089391
1987	6.181698511735199
1988	6.205880906145266
1989	7.034674771878695
1990	7.21127141318162
1991	5.825046562650899
1992	7.605417415172474
1993	6.065066121769539
1994	6.403655675458149
1995	7.273978171149161
1996	6.156038055260211
1997	5.783976845299211
1998	6.755175128315656
1999	8.034710250161464
2000	6.166299587679506
2001	6.31468725208696
2002	6.436551282858815
2003	6.96031760805789
2004	6.906415024162235
2005	4.609229325064845
2006	7.621771238908835
2007	7.041466207888568
2008	8.593133712702802
2009	6.169594217302159
2010	6.945358505172422
2011	6.730628465810873
2012	7.533519963854176
2013	5.925825786814345
2014	7.456717998398133
2015	8.460215706647404
2016	6.504225238321022
2017	6.429580783688232
2018	6.101086998969814
2019	6.889135454745448
2020	7.133716192533695
2021	5.050174414915562
2022	6.514872838177295
2023	8.816702845105972
2024	6.282098687930521
2025	7.012749500058943
2026	6.467052992468632
2027	7.181712999914014
2028	7.934266612396244
2029	6.9317164550295445
2030	6.821233586948973
2031	6.629548648223518
2032	5.9576912151704775
2033	6.279554254685838
2034	6.318964536768661
2035	8.27571803178379
2036	6.2773693576923435
2037	6.23266032898769
2038	6.106860073196888
2039	6.785128584962033
2040	6.488890280796369
2041	7.527861017817051
2042	5.0986855487574205
2043	6.713782706958741
2044	7.776891174725048
2045	6.195270430605398
2046	6.969356494541524
2047	8.210354083224743
2048	6.784300806593059
2049	6.359864417242403
2050	7.466464221038583
2051	5.942723325701497
2052	5.313237314773849
2053	6.253425242133856
2054	6.3440110421406954
2055	9.253470112151703
2056	6.766522082700749
2057	5.129611517633319
2058	6.899359846059504
2059	5.972903509772093
2060	7.747157977147694
2061	8.031555108281145
2062	5.107124084894116
2063	6.4541055401171015
2064	5.934232731319535
2065	6.710451992296056
2066	5.652296270367646
2067	7.717140932895358
2068	6.820748029220037
2069	7.658720408054718
2070	7.851541334271693
2071	6.413042292283853
2072	6.672786884106285
2073	6.268451116636534
2074	6.78244397830127
2075	6.883468610637214
2076	6.690850043687521
2077	6.409610121833584
2078	6.236613671569943
2079	6.2117389681123765
2080	7.299713947206474
2081	5.878155772776289
2082	6.0338882765880655
2083	6.97499727859512
2084	6.829520766192105
2085	5.726068098504994
2086	7.076505069544765
2087	8.033677920411751
2088	6.044054078582703
2089	6.567825799828979
2090	6.171670466168479
2091	7.739780028879465
2092	4.71035343306864
2093	6.168433946473961
2094	5.495477260099285
2095	7.249228461734475
2096	6.863994892312946
2097	7.013910534958997
2098	6.047670006068103
2099	5.690711861919752
2100	5.276600068781997
2101	6.975387080696562
2102	8.707608914098344
2103	5.530030563462509
2104	5.580238693993621
2105	5.833594083009988
2106	6.823516739986969
2107	5.4178273761083595
2108	6.934099270011517
2109	6.761331539578404
2110	7.6010783915688
2111	5.694561279981084
2112	7.615691117257965
2113	5.977767228331222
2114	6.560694898581216
2115	5.755592512719852
2116	6.731591346443642
2117	6.2405870079619445
2118	5.556032679180621
2119	6.511991057378889
2120	6.444852065849901
2121	6.187318043103641
2122	5.369540218308747
2123	6.2038683630335605
2124	5.937154198636891
2125	5.395309788549828
2126	6.4198598928488515
2127	5.352150789314512
2128	7.01092592216728
2129	5.233423403393675
2130	6.9675083109875935
2131	6.414308806268705
2132	6.738823795531639
2133	5.409599872485959
2134	5.069566121205556
2135	5.768352951631016
2136	6.433272858073441
2137	5.875318474937552
2138	5.428118700933639
2139	6.208956475522998
2140	6.653213195835633
2141	5.669420528370971
2142	5.514632341022883
2143	6.9272994204981675
2144	7.919946960012497
2145	5.451054051271409
2146	6.242797478810209
2147	5.867313085158256
2148	5.6874056247374245
2149	5.741492182368653
2150	7.135338265197463
2151	6.456257570889289
2152	4.887380727880072
2153	6.1828492748891355
2154	5.946813251008761
2155	5.425750746857782
2156	6.3076028222874925
2157	6.591654629982159
2158	6.261986541475533
2159	5.351649871609028
2160	5.661734199689403
2161	5.432376314126236
2162	6.216723391310337
2163	6.391886427083521
2164	6.3136634713562785
2165	6.921318537904903
2166	6.730430735819342
2167	8.578114552340661
2168	5.277902080323013
2169	5.656339663052153
2170	7.65548287637149
2171	5.573006731918033
2172	5.85826438003088
2173	5.728278623344955
2174	5.400816830748019
2175	7.140533654087548
2176	7.869310893413379
2177	6.189457211775826
2178	6.8443714090482395
2179	5.658546060506141
2180	5.88157557565931
2181	7.400235926367028
2182	5.648368099947145
2183	5.987854280856476
2184	5.6957486309713
2185	6.800048172892383
2186	5.936345297416975
2187	6.216362150802978
2188	7.466816033965824
2189	6.130604959006961
2190	6.428194512907792
2191	5.500042209526048
2192	6.354116676577309
2193	6.375623024421119
2194	6.233488213541149
2195	6.629802108149362
2196	7.170018483702261
2197	7.406281375804133
2198	6.08000915425899
2199	6.416719558634963
2200	5.678942606272137
2201	5.219647086949925
2202	6.345454436719584
2203	4.733333222804632
2204	7.26364358128596
2205	6.696494410130635
2206	6.144417784273112
2207	6.305887030033631
2208	5.914352095359936
2209	6.225058914159051
2210	5.527737835221054
2211	6.098832314146273
2212	6.436225313008272
2213	5.745205930257946
2214	7.37832185728095
2215	7.017136787930005
2216	6.372590692110041
2217	6.719604385398809
2218	6.930978812041216
2219	5.106317144861026
2220	6.124039417049184
2221	6.493471412865783
2222	6.772980981083656
2223	6.603567400400102
2224	6.202397392754942
2225	6.658846518252807
2226	5.322625667998454
2227	6.128247877458016
2228	7.279845093115617
2229	6.441643530688461
2230	5.899624779973765
2231	6.337011651985727
2232	6.662720400317822
2233	5.167040036464217
2234	7.62274540275045
2235	5.849699597317768
2236	7.223054320860901
2237	6.326070975025897
2238	6.276395535287932
2239	6.608777407242409
2240	4.920649113751247
2241	6.7022406000482855
2242	5.71677828153162
2243	6.079721631780246
2244	5.5353641312982536
2245	5.293425493079944
2246	4.97997977563721
2247	6.118473411879705
2248	5.619444514244515
2249	5.599545283765011
2250	6.530586690230491
2251	5.708750047636284
2252	6.650506605195606
2253	6.97904943387374
2254	5.511107329703237
2255	6.108397445446671
2256	5.832960841690696
2257	3.898493784083382
2258	5.588529081661084
2259	4.861308786911122
2260	5.355946230139523
2261	6.865355243631231
2262	6.46391788840338
2263	5.6899345751699855
2264	5.419255611644853
2265	6.585079366524274
2266	5.629898942256366
2267	4.911212408684271
2268	4.443816539564094
2269	4.634215072176228
2270	4.544468113190584
2271	5.424215328967909
2272	6.631905376349209
2273	6.331988035918962
2274	4.7690727152808785
2275	6.3852692415998815
2276	5.0017162906769705
2277	6.750460181612382
2278	5.116034258973199
2279	6.249314463219369
2280	5.394180446665985
2281	5.948258794435112
2282	6.00451603199817
2283	7.023441486500918
2284	5.124198219846597
2285	7.2652525375983785
2286	6.446870669307388
2287	5.722996746547549
2288	7.633667060002738
2289	7.879973368834009
2290	5.221042145089629
2291	5.007776775900627
2292	6.014917432537188
2293	4.413470132574591
2294	5.553517531501491
2295	6.136445914041246
2296	4.974508722792329
2297	6.4027159268275105
2298	5.700857120839269
2299	6.027946893614455
2300	6.235592251111036
2301	7.74739931691128
2302	5.999205413332687
2303	6.6394427589952025
2304	5.407303878779471
2305	5.357263969995158
2306	6.138632251902322
2307	4.424592980910706
2308	5.44948213346143
2309	6.351979260227811
2310	6.179316747609671
2311	5.143719374043499
2312	6.298099239172281
2313	5.5497055748840385
2314	6.150111218858271
2315	4.779707052850728
2316	5.121507473209061
2317	6.081804561883238
2318	7.15051389781761
2319	5.1045291302867515
2320	6.0429310606554765
2321	4.850103561993492
2322	5.4637061322119305
2323	4.241588011956402
2324	5.867680698222747
2325	4.432362635368394
2326	6.0949561643004735
2327	6.184986807217202
2328	4.604858235403691
2329	6.045883480176235
2330	4.276670730907594
2331	5.193577977714023
2332	6.664382831055697
2333	5.492658466569935
2334	7.222410511216854
2335	5.3323287636061805
2336	6.070337873819669
2337	6.730560073004571
2338	5.014339259846748
2339	5.683132392275652
2340	5.537423776438754
2341	6.628880236722912
2342	6.481104997552622
2343	4.1690152946647085
2344	6.042977905840087
2345	5.979343580998561
2346	4.914672927419038
2347	5.492955950767551
2348	7.106090215818614
2349	5.10814879839349
2350	6.574345513958953
2351	4.696303772835001
2352	5.864638270908473
2353	5.176316156529711
2354	6.880358234175467
2355	5.876282240343901
2356	4.958025090292164
2357	6.0921499175116045
2358	4.505093341920293
2359	5.630071937219479
2360	5.684509476095238
2361	5.659294337193572
2362	5.067338289672659
2363	5.672496607935681
2364	6.993888587263374
2365	4.886570968428222
2366	7.3063714184438275
2367	4.77337320458752
2368	4.955677090841549
2369	4.390178926197569
2370	6.3183641842395195
2371	7.485924485348647
2372	4.7626860643963305
2373	6.630445574541416
2374	5.41315396074607
2375	6.438539039461595
2376	5.7881766560477494
2377	4.532253389640974
2378	6.620320338121683
2379	4.902428082840512
2380	5.292838175236779
2381	5.186683256840166
2382	5.831056260330513
2383	5.224055520839893
2384	8.07637057326519
2385	6.67434510522688
2386	4.043320406869258
2387	5.686930270507114
2388	5.517207136003673
2389	6.201048245771483
2390	5.575198281696473
2391	5.248206923247087
2392	5.270938382997091
2393	6.285539733980746
2394	7.705373997619878
2395	4.933957875203737
2396	3.9571495850110954
2397	5.040983625815727
2398	4.203793464383825
2399	5.847918135053623
2400	6.544329667370445
2401	5.108587342614529
2402	4.545772013130728
2403	5.253385109578105
2404	5.307916891379767
2405	6.080566432129447
2406	5.241223728413994
2407	4.944337080099403
2408	5.8168564365056525
2409	6.922445609465772
2410	6.655177766407414
2411	6.266353598374608
2412	5.288896020053035
2413	6.364480101889824
2414	5.152458934214713
2415	4.844963701572807
2416	5.233568895053342
2417	5.758355372878389
2418	4.708997842795052
2419	4.998318473645146
2420	5.224013063007035
2421	6.434312096505792
2422	5.9616379781721855
2423	4.881424904911821
2424	4.279186507019082
2425	6.5964664581952706
2426	6.059367649255263
2427	5.457290783980599
2428	4.96932868605951
2429	6.629755505936963
2430	5.395574673183316
2431	4.658548043557509
2432	4.956501897557137
2433	7.063163532937834
2434	5.444851525579688
2435	5.491274015881516
2436	7.367731092498131
2437	6.013654547011099
2438	4.218497642588992
2439	5.505166906631665
2440	4.014597234879883
2441	5.05601130708947
2442	5.96789116762176
2443	5.35555934512981
2444	4.774175037937805
2445	5.186728100625555
2446	6.713637345049284
2447	4.761201695912834
2448	5.388433058817498
2449	4.666772481103143
2450	5.80772499252692
2451	6.888070742852637
2452	5.136472981730697
2453	5.416484353136241
2454	5.135278207788085
2455	4.658878164366493
2456	4.1241393997537035
2457	5.549878237623142
2458	5.531119854180973
2459	5.0824966239330855
2460	4.824218795617718
2461	3.8346973276476333
2462	5.004848971475339
2463	4.726451919974445
2464	5.745836862894004
2465	6.943934502859647
2466	4.353525273211632
2467	5.833271707815296
2468	5.233281848010727
2469	5.089295050523888
2470	5.143782006482434
2471	4.938737292684484
2472	5.9600846029476395
2473	4.957314998564451
2474	4.305893841226311
2475	4.888497522928532
2476	5.242588847672289
2477	6.827166820315475
2478	4.518558925006516
2479	4.742250361728864
2480	4.962991481893121
2481	5.843439273019216
2482	5.88152603810044
2483	4.774264550150255
2484	5.159703665208241
2485	3.8340069299338952
2486	6.777358427150039
2487	5.241559670008662
2488	6.109784148029219
2489	4.590197619910366
2490	4.770183404498631
2491	7.612109350397897
2492	5.6496000780777305
2493	4.85159866835464
2494	5.766607035764753
2495	4.835987544207752
2496	4.414427912893238
2497	5.168360466989315
2498	4.849342179370456
2499	6.663531197961156
2500	4.497269747149436
2501	4.840758602054311
2502	5.297702926719888
2503	4.824858732968858
2504	3.7501512271136246
2505	4.819953561104344
2506	6.712837369030575
2507	5.758950373538642
2508	4.386088211915019
2509	5.613402314217479
2510	4.704287890963795
2511	4.790506381238317
2512	4.98269699938019
2513	6.232197072571411
2514	5.675376458998096
2515	4.646784794563047
2516	4.045620026044206
2517	5.0673112991450875
2518	5.677443163065201
2519	6.2022545977703984
2520	4.934505988097042
2521	5.4677382843749545
2522	6.398414090194004
2523	5.769825705354668
2524	5.268729112264358
2525	5.84677546775204
2526	5.269656547085282
2527	4.357007965772101
2528	3.6266647165917147
2529	5.606783290482423
2530	4.745828601505728
2531	4.951914544939382
2532	4.989916494837333
2533	4.755357645736881
2534	4.906878321960149
2535	5.105202086586237
2536	6.725792720815302
2537	5.548926341004854
2538	4.792355976939298
2539	3.681113388829182
2540	5.866513504285811
2541	7.0484319454716395
2542	4.647355566070938
2543	5.977612726117393
2544	5.972173750828841
2545	4.436528684859728
2546	7.295993515834762
2547	5.155459151991746
2548	4.865194242340275
2549	5.961523764615414
2550	3.487189322068769
2551	4.519311019523792
2552	4.508381338068402
2553	4.909411821162005
2554	3.7188718588028884
2555	3.7289636282878487
2556	4.329479942294845
2557	4.940771323495589
2558	3.8702169766275847
2559	4.480417810365502
2560	4.080249306013467
2561	6.237256579296325
2562	4.883001800060388
2563	5.774228386035693
2564	4.914634321611262
2565	5.508170578392019
2566	4.664634730929722
2567	5.425347993527696
2568	4.23629521784026
2569	5.5867394486161706
2570	3.882785924417547
2571	6.184990818554057
2572	4.676289422463421
2573	4.8813411803723445
2574	4.1958890175041805
2575	3.8447389144378064
2576	3.530888441729514
2577	5.268446469887503
2578	5.270856901689301
2579	4.201233241797057
2580	4.165219578483496
2581	4.524746112676475
2582	4.346233293538479
2583	5.558280177333868
2584	4.83157886910648
2585	7.095741281610543
2586	4.885310610108963
2587	4.970957783287625
2588	6.07754095522258
2589	5.702579406139028
2590	5.174084355826411
2591	4.02485204736735
2592	3.9060847720573735
2593	5.1398204163089485
2594	4.340545780787427
2595	4.373488327946328
2596	4.1378234151499775
2597	4.996556582957759
2598	4.536580519150828
2599	5.140667698252379
2600	4.308031967438836
2601	4.656455314669113
2602	4.091239858689178
2603	4.540334825108808
2604	5.583364014383344
2605	4.538400168322385
2606	4.490602729592014
2607	4.943463946912237
2608	5.794766195780587
2609	5.266282371548558
2610	5.573445875193771
2611	4.495280401164203
2612	3.5454187575623024
2613	5.001842575608126
2614	4.005934598318562
2615	4.047670446619382
2616	4.955796351897876
2617	4.2305747833517175
2618	4.901229464109336
2619	5.455073821728991
2620	4.421072192508229
2621	4.219956850738523
2622	5.005872819255028
2623	5.400184791767689
2624	4.600810235782995
2625	4.536514075458419
2626	4.46112328372252
2627	4.059914078331767
2628	4.549655326551405
2629	4.505004352275128
2630	3.9939912837173637
2631	3.709755864631762
2632	3.9166622806117433
2633	5.599398510481993
2634	5.013621340719254
2635	5.263630220672296
2636	3.7107927115977177
2637	4.314333718636504
2638	4.483420413235759
2639	5.037591626368108
2640	4.8789714335156695
2641	4.409050981135628
2642	5.752374373741199
2643	3.619478681860374
2644	4.687326306096978
2645	4.648519894479932
2646	7.456975103263896
2647	6.861394745830776
2648	4.655836487151458
2649	3.9913828815656838
2650	4.18246037999816
2651	4.3182083341664335
2652	3.4541551024155743
2653	3.598143110610935
2654	4.216302297418112
2655	4.115918030856086
2656	5.0901172003012025
2657	4.1952208286292585
2658	4.213855189797377
2659	4.61842231337489
2660	5.103431292407251
2661	5.160429486052822
2662	6.931890557307213
2663	5.5367738913231435
2664	3.761671716565444
2665	3.9972766726550133
2666	4.142770513701283
2667	4.3978290551506065
2668	3.9303836349408194
2669	4.574299369118233
2670	5.369286520602929
2671	5.334928017905734
2672	3.7874497178796855
2673	4.464858403365428
2674	4.478035018376565
2675	3.739608072382302
2676	4.3137827895242555
2677	4.283114841538438
2678	3.93443029544858
2679	3.6222210267497412
2680	3.2480682958842073
2681	3.5049710064744826
2682	5.0843473573707
2683	4.557231447452255
2684	4.727928094036291
2685	3.7998971294313524
2686	4.394548866190868
2687	5.940520935308854
2688	3.0920720106714414
2689	4.435489937779854
2690	4.76375312437037
2691	4.756146767557922
2692	3.9620960992723617
2693	3.462184662835779
2694	3.7973071937967933
2695	3.742718015775626
2696	4.382687739345359
2697	3.7819710924624967
2698	4.844547554949659
2699	4.39069617111941
2700	3.1334424150050997
2701	3.3613789707119883
2702	4.73736589979155
2703	4.995616748295195
2704	4.366084724311682
2705	6.325942339366044
2706	6.903779925982484
2707	4.631627157294469
2708	3.283727988917736
2709	5.728036433041693
2710	5.401588096112887
2711	3.672815622902443
2712	6.469751107432781
2713	3.9318204284483964
2714	4.015718890725125
2715	3.882379056465955
2716	3.662401579785504
2717	3.23108774710645
2718	5.055666815895214
2719	4.46330699448284
2720	4.858830776130906
2721	4.062334533474247
2722	5.415404101983103
2723	3.5197003883583244
2724	4.69097174898301
2725	6.131170901587118
2726	4.649299805015863
2727	3.9738567010663273
2728	3.8218635482067667
2729	4.182743756321835
2730	4.3670801778563515
2731	2.9604973849135043
2732	4.99752858473839
2733	3.3139491427389265
2734	3.32450870598018
2735	4.826983425115089
2736	3.737887682189765
2737	4.1842705826640225
2738	4.629262340387545
2739	3.6528761946591968
2740	4.160399189898877
2741	3.3828972308489504
2742	4.8455357993853045
2743	4.326392753881608
2744	3.2814466638936244
2745	3.3970385023995866
2746	3.7238188318244014
2747	4.245018449525881
2748	3.5605254483748716
2749	4.942235138995709
2750	4.308610477621072
2751	6.247500818996997
2752	3.219170305264005
2753	3.8769059552801886
2754	3.5949208537995343
2755	3.6395329857334784
2756	4.023929428570915
2757	4.350631663292907
2758	2.872472526162296
2759	3.5108662558137227
2760	3.684793281822792
2761	4.954218688981896
2762	3.502523203563533
2763	3.9955801723717763
2764	3.112027099817008
2765	4.048466082155448
2766	3.0454771722788414
2767	5.942418701493312
2768	3.747136666515855
2769	3.648537870821744
2770	3.2634802938741383
2771	4.606640704397776
2772	3.657376910123884
2773	4.351166925595711
2774	3.6178953378979264
2775	4.698996342915915
2776	5.2877489091105865
2777	3.6511382587795436
2778	3.580495153187031
2779	6.091816286607877
2780	3.116432214315628
2781	3.164022684802164
2782	4.41225970301914
2783	2.7699229560879792
2784	7.330657958177577
2785	3.86541862247855
2786	4.233899822028883
2787	3.0772414825436467
2788	3.305018329671262
2789	4.152538859865432
2790	4.148900526441974
2791	4.257993220859827
2792	2.8909334438595926
2793	3.394736532717693
2794	5.407315894049425
2795	3.572231512587467
2796	3.2367498246948423
2797	4.873934352567723
2798	6.1871997646116235
2799	5.248329820960455
2800	3.173875920902237
2801	3.154852896406557
2802	7.543453721704721
2803	2.6963926156867637
2804	5.284332949890813
2805	3.7975177431776452
2806	3.53181960058188
2807	4.290679563000099
2808	3.334465034777548
2809	3.232174911150673
2810	3.4424762629445147
2811	7.421085299161447
2812	4.0577211476452995
2813	4.63305512631003
2814	3.5954572576146573
2815	4.853508557372363
2816	3.1662010414478563
2817	4.178214535189278
2818	3.411342874660803
2819	2.717768184204289
2820	2.8192474861373493
2821	4.322298832799461
2822	3.4011460877945794
2823	2.620109316818073
2824	4.9941692623076435
2825	4.992136458939665
2826	2.9112332834471344
2827	2.971824680889492
2828	3.725130389814547
2829	3.909548284365521
2830	3.1511657288092114
2831	3.5795728476219244
2832	3.43766069192974
2833	2.846086986128888
2834	3.5382561722182335
2835	2.988880456366259
2836	3.5462965749006456
2837	2.78017827835859
2838	3.9911940416120153
2839	3.6673273295697038
2840	2.830748469562538
2841	3.611823347813213
2842	4.769296211255053
2843	4.138315019062217
2844	3.8732757579381305
2845	3.3545128814557943
2846	2.7377186149550305
2847	3.8649805609620898
2848	3.4081958312087477
2849	3.3946013434197617
2850	2.984372829982967
2851	2.701623086582045
2852	3.5093187601476603
2853	4.007815814715638
2854	2.739902962272932
2855	2.974340868065694
2856	3.241255744219562
2857	2.48396995532429
2858	3.920520142443117
2859	2.7787209324789974
2860	2.9058931012124884
2861	3.110029706035599
2862	3.0857777633542964
2863	3.7477047098250065
2864	2.578624788935656
2865	3.4472478986753647
2866	4.245368520060317
2867	3.006147359269657
2868	2.422814230922055
2869	2.9800918763658126
2870	3.83843749767312
2871	3.308841530093484
2872	2.9959353384408325
2873	2.8719081425443
2874	2.4241673409201345
2875	2.747848891269387
2876	3.3501440777305267
2877	2.6381308731133655
2878	3.1518489980964985
2879	6.5729584846641815
2880	2.6342973506241543
2881	2.524266625181843
2882	4.32851121087417
2883	3.264080051440475
2884	2.680305365775382
2885	2.293981357854869
2886	4.012706285832081
2887	3.00753245541855
2888	2.9460656353772605
2889	3.0237087651960595
2890	2.7916024716018484
2891	3.9895145652055386
2892	2.884575327803926
2893	2.7943641821868885
2894	2.483950916462553
2895	2.751201721471373
2896	3.5690951631685275
2897	2.497080741918144
2898	2.7168668518125623
2899	3.2470817595035624
2900	5.388181880453048
2901	2.9024275257715595
2902	3.1489581638938926
2903	4.40784460758141
2904	3.451511524097064
2905	2.8321922067485903
2906	4.117041568130163
2907	2.8648544214529714
2908	3.205694166318625
2909	2.597289055653272
2910	2.824055001505601
2911	2.5796394291104185
2912	2.3637856317388812
2913	2.326401594961693
2914	2.3488523905912357
2915	4.337700220180684
2916	2.554693223333223
2917	2.3582961738518913
2918	3.647159861302971
2919	2.851556142741808
2920	2.7547451677129025
2921	2.9077352383453348
2922	2.9430692199994386
2923	2.2447104369547337
2924	2.5875174055844155
2925	3.1703212048462457
2926	3.1278244934854844
2927	6.396711660721301
2928	2.4086974087801845
2929	3.043947884404316
2930	2.873218724303635
2931	2.433507809235057
2932	3.8774324398086715
2933	3.298316671343014
2934	3.1832080777523535
2935	2.1685010243564444
2936	4.0244259448002015
2937	2.1943392751709294
2938	3.3744557012233103
2939	2.7464439126339086
2940	3.106315913911956
2941	2.976067264466388
2942	2.566507196496161
2943	3.6266803414118773
2944	2.761890510592113
2945	2.780288357172673
2946	2.5687213398580098
2947	3.0403132610872565
2948	2.317063159563958
2949	2.476761657875763
2950	2.5747818604878074
2951	2.382780259883857
2952	2.087046448115175
2953	2.7833839423682027
2954	2.6201677486150907
2955	2.8662091800266145
2956	2.555188518968121
2957	1.9564439118373405
2958	1.7466110714935756
2959	2.734038752756917
2960	2.3316448098455393
2961	3.9041856912856607
2962	2.5008471192872612
2963	1.944084647258145
2964	2.2434517511547662
2965	1.889435181831003
2966	3.4996466448911248
2967	1.959995036603222
2968	2.6677213781735194
2969	2.1817818079122437
2970	2.2425540834783986
2971	1.7331256609104235
2972	2.400610320363722
2973	1.8643185392065305
2974	1.7872648905643072
2975	2.9307800016166654
2976	2.441652599774392
2977	1.9164379669252156
2978	2.3632468829670916
2979	1.757655082659718
2980	1.427189969381332
2981	1.5350406951724742
2982	1.8325633369821932
2983	1.2899341831549376
2984	1.7288362437692002
2985	1.4378608279942484
2986	1.6392816303647488
2987	1.4654653480610547
2988	2.434331731533187
2989	1.204733827024425
2990	1.3706727658547204
2991	1.5092455784746308
2992	2.1487914351546205
2993	1.1642317076464748
2994	1.9366811058762101
2995	1.3523739775209176
2996	1.1349837704203196
2997	1.233902359680246
2998	1.2953394763745307
2999	1.2475744698175624
3000	1.4361802703719837
3001	1.1161960610284654
3002	1.006613681072813
3003	1.2005903912507971
3004	1.1270685122534245
3005	0.9916318872713554
