clusterID	value
0	0.08
1	0.39
2	0.73
3	0.88
4	0.63
5	0.91
6	0.91
7	0.23
8	-0.22
9	-1.01
10	-1.49
11	-1.19
12	-1.3
13	-1.15
14	-0.8
15	-1.09
16	-1.07
17	-0.89
18	-0.83
19	-0.16
20	-0.18
21	-0.43
22	0.1
23	-0.09
24	0.29
25	0.48
26	0.22
27	-0.28
28	0.43
29	-0.52
30	-0.24
31	-1.19
32	-1.24
33	-0.21
34	-0.52
35	-0.27
36	0.26
37	-0.6
38	-0.56
39	0.01
40	-0.3
41	-0.39
42	-0.75
43	-0.9
44	-1.07
45	-0.58
46	-0.28
47	-1.15
48	-0.6
49	-0.63
50	-0.85
51	-0.38
52	-0.67
53	-1.07
54	-0.21
55	0.37
56	0.74
57	1.22
58	0.4
59	0.03
60	0.67
61	-0.42
62	-0.65
63	-0.98
64	-1.64
65	-1.17
66	-0.4
67	-0.97
68	-0.33
69	-0.07
70	0.72
71	0.64
72	0.32
73	0.48
74	0.8
75	0.06
76	-0.66
77	-1.16
78	-1.22
79	-1.15
80	-1.75
81	-1.19
82	-1.44
83	-0.13
84	0.4
85	0.58
86	0.52
87	0.13
88	-0.44
89	0.25
90	-0.55
91	-1.11
92	-0.99
93	-1.35
94	-0.92
95	-0.51
96	-1.46
97	-1.17
98	-1.12
99	-1.3
100	-1.19
101	-0.7
102	-0.69
103	-0.48
104	-0.89
105	-0.06
106	0.54
107	-0.28
108	-0.48
109	-0.2
110	-0.47
111	-0.07
112	-1.28
113	-1.22
114	-0.35
115	-0.88
116	-0.92
117	-1.07
118	-1.24
119	-1.55
120	-1.39
121	-1.69
122	-0.77
123	-0.78
124	-0.58
125	-0.76
126	-0.73
127	-0.76
128	-0.78
129	-1.46
130	-0.98
131	-1.18
132	-1.0
133	-0.81
134	-1.23
135	-1.37
136	-0.49
137	-0.58
138	0.16
139	-0.32
140	-0.12
141	0.12
142	0.6
143	0.21
144	0.23
145	0.29
146	0.06
147	0.22
148	0.2
149	0.33
150	0.47
151	-0.38
152	-0.96
153	-0.94
154	-1.48
155	-1.26
156	-1.23
157	-2.0
158	-2.15
159	-2.08
160	-1.01
161	-1.32
162	-1.0
163	-0.83
164	-0.26
165	0.12
166	0.6
167	0.76
168	0.56
169	1.12
170	0.25
171	0.38
172	0.04
173	-0.53
174	-0.61
175	-0.05
176	0.28
177	0.58
178	0.77
179	0.51
180	1.08
181	0.52
182	0.78
183	0.85
184	0.96
185	-0.06
186	0.17
187	-0.33
188	0.22
189	-0.3
190	-0.48
191	-0.3
192	-0.3
193	-0.3
194	-0.23
195	-0.66
196	-0.68
197	-0.39
198	-0.99
199	-0.8
200	-0.24
201	-0.82
202	-1.09
203	-1.24
204	-1.56
205	-0.95
206	-0.61
207	-0.62
208	-0.25
209	-0.34
210	0.58
211	0.13
212	-0.33
213	-0.44
214	-0.58
215	-1.11
216	-0.61
217	-0.48
218	-0.31
219	-0.91
220	-0.95
221	0.14
222	0.61
223	0.12
224	0.02
225	-0.04
226	-0.09
227	0.68
228	0.77
229	0.85
230	0.39
231	0.12
232	0.58
233	0.51
234	0.9
235	1.0
236	0.22
237	0.17
238	-0.32
239	-0.46
240	-0.39
241	-0.86
242	-1.18
243	-1.01
244	-0.3
245	0.03
246	-0.31
247	0.23
248	0.28
249	0.43
250	0.28
251	0.42
252	0.43
253	0.24
254	0.18
255	-0.24
256	-0.41
257	-1.07
258	-1.41
259	-1.6
260	-1.76
261	-2.21
262	-1.67
263	-0.41
264	-0.21
265	-0.63
266	-0.76
267	-0.9
268	0.18
269	-0.14
270	0.05
271	-0.49
272	-0.73
273	-0.45
274	-0.11
275	-0.17
276	-0.28
277	-0.65
278	-0.19
279	-0.39
280	-0.72
281	-0.92
282	-0.88
283	-0.08
284	0.5
285	0.71
286	1.07
287	0.65
288	0.91
289	1.0
290	-0.04
291	-0.4
292	-0.89
293	-1.39
294	-1.67
295	-1.61
296	-1.68
297	-2.16
298	-2.27
299	-1.28
300	-1.59
301	-1.39
302	-1.23
303	-0.27
304	-0.03
305	-0.06
306	-0.68
307	-0.35
308	0.62
309	0.25
310	0.15
311	-0.07
312	0.45
313	0.62
314	0.02
315	-0.41
316	0.14
317	-0.54
318	-0.59
319	-0.97
320	-1.42
321	-0.79
322	-0.61
323	-0.09
324	-0.57
325	-0.17
326	0.39
327	0.46
328	0.61
329	1.18
330	0.69
331	1.16
332	0.5
333	-0.41
334	-0.23
335	-0.95
336	-0.77
337	0.03
338	-0.93
339	-1.16
340	-0.19
341	0.19
342	0.1
343	-0.4
344	-1.0
345	0.01
346	-0.06
347	-0.91
348	-1.22
349	-1.03
350	-0.88
351	-1.3
352	-2.01
353	-1.72
354	-0.88
355	-0.8
356	-0.38
357	-0.5
358	-0.62
359	-0.25
360	-0.01
361	-0.64
362	-0.07
363	-0.82
364	-0.87
365	-0.82
366	-1.33
367	-1.15
368	-1.31
369	-1.93
370	-1.3
371	-0.67
372	-0.07
373	0.18
374	0.68
375	0.69
376	0.44
377	0.32
378	-0.57
379	-1.27
380	-1.39
381	-1.54
382	-1.47
383	-1.34
384	-1.1
385	-0.89
386	-0.38
387	-0.59
388	0.45
389	0.1
390	0.66
391	0.8
392	0.71
393	0.39
394	-0.01
395	-0.56
396	-0.39
397	-0.47
398	-1.55
399	-0.84
400	-0.45
401	-0.3
402	-0.27
403	0.12
404	0.33
405	0.39
406	0.05
407	0.36
408	-0.3
409	0.3
410	-0.5
411	-1.19
412	-1.24
413	-0.71
414	-1.84
415	-1.19
416	-1.82
417	-1.99
418	-1.61
419	-0.91
420	-1.21
421	-0.99
422	-0.88
423	-1.01
424	0.02
425	-0.46
426	-0.56
427	-1.13
428	-0.7
429	-0.65
430	-0.48
431	-0.34
432	-0.73
433	-0.48
434	-0.64
435	-0.8
436	-1.05
437	-1.97
438	-1.32
439	-0.78
440	-0.95
441	-0.52
442	-0.57
443	-0.29
444	-0.11
445	-0.84
446	-1.18
447	-0.68
448	-0.4
449	-0.22
450	-0.13
451	-0.57
452	0.29
453	-0.32
454	-0.42
455	-0.98
456	-0.46
457	-1.18
458	-0.83
459	-1.57
460	-1.42
461	-1.38
462	-1.3
463	-0.9
464	-0.28
465	-1.8
466	-0.75
467	-0.53
468	-0.67
469	-0.05
470	-0.49
471	-0.69
472	-0.03
473	-0.71
474	-0.71
475	0.15
476	-0.37
477	-0.37
478	-0.42
479	-1.03
480	-0.79
481	-0.33
482	-0.87
483	-1.03
484	-0.67
485	-0.77
486	0.05
487	0.41
488	0.29
489	0.29
490	0.34
491	-0.02
492	-0.1
493	-0.33
494	-0.66
495	-0.32
496	-0.18
497	-0.66
498	0.2
499	-0.22
500	-0.36
501	-0.31
502	-0.19
503	-0.07
504	0.34
505	-0.38
506	-0.3
507	0.02
508	-0.05
509	-0.02
510	-0.09
511	0.05
512	-0.7
513	-0.53
514	-0.53
515	-0.71
516	-1.26
517	-2.08
518	-1.4
519	-1.36
520	-2.1
521	-2.03
522	-2.21
523	-1.73
524	-1.03
525	-0.81
526	-0.01
527	0.57
528	0.82
529	1.71
530	1.46
531	1.48
532	1.27
533	0.72
534	0.79
535	0.2
536	0.09
537	0.73
538	0.85
539	0.81
540	0.03
541	0.4
542	0.49
543	-0.18
544	-0.25
545	-0.08
546	-0.41
547	-0.76
548	-0.81
549	-0.95
550	-0.79
551	-0.85
552	-0.51
553	-0.46
554	-0.65
555	0.16
556	0.09
557	-0.16
558	-0.32
559	-0.72
560	-0.18
561	0.2
562	0.17
563	0.81
564	0.88
565	1.11
566	1.16
567	-0.02
568	-0.36
569	-0.62
570	-0.62
571	-0.72
572	-1.26
573	-0.34
574	0.08
575	0.07
576	-0.39
577	0.4
578	1.03
579	0.67
580	0.02
581	-0.35
582	-0.24
583	-0.62
584	-0.36
585	-1.09
586	-0.83
587	-0.58
588	-0.5
589	-0.25
590	1.11
591	0.3
592	0.26
593	-0.05
594	-0.28
595	0.26
596	-0.24
597	-0.64
598	-0.87
599	-1.13
600	-0.71
601	-0.17
602	-0.39
603	-0.39
604	-0.31
605	-0.3
606	0.07
607	0.22
608	-0.16
609	-0.97
610	-1.04
611	-1.32
612	-0.61
613	-0.06
614	0.09
615	-0.21
616	1.07
617	1.21
618	0.63
619	0.14
620	-0.58
621	-0.11
622	-0.54
623	-0.53
624	-0.11
625	-0.12
626	0.33
627	0.36
628	0.33
629	0.14
630	-0.6
631	-0.88
632	-0.34
633	-0.19
634	-0.8
635	-0.28
636	-0.64
637	0.07
638	-0.08
639	-0.98
640	-0.45
641	-0.13
642	-0.01
643	-0.02
644	-0.79
645	-0.47
646	-0.36
647	-0.28
648	0.17
649	0.09
650	0.13
651	0.64
652	0.42
653	0.53
654	0.36
655	0.1
656	-0.49
657	-0.41
658	0.65
659	-0.34
660	0.44
661	0.61
662	0.84
663	1.23
664	0.19
665	0.16
666	0.37
667	0.04
668	0.42
669	0.43
670	0.05
671	0.89
672	0.06
673	-0.18
674	-0.04
675	-0.59
676	-1.32
677	-0.79
678	-1.14
679	-0.74
680	-0.26
681	0.01
682	-0.4
683	-0.28
684	-0.81
685	-0.62
686	-0.49
687	-1.22
688	-0.38
689	0.01
690	0.15
691	0.59
692	0.16
693	0.28
694	-0.02
695	-0.23
696	-1.03
697	-0.6
698	-0.41
699	-0.03
700	0.47
701	0.8
702	1.06
703	0.87
704	0.71
705	-0.11
706	0.14
707	0.17
708	-0.24
709	-0.29
710	0.22
711	0.39
712	0.32
713	0.7
714	0.84
715	0.76
716	1.03
717	0.6
718	-0.11
719	-0.18
720	-1.12
721	-0.7
722	-0.53
723	-0.53
724	-0.58
725	-0.46
726	-0.05
727	0.44
728	0.25
729	0.49
730	-0.78
731	-0.47
732	-0.63
733	-1.32
734	-1.18
735	-0.96
736	-0.41
737	0.21
738	0.38
739	0.68
740	0.7
741	0.32
742	-0.06
743	-0.27
744	-0.48
745	-0.81
746	-0.47
747	-0.16
748	0.54
749	0.7
750	1.12
751	0.54
752	1.14
753	0.16
754	-0.03
755	-0.61
756	-0.67
757	-0.92
758	-0.71
759	-0.23
760	-0.18
761	-0.04
762	-0.26
763	-0.71
764	-0.54
765	-1.37
766	-1.79
767	-1.41
768	-2.51
769	-2.09
770	-1.4
771	-1.23
772	-1.45
773	-0.73
774	0.23
775	0.41
776	0.48
777	0.02
778	0.45
779	1.13
780	0.78
781	0.01
782	0.51
783	0.37
784	0.41
785	0.61
786	-0.21
787	0.07
788	-0.3
789	-0.62
790	-0.04
791	-0.31
792	-0.47
793	0.19
794	0.3
795	0.24
796	0.8
797	0.38
798	-0.31
799	-0.16
800	-0.12
801	0.36
802	0.34
803	-0.4
804	0.55
805	0.39
806	-0.27
807	-0.55
808	-1.44
809	-1.57
810	-1.55
811	-1.48
812	-1.49
813	-1.39
814	-1.08
815	-1.27
816	-1.04
817	-0.18
818	-0.63
819	-0.39
820	-0.15
821	-0.35
822	0.05
823	0.08
824	-0.48
825	-0.02
826	-0.54
827	-0.74
828	-0.48
829	-0.99
830	-0.53
831	0.14
832	0.15
833	0.0
834	0.39
835	0.01
836	0.64
837	0.21
838	0.65
839	0.73
840	0.96
841	0.6
842	0.39
843	0.26
844	0.3
845	-0.54
846	-0.86
847	-0.88
848	-1.19
849	-0.9
850	-0.33
851	-0.41
852	0.08
853	0.25
854	0.99
855	0.38
856	0.87
857	1.12
858	0.21
859	-0.09
860	-0.96
861	-0.79
862	-1.08
863	-1.6
864	-1.27
865	-1.09
866	-0.82
867	-0.3
868	-0.34
869	0.4
870	0.36
871	0.55
872	0.54
873	0.48
874	0.13
875	-0.71
876	-1.35
877	-1.3
878	-0.46
879	-0.86
880	-0.79
881	-0.58
882	-0.03
883	1.15
884	0.64
885	0.52
886	0.31
887	0.38
888	0.24
889	-0.68
890	-1.14
891	-0.16
892	-0.32
893	-0.08
894	0.43
895	0.67
896	0.63
897	-0.29
898	-0.3
899	-0.37
900	0.03
901	-0.6
902	-0.06
903	-0.28
904	-0.04
905	-0.07
906	-0.61
907	-1.16
908	-1.06
909	-1.6
910	-1.32
911	-1.37
912	-0.45
913	0.26
914	-0.26
915	-0.51
916	-0.06
917	-0.48
918	-0.25
919	-1.05
920	-0.82
921	-0.99
922	-1.27
923	-0.8
924	-0.84
925	-0.43
926	-0.29
927	0.23
928	0.23
929	0.26
930	-0.77
931	-0.76
932	-1.32
933	-2.0
934	-2.0
935	-1.23
936	-0.96
937	-0.47
938	-0.45
939	-0.36
940	-0.06
941	-0.27
942	0.12
943	1.03
944	0.49
945	0.37
946	0.24
947	0.19
948	0.08
949	-0.29
950	-0.78
951	-0.99
952	-0.77
953	-0.32
954	-0.73
955	-1.52
956	-2.34
957	-1.18
958	-1.66
959	-2.45
960	-2.06
961	-2.07
962	-1.65
963	-1.55
964	-1.87
965	-1.02
966	-1.17
967	-1.3
968	-1.17
969	-0.73
970	-0.69
971	-0.83
972	0.27
973	0.22
974	-0.08
975	0.22
976	-0.92
977	-0.94
978	-0.65
979	-0.59
980	-0.99
981	-0.39
982	-0.89
983	-0.18
984	-0.81
985	-0.92
986	-1.06
987	-1.06
988	-1.63
989	-1.31
990	-0.35
991	-0.12
992	0.41
993	0.9
994	0.89
995	0.91
996	0.35
997	0.05
998	-0.37
999	-0.45
1000	-1.1
1001	-0.62
1002	0.05
1003	0.16
1004	-0.47
1005	0.62
1006	0.46
1007	-0.39
1008	-0.44
1009	-1.1
1010	-0.63
1011	-0.4
1012	-1.1
1013	-0.18
1014	-0.28
1015	-0.12
1016	-0.15
1017	-0.84
1018	-0.59
1019	-0.0
1020	-0.46
1021	-0.48
1022	-0.4
1023	0.61
1024	0.52
1025	0.75
1026	0.54
1027	0.41
1028	0.26
1029	0.3
1030	0.84
1031	0.5
1032	0.35
1033	1.37
1034	0.6
1035	0.31
1036	0.18
1037	0.47
1038	0.35
1039	0.13
1040	-0.1
1041	0.26
1042	-0.56
1043	-0.12
1044	0.14
1045	-0.03
1046	0.19
1047	0.44
1048	-0.3
1049	-0.29
1050	-0.61
1051	-0.63
1052	0.15
1053	-0.1
1054	0.23
1055	0.59
1056	-0.23
1057	0.27
1058	-0.33
1059	-0.14
1060	-0.73
1061	0.01
1062	-0.03
1063	-0.33
1064	-0.35
1065	0.07
1066	0.18
1067	-0.18
1068	-0.43
1069	-0.06
1070	0.26
1071	-0.44
1072	-0.19
1073	0.11
1074	-0.13
1075	0.02
1076	0.89
1077	0.39
1078	1.28
1079	0.81
1080	1.06
1081	0.85
1082	0.3
1083	-0.51
1084	-0.65
1085	-0.37
1086	0.29
1087	0.33
1088	-0.49
1089	-0.15
1090	0.23
1091	0.11
1092	0.15
1093	0.31
1094	-0.77
1095	-0.39
1096	-1.01
1097	-0.88
1098	-0.51
1099	-1.51
1100	-1.28
1101	-0.8
1102	-0.6
1103	-0.72
1104	-0.37
1105	-0.29
1106	-0.03
1107	-0.35
1108	-0.76
1109	-0.38
1110	-0.29
1111	-1.02
1112	-0.48
1113	0.12
1114	0.09
1115	0.02
1116	-0.63
1117	-0.06
1118	0.54
1119	-0.03
1120	-0.31
1121	-0.48
1122	-0.2
1123	0.54
1124	0.84
1125	0.16
1126	0.43
1127	0.17
1128	0.01
1129	-0.16
1130	-0.85
1131	-0.43
1132	-0.95
1133	-0.3
1134	0.41
1135	0.64
1136	0.36
1137	0.35
1138	0.56
1139	0.49
1140	-0.56
1141	-1.08
1142	-0.45
1143	-0.83
1144	-0.95
1145	-0.64
1146	-0.5
1147	0.02
1148	-0.07
1149	-0.86
1150	-1.01
1151	-0.62
1152	-1.19
1153	-0.79
1154	-0.83
1155	-1.17
1156	-0.87
1157	-0.03
1158	-0.07
1159	0.74
1160	0.22
1161	-0.62
1162	-0.78
1163	-1.01
1164	-0.59
1165	-1.39
1166	-1.21
1167	-0.89
1168	-0.37
1169	0.43
1170	-0.74
1171	-0.74
1172	0.3
1173	-0.28
1174	-0.3
1175	0.34
1176	0.26
1177	0.52
1178	0.53
1179	0.65
1180	0.11
1181	0.05
1182	-0.47
1183	-1.21
1184	-1.14
1185	-1.25
1186	-0.49
1187	0.11
1188	0.59
1189	0.68
1190	0.98
1191	0.85
1192	1.14
1193	0.55
1194	0.25
1195	1.2
1196	0.55
1197	-0.18
1198	-0.09
1199	-0.37
1200	-0.41
1201	-0.87
1202	-0.87
1203	-0.8
1204	-0.13
1205	-0.09
1206	-0.09
1207	0.62
1208	0.9
1209	0.76
1210	1.41
1211	0.78
1212	1.21
1213	0.9
1214	0.71
1215	0.44
1216	0.24
1217	0.67
1218	1.19
1219	1.06
1220	1.22
1221	1.16
1222	0.9
1223	-0.1
1224	-0.38
1225	-0.88
1226	-1.26
1227	-1.27
1228	-0.82
1229	-0.72
1230	-0.41
1231	-0.13
1232	0.26
1233	-0.39
1234	-0.97
1235	-0.5
1236	-0.87
1237	-0.89
1238	-0.9
1239	-1.42
1240	-1.52
1241	-0.06
1242	0.54
1243	-1.15
1244	-0.43
1245	-0.37
1246	0.4
1247	-0.64
1248	-1.54
1249	-0.14
1250	0.42
1251	-0.42
1252	-0.43
1253	-0.23
1254	0.17
1255	0.09
1256	-0.09
1257	-0.14
1258	-0.23
1259	0.21
1260	-0.08
1261	-0.04
1262	0.54
1263	0.06
1264	0.39
1265	1.37
1266	0.23
1267	-0.07
1268	0.08
1269	-0.3
1270	-0.23
1271	-1.21
1272	-0.53
1273	-0.91
1274	0.08
1275	-0.01
1276	-0.33
1277	-0.49
1278	-0.87
1279	-0.27
1280	0.12
1281	-0.31
1282	-0.35
1283	-0.71
1284	0.24
1285	-0.56
1286	-1.09
1287	-0.68
1288	-0.37
1289	-0.4
1290	-0.49
1291	-0.13
1292	-0.46
1293	0.14
1294	-0.75
1295	0.2
1296	-0.52
1297	-0.58
1298	-0.75
1299	-0.18
1300	-0.41
1301	-0.34
1302	-0.92
1303	-0.94
1304	-0.87
1305	-0.83
1306	-1.2
1307	-1.21
1308	-1.16
1309	1.12
1310	1.4
1311	-0.97
1312	-0.56
1313	0.48
1314	-0.36
1315	-0.27
1316	0.58
1317	1.17
1318	0.55
1319	0.27
1320	-0.31
1321	0.99
1322	0.16
1323	-0.91
1324	-0.55
1325	0.17
1326	0.01
1327	0.45
1328	0.72
1329	1.22
1330	0.44
1331	0.02
1332	-0.55
1333	0.06
1334	-0.58
1335	-0.2
1336	0.01
1337	-0.21
1338	1.19
1339	-0.17
1340	0.02
1341	-0.1
1342	-0.97
1343	-0.66
1344	-0.7
1345	-0.25
1346	-0.25
1347	-0.33
1348	0.19
1349	0.49
1350	0.96
1351	0.7
1352	-0.15
1353	0.02
1354	-0.63
1355	0.06
1356	0.41
1357	0.11
1358	-0.8
1359	-0.31
1360	-0.59
1361	-0.84
1362	-0.01
1363	0.58
1364	0.58
1365	1.06
1366	1.51
1367	1.12
1368	0.87
1369	-0.16
1370	-0.17
1371	-0.66
1372	0.49
1373	-0.3
1374	0.5
1375	-0.35
1376	0.43
1377	0.55
1378	-0.21
1379	-0.14
1380	-1.15
1381	-1.24
1382	-1.27
1383	-0.23
1384	0.15
1385	0.23
1386	1.26
1387	1.11
1388	1.08
1389	1.0
1390	-0.58
1391	0.33
1392	-0.45
1393	-0.65
1394	0.37
1395	0.51
1396	0.2
1397	0.08
1398	-0.39
1399	-0.58
1400	-0.74
1401	-0.71
1402	-0.91
1403	0.83
1404	0.06
1405	0.38
1406	1.14
1407	1.25
1408	1.27
1409	1.63
1410	0.79
1411	0.58
1412	-0.39
1413	-0.2
1414	-0.36
1415	0.1
1416	0.84
1417	0.75
1418	1.14
1419	-0.03
1420	-0.56
1421	-1.05
1422	-1.12
1423	-0.97
1424	-1.05
1425	-0.9
1426	-0.06
1427	0.55
1428	1.57
1429	0.92
1430	0.94
1431	-0.02
1432	1.05
1433	0.74
1434	0.62
1435	0.31
1436	-0.53
1437	-0.21
1438	0.13
1439	-0.13
1440	-0.5
1441	-0.63
1442	-0.47
1443	-0.85
1444	-1.61
1445	-1.17
1446	-1.13
1447	-1.56
1448	-1.19
1449	-1.67
1450	-1.15
1451	-0.86
1452	-0.19
1453	0.1
1454	0.37
1455	0.1
1456	-0.13
1457	0.35
1458	0.16
1459	0.13
1460	-0.04
1461	-0.14
1462	0.31
1463	-0.08
1464	1.16
1465	0.36
1466	0.39
1467	-0.31
1468	-1.0
1469	0.53
1470	-0.83
1471	0.37
1472	0.2
1473	1.39
1474	0.83
1475	0.01
1476	0.43
1477	0.23
1478	-1.14
1479	0.84
1480	-0.32
1481	-0.58
1482	-0.17
1483	-0.64
1484	-0.56
1485	-0.75
1486	-0.05
1487	-1.14
1488	-0.42
1489	0.37
1490	-0.14
1491	-0.49
1492	0.76
1493	0.72
1494	0.82
1495	0.57
1496	1.51
1497	-0.62
1498	-0.79
1499	-0.8
1500	1.57
1501	0.17
1502	0.8
1503	0.91
1504	-1.36
1505	-0.49
1506	-0.32
1507	-0.46
1508	-0.18907407407407403
1509	0.9264705882352942
1510	0.06692307692307689
1511	0.5941025641025641
1512	-0.817051282051282
1513	-0.4966666666666667
1514	0.7895833333333333
1515	-0.6376041666666666
1516	0.375
1517	-0.018181818181818184
1518	-0.20111111111111113
1519	-0.26333333333333336
1520	-0.19836065573770492
1521	0.9395833333333333
1522	-0.9215151515151515
1523	-0.45011904761904764
1524	-0.011999999999999993
1525	-0.2543396226415094
1526	0.13473684210526315
1527	-0.2765714285714286
1528	0.07166666666666666
1529	-0.9464705882352941
1530	1.265531914893617
1531	1.0599999999999998
1532	-0.5721739130434783
1533	0.8382051282051282
1534	0.8696774193548388
1535	0.37
1536	-1.0342307692307693
1537	-0.2411111111111111
1538	0.6397435897435898
1539	-0.9436363636363635
1540	0.3018181818181818
1541	-0.035
1542	0.5797727272727273
1543	-0.3277777777777778
1544	0.48243902439024394
1545	0.5320689655172414
1546	-1.0599999999999998
1547	-0.5428947368421053
1548	0.196
1549	1.192222222222222
1550	-0.7030000000000001
1551	0.2494736842105263
1552	-0.39190476190476187
1553	-0.5565384615384615
1554	1.0714285714285714
1555	0.10783783783783785
1556	0.302156862745098
1557	0.8257142857142856
1558	-1.1029032258064517
1559	-0.017619047619047604
1560	-0.054000000000000006
1561	-0.5883870967741937
1562	0.08727272727272728
1563	-0.14414634146341465
1564	0.8178260869565218
1565	-0.22612903225806452
1566	-0.6792857142857143
1567	1.1812280701754383
1568	0.8463414634146342
1569	0.08411764705882352
1570	-0.756
1571	-1.006
1572	-0.6616
1573	-0.052093023255813956
1574	1.0613793103448277
1575	-0.23090909090909095
1576	0.165
1577	-0.084
1578	-1.013529411764706
1579	0.03714285714285713
1580	0.09
1581	0.06478260869565218
1582	-0.3620588235294118
1583	-0.37610169491525425
1584	-0.15
1585	-0.0436734693877551
1586	-0.09555555555555556
1587	0.6805128205128205
1588	-1.0414999999999999
1589	-0.18534883720930234
1590	-0.5669158878504672
1591	0.15285714285714286
1592	-0.3577777777777778
1593	-0.8381481481481482
1594	-0.16500000000000004
1595	0.3884615384615385
1596	-0.9146153846153846
1597	-1.1664285714285714
1598	0.5211764705882352
1599	0.8079999999999999
1600	0.8263414634146342
1601	0.416984126984127
1602	-1.0068421052631578
1603	-0.022500000000000037
1604	-0.5320689655172414
1605	0.01885245901639342
1606	-0.8011764705882353
1607	0.5018367346938775
1608	-0.25405405405405407
1609	1.2021875
1610	0.732
1611	-0.7206250000000001
1612	-0.13923076923076924
1613	-0.10846153846153846
1614	-0.48780000000000007
1615	-1.9946666666666668
1616	-0.5353846153846155
1617	-0.31266666666666665
1618	-0.7495454545454545
1619	0.6593846153846153
1620	-0.21772727272727274
1621	-1.714
1622	-0.15928571428571428
1623	-0.05111111111111111
1624	0.026470588235294128
1625	-0.6485714285714286
1626	0.6223076923076923
1627	-1.2005263157894737
1628	0.762089552238806
1629	-0.07999999999999999
1630	0.6771428571428572
1631	-0.05521739130434783
1632	0.3670731707317073
1633	-0.9618181818181819
1634	0.5075862068965518
1635	-0.2784615384615384
1636	1.1121739130434782
1637	-1.4644186046511627
1638	0.38428571428571423
1639	1.1181818181818182
1640	0.768135593220339
1641	-0.1826415094339623
1642	0.875
1643	-0.1559259259259259
1644	0.4126865671641791
1645	0.02543478260869567
1646	0.09666666666666666
1647	-0.257948717948718
1648	-0.6933333333333332
1649	0.841304347826087
1650	0.32400000000000007
1651	1.1003846153846153
1652	-0.23900000000000002
1653	0.6578888888888889
1654	0.17279999999999998
1655	-1.917058823529412
1656	0.17358974358974358
1657	0.20944444444444443
1658	-0.9077777777777777
1659	0.3625806451612903
1660	-0.07975000000000002
1661	0.24263157894736842
1662	0.16874999999999998
1663	-0.3529850746268656
1664	-0.24475000000000002
1665	-0.2575
1666	-0.15
1667	-0.3567924528301887
1668	0.04322580645161291
1669	0.9823684210526316
1670	-1.9113636363636362
1671	-1.6942857142857142
1672	0.0525
1673	-0.7933333333333333
1674	-0.5619354838709678
1675	-0.7083673469387756
1676	-0.34756756756756757
1677	-0.1926923076923077
1678	0.124
1679	-0.7978260869565218
1680	0.11454545454545455
1681	-0.13999999999999999
1682	-0.33666666666666667
1683	-0.06499999999999997
1684	-1.2126666666666668
1685	1.3185454545454547
1686	0.264
1687	-0.9838297872340426
1688	-1.0497435897435896
1689	-0.2381818181818182
1690	-0.99
1691	1.0885714285714285
1692	-0.44222222222222224
1693	1.095194805194805
1694	0.35033333333333333
1695	-0.5603846153846154
1696	0.039787234042553195
1697	-0.3504878048780488
1698	-0.9870270270270269
1699	0.8007692307692308
1700	0.22599999999999998
1701	-0.010689655172413794
1702	0.128
1703	-1.2909615384615383
1704	-1.064
1705	-0.7676744186046511
1706	-0.7953571428571429
1707	-0.3367010309278351
1708	0.045263157894736845
1709	0.15857142857142856
1710	-0.268
1711	-0.885
1712	-0.48328125
1713	0.6993333333333334
1714	1.3820000000000001
1715	-0.4955555555555555
1716	-0.1246
1717	0.11166666666666668
1718	0.05545454545454546
1719	-0.28174603174603174
1720	-0.6699999999999999
1721	-0.30585365853658536
1722	-1.2048
1723	-0.39704545454545453
1724	-0.8239130434782609
1725	0.7582692307692308
1726	0.748125
1727	-0.9146153846153846
1728	-0.043589743589743574
1729	0.6114150943396225
1730	-1.0606666666666666
1731	-0.9333333333333333
1732	0.5871428571428571
1733	-0.774375
1734	0.5844230769230769
1735	-0.08583333333333333
1736	-1.1233333333333333
1737	-1.584909090909091
1738	-0.8755172413793104
1739	-0.33644444444444443
1740	-0.6126666666666667
1741	-0.43000000000000005
1742	0.04743589743589741
1743	-1.0714285714285714
1744	-1.9272093023255814
1745	-0.4918181818181818
1746	-1.2190697674418605
1747	-0.7414285714285714
1748	0.9902564102564104
1749	-1.176969696969697
1750	-0.30230769230769233
1751	0.4346153846153846
1752	-1.007857142857143
1753	-1.555111111111111
1754	-0.19697674418604652
1755	0.465
1756	-0.5411538461538462
1757	-1.043818181818182
1758	-0.9714285714285714
1759	-0.08043478260869566
1760	-0.6344067796610171
1761	-0.794
1762	0.01647058823529412
1763	-0.349047619047619
1764	0.6154347826086957
1765	-0.5573529411764706
1766	-0.9471428571428572
1767	-1.0533333333333335
1768	-0.6076923076923078
1769	-0.05000000000000002
1770	-0.23629629629629634
1771	0.06480000000000001
1772	-0.21823529411764708
1773	-0.9345454545454545
1774	-0.16534883720930232
1775	-0.06704918032786886
1776	-2.1694736842105264
1777	-0.1955263157894737
1778	0.00023255813953487617
1779	-1.398235294117647
1780	-0.12
1781	-0.5122222222222222
1782	0.31027777777777776
1783	-0.804375
1784	-0.6248275862068966
1785	0.226875
1786	0.6385714285714286
1787	-0.20404255319148937
1788	0.24923076923076926
1789	-0.23324324324324328
1790	-0.12963855421686749
1791	-0.5297435897435898
1792	-0.15909090909090906
1793	-0.25
1794	-0.3579411764705882
1795	0.2783333333333334
1796	0.5101282051282051
1797	-0.20272727272727276
1798	-0.9971428571428572
1799	0.095
1800	0.046944444444444455
1801	-0.37000000000000005
1802	0.22
1803	-0.8177777777777779
1804	-0.078
1805	-0.16277777777777777
1806	-0.6794736842105263
1807	-0.8460377358490566
1808	-0.2988679245283019
1809	0.1228571428571429
1810	-0.5637078651685393
1811	-0.6633333333333333
1812	1.201818181818182
1813	-0.7683050847457626
1814	-0.43703703703703706
1815	-0.9624999999999999
1816	-0.9967441860465115
1817	-0.5004761904761905
1818	-0.6128571428571428
1819	-0.3709677419354839
1820	-0.22379310344827588
1821	-1.213095238095238
1822	-1.458
1823	0.1168421052631579
1824	-0.45830769230769236
1825	-0.3566666666666667
1826	0.02095238095238095
1827	0.5850000000000001
1828	-1.1711538461538462
1829	0.29
1830	-2.0
1831	0.24000000000000002
1832	1.0527586206896553
1833	-0.32999999999999996
1834	-0.68125
1835	-0.8141304347826087
1836	-0.7665
1837	-0.6129729729729729
1838	-0.8023809523809524
1839	0.14298507462686566
1840	0.09297297297297297
1841	-0.830483870967742
1842	-0.22545454545454546
1843	0.06880000000000001
1844	0.0024299065420560896
1845	-0.21064516129032257
1846	-0.6749999999999999
1847	0.051111111111111114
1848	-0.9653846153846154
1849	-0.6852941176470587
1850	-2.1434545454545453
1851	-0.3696610169491526
1852	0.06782608695652174
1853	-0.42909090909090913
1854	-0.29223529411764704
1855	0.36874999999999997
1856	-1.6544155844155846
1857	-0.14844827586206896
1858	-0.18594594594594593
1859	0.8185074626865673
1860	-0.495
1861	-1.199032258064516
1862	-1.8234782608695652
1863	-1.1400000000000001
1864	-1.2049999999999998
1865	-0.02874999999999999
1866	-0.8823809523809525
1867	-0.19
1868	-0.923658536585366
1869	-0.24964285714285714
1870	-0.6771698113207547
1871	-0.551829268292683
1872	-1.288
1873	-0.07375
1874	-0.24744680851063827
1875	0.8658333333333332
1876	-0.36181818181818187
1877	0.5222222222222223
1878	0.7416981132075472
1879	-1.0069230769230768
1880	-0.298
1881	-0.45975
1882	0.10272727272727272
1883	0.5226666666666667
1884	-0.12155172413793104
1885	0.344025974025974
1886	-0.39
1887	-1.7975
1888	0.18016949152542377
1889	0.20211538461538464
1890	-0.6189361702127659
1891	-0.7665573770491803
1892	0.3207317073170732
1893	-0.536271186440678
1894	0.39837209302325577
1895	-0.6468627450980391
1896	-0.49991735537190085
1897	-0.32944444444444443
1898	-0.8605555555555555
1899	-0.07983333333333334
1900	-0.8131707317073171
1901	1.2058333333333335
1902	-0.22823529411764706
1903	0.08891891891891891
1904	-0.6712121212121211
1905	-1.03
1906	-0.8400000000000001
1907	-1.4768000000000001
1908	-0.6796969696969698
1909	0.448813559322034
1910	0.6947826086956522
1911	-0.265
1912	-0.3221875
1913	1.1
1914	-0.4263333333333333
1915	0.164375
1916	-0.596
1917	-0.08604166666666667
1918	0.2239080459770115
1919	-0.4167346938775511
1920	-0.4368
1921	0.038000000000000055
1922	-0.7625000000000001
1923	-0.371764705882353
1924	-1.01
1925	-1.296842105263158
1926	0.612241379310345
1927	-0.27384615384615385
1928	-1.0513636363636363
1929	-0.09911764705882353
1930	0.792
1931	0.6163157894736843
1932	-0.3266666666666667
1933	-0.44999999999999996
1934	-0.6100000000000001
1935	0.2204166666666667
1936	-0.27999999999999997
1937	-1.3204109589041095
1938	-0.22800000000000004
1939	-0.2941558441558441
1940	0.04249999999999998
1941	-0.3941333333333334
1942	0.7065517241379311
1943	-0.4677922077922078
1944	0.44
1945	0.20730769230769233
1946	0.6789655172413793
1947	0.27580000000000005
1948	-0.98375
1949	-1.2697142857142858
1950	0.21918367346938775
1951	0.6706896551724139
1952	-0.44457142857142856
1953	0.28575757575757577
1954	-1.0644444444444443
1955	-0.56
1956	-0.6153968253968255
1957	-0.3
1958	-0.30142857142857143
1959	-0.5024528301886793
1960	-1.2870588235294118
1961	-0.42411764705882354
1962	0.32975000000000004
1963	-1.4339344262295082
1964	-0.12660377358490565
1965	-0.4683333333333334
1966	0.22024691358024692
1967	0.4498039215686274
1968	-0.1881818181818182
1969	-0.897142857142857
1970	-0.4335294117647059
1971	-0.6642857142857144
1972	0.7483333333333334
1973	0.24666666666666667
1974	0.5579591836734694
1975	-0.7355
1976	0.10296296296296298
1977	-0.632051282051282
1978	0.0
1979	-1.5666
1980	0.6758415841584158
1981	0.43177777777777776
1982	-0.7518390804597701
1983	-0.9483999999999999
1984	0.34680555555555553
1985	0.054130434782608663
1986	0.7945454545454546
1987	0.6307865168539326
1988	0.07305084745762709
1989	-0.45475000000000004
1990	-0.6749999999999999
1991	-0.020326086956521734
1992	-0.07833333333333332
1993	-0.23905405405405403
1994	0.09750000000000002
1995	0.6441176470588235
1996	0.4372000000000001
1997	-0.04845070422535208
1998	0.23191489361702125
1999	-0.44869565217391305
2000	0.10685714285714286
2001	0.18625
2002	0.6303947368421053
2003	-0.324
2004	-0.9234883720930231
2005	-0.8548543689320389
2006	1.1516216216216217
2007	0.05632653061224493
2008	-0.3765
2009	-0.5731944444444443
2010	-2.2977142857142856
2011	-0.8337837837837838
2012	-0.040000000000000015
2013	0.2023809523809524
2014	0.5081081081081081
2015	0.0395
2016	0.30130434782608695
2017	-0.0561764705882353
2018	-0.3129268292682927
2019	-1.59
2020	0.20486486486486485
2021	-0.07763975155279502
2022	-0.000655737704918048
2023	-1.2278947368421052
2024	0.31279411764705883
2025	0.3186046511627907
2026	-0.6202127659574468
2027	0.18757575757575762
2028	-0.9392
2029	-0.7517857142857143
2030	-0.43636363636363645
2031	-1.8267499999999999
2032	-0.6533962264150942
2033	-0.0159574468085106
2034	-0.2866666666666666
2035	-0.23049999999999998
2036	-1.3882758620689655
2037	-1.3561904761904762
2038	-0.6172058823529412
2039	-1.1676086956521738
2040	0.9248979591836736
2041	-1.2874193548387096
2042	-0.018019801980198022
2043	-1.2346808510638299
2044	1.68375
2045	-0.035348837209302326
2046	0.7717142857142857
2047	-0.6094736842105263
2048	-0.34909090909090906
2049	-0.7111764705882352
2050	-1.6726923076923077
2051	-0.3508108108108108
2052	-0.6709090909090909
2053	-0.43352941176470594
2054	-0.8723076923076923
2055	0.03692307692307692
2056	0.47250000000000003
2057	-0.5235074626865671
2058	-1.208
2059	0.1833898305084746
2060	0.6372727272727272
2061	0.7858333333333333
2062	-0.4694444444444445
2063	-0.8792307692307693
2064	1.1842857142857144
2065	-0.57943661971831
2066	-1.169468085106383
2067	-0.44
2068	0.4825
2069	0.27999999999999997
2070	-0.4128125
2071	-0.6286486486486486
2072	0.30925925925925923
2073	0.056190476190476187
2074	0.24775862068965515
2075	0.8539999999999999
2076	-0.5117647058823529
2077	-0.1411111111111111
2078	-0.8414285714285714
2079	-0.6385714285714286
2080	-1.2885
2081	-0.8551724137931035
2082	-0.5216831683168317
2083	1.106122448979592
2084	0.318235294117647
2085	-0.8553333333333334
2086	-0.2454054054054054
2087	0.40263157894736845
2088	-0.054266666666666644
2089	-0.6661702127659574
2090	0.1537704918032787
2091	0.020357142857142855
2092	-0.16597014925373138
2093	-0.37363636363636366
2094	0.40188679245283015
2095	-1.3851999999999998
2096	0.6655319148936171
2097	0.498
2098	0.5982022471910112
2099	-2.077142857142857
2100	0.11523809523809522
2101	-0.2214285714285714
2102	-0.43818181818181823
2103	-0.04741176470588235
2104	-0.5623809523809523
2105	0.4167567567567567
2106	0.39436363636363636
2107	0.048791208791208796
2108	0.6252272727272726
2109	0.514054054054054
2110	0.4076666666666667
2111	0.8454999999999998
2112	-0.59
2113	0.1
2114	-0.41142857142857137
2115	-0.4483098591549296
2116	-0.727037037037037
2117	0.6637500000000001
2118	-0.363375
2119	-0.6305172413793103
2120	-0.1376190476190476
2121	-0.48462686567164176
2122	-0.8045161290322581
2123	-0.2046067415730337
2124	-0.8804109589041096
2125	-0.48472222222222217
2126	-0.4225373134328358
2127	-0.8610666666666666
2128	0.6421568627450981
2129	0.023069306930693086
2130	0.25
2131	-0.13869565217391305
2132	0.1963157894736842
2133	-0.47052631578947374
2134	-1.289029126213592
2135	-0.1231818181818182
2136	-0.43000000000000005
2137	0.7306976744186046
2138	-0.5348275862068965
2139	0.11516129032258063
2140	-1.4071428571428573
2141	-0.8350925925925926
2142	-0.8574358974358975
2143	-0.22260869565217392
2144	0.05000000000000001
2145	-0.32529914529914533
2146	-0.13
2147	-0.46212500000000006
2148	0.1412244897959184
2149	-0.8105263157894737
2150	0.08696969696969697
2151	0.40392857142857136
2152	-0.688974358974359
2153	-0.016086956521739124
2154	-0.08076923076923077
2155	-0.23268518518518522
2156	0.7136363636363636
2157	0.4142857142857143
2158	-0.46588235294117647
2159	-0.42000000000000004
2160	-1.35125
2161	-0.3856521739130435
2162	-1.229375
2163	-0.32545454545454544
2164	-0.18155555555555555
2165	0.29102564102564105
2166	-0.43437499999999996
2167	-0.7533333333333334
2168	-0.8991999999999999
2169	0.57104
2170	0.09909090909090913
2171	0.17391752577319586
2172	0.874698795180723
2173	-1.0699999999999998
2174	0.07988095238095234
2175	-0.4136842105263158
2176	0.7672727272727272
2177	0.8052631578947369
2178	0.298936170212766
2179	-0.6270731707317073
2180	0.258099173553719
2181	0.516
2182	-0.3222222222222222
2183	0.6531999999999999
2184	-1.2218750000000003
2185	-0.028936170212765927
2186	-0.8945098039215685
2187	-0.9623333333333334
2188	-0.8666666666666667
2189	-0.8912244897959184
2190	-0.6893617021276597
2191	-1.75984375
2192	-1.0662500000000001
2193	-1.689375
2194	-0.852
2195	-0.2432558139534884
2196	0.7106666666666667
2197	-0.5753846153846154
2198	0.6735820895522389
2199	-0.2805405405405405
2200	-0.6384848484848485
2201	-0.08400000000000002
2202	-0.11416666666666665
2203	0.10315068493150686
2204	-0.7921428571428571
2205	-0.7196551724137932
2206	-0.9455000000000001
2207	-1.1470491803278688
2208	-0.9929090909090909
2209	-0.7836363636363637
2210	0.1347761194029851
2211	0.31551020408163266
2212	-1.208813559322034
2213	-0.5461538461538461
2214	0.22727272727272724
2215	-1.7686206896551724
2216	0.03781250000000003
2217	-0.2507843137254902
2218	-0.8885714285714286
2219	-1.0458771929824562
2220	-0.6436065573770491
2221	0.11150943396226415
2222	-0.7269767441860465
2223	-0.12291666666666667
2224	-0.9110526315789474
2225	0.37666666666666665
2226	0.843975903614458
2227	-1.1260000000000001
2228	-0.3185185185185186
2229	-0.9530000000000001
2230	-0.9238888888888889
2231	0.3847368421052632
2232	-1.1585
2233	-0.6085714285714285
2234	-0.195
2235	-1.0985
2236	-1.170909090909091
2237	-0.26872727272727276
2238	-0.7328571428571428
2239	-0.11800000000000001
2240	0.25513043478260866
2241	-1.1141463414634147
2242	-1.1108955223880597
2243	0.06692307692307692
2244	-0.49810126582278474
2245	-1.6896874999999998
2246	-0.4139705882352941
2247	1.0473913043478258
2248	0.4282608695652175
2249	-0.6907317073170732
2250	0.20555555555555555
2251	-0.22192307692307695
2252	0.7591428571428571
2253	-0.7337931034482759
2254	0.6473684210526316
2255	-0.7867857142857143
2256	-0.23500000000000001
2257	-0.3652173913043478
2258	-0.5298214285714286
2259	-0.4927956989247312
2260	-0.9047191011235954
2261	-0.09857142857142857
2262	-0.6282089552238806
2263	-0.4416393442622952
2264	0.56856
2265	-1.004186046511628
2266	0.18650485436893205
2267	-0.4710204081632653
2268	-1.3145180722891565
2269	-0.5713483146067416
2270	-0.3204494382022472
2271	-0.5561764705882353
2272	0.2002564102564103
2273	0.6703921568627452
2274	-0.6287951807228916
2275	-0.5347058823529411
2276	-0.4210828025477707
2277	0.18857142857142856
2278	-0.2611538461538461
2279	0.9227692307692308
2280	-0.184
2281	-0.19499999999999992
2282	0.25
2283	-1.1135483870967742
2284	0.425472972972973
2285	0.49103448275862066
2286	-0.17097560975609755
2287	0.047499999999999994
2288	0.2894736842105263
2289	-0.13428571428571429
2290	-0.4455681818181819
2291	-0.39239130434782604
2292	-0.9531746031746031
2293	-0.7224390243902439
2294	-0.4032142857142857
2295	0.26557142857142857
2296	-0.8579761904761906
2297	0.31333333333333335
2298	1.043734939759036
2299	0.5935849056603774
2300	-0.9325454545454547
2301	0.20967741935483872
2302	-0.6609259259259259
2303	-0.9123529411764706
2304	0.18798076923076923
2305	-0.22809523809523805
2306	0.31057142857142855
2307	-0.5028346456692914
2308	0.5399009900990099
2309	-0.7164516129032258
2310	0.12397260273972603
2311	-0.6062831858407078
2312	-0.29396551724137926
2313	-0.6954651162790698
2314	-0.09023809523809524
2315	-1.1285000000000003
2316	-1.5668
2317	-0.8245652173913045
2318	0.24911111111111106
2319	-0.09517241379310344
2320	-0.100625
2321	-0.454047619047619
2322	0.34456896551724137
2323	-0.46991071428571424
2324	0.548790322580645
2325	-0.07757763975155281
2326	0.4936231884057971
2327	-1.1664150943396225
2328	0.059362745098039245
2329	-1.0721818181818181
2330	-0.8384684684684685
2331	0.0428301886792453
2332	-0.4186956521739131
2333	-0.13027777777777783
2334	-0.943
2335	-0.314017094017094
2336	-0.019574468085106385
2337	-1.68
2338	-0.5211206896551723
2339	0.0159493670886076
2340	-0.4257692307692308
2341	0.004444444444444481
2342	-1.0660975609756098
2343	-0.27414860681114556
2344	-2.1428260869565214
2345	-0.626
2346	-0.3737575757575758
2347	-1.8274509803921568
2348	0.28228571428571425
2349	-0.6321739130434783
2350	0.488974358974359
2351	-2.023416666666667
2352	0.5164705882352942
2353	0.3338888888888889
2354	0.5523529411764706
2355	-0.8481081081081082
2356	-0.09492857142857145
2357	0.09293103448275863
2358	-0.006999999999999989
2359	-0.2626595744680851
2360	-0.6998461538461539
2361	0.5823076923076923
2362	-0.07448
2363	0.49551020408163265
2364	0.27608695652173915
2365	-0.0750625
2366	-1.5350000000000001
2367	-0.6534615384615385
2368	0.14182926829268291
2369	0.4082608695652174
2370	0.4659615384615384
2371	-1.3375000000000001
2372	0.5370555555555554
2373	0.7615094339622641
2374	-0.8855696202531644
2375	-0.22796296296296298
2376	-1.52125
2377	-0.6536607142857143
2378	1.1874358974358974
2379	0.135859375
2380	-0.2063725490196078
2381	-1.1330379746835444
2382	0.5316216216216216
2383	0.04959183673469388
2384	0.18928571428571428
2385	-0.7368571428571428
2386	-0.7518055555555557
2387	-0.6090756302521008
2388	0.12610619469026546
2389	-0.1785106382978723
2390	-0.7549056603773586
2391	-0.522247191011236
2392	-1.9453749999999999
2393	0.21729166666666666
2394	-1.411578947368421
2395	-1.1705940594059405
2396	-0.5070877192982456
2397	-0.925128205128205
2398	-0.1519135802469136
2399	-0.7670666666666667
2400	0.5016666666666667
2401	0.23201388888888885
2402	-0.7533766233766235
2403	0.7487804878048782
2404	-0.8620000000000001
2405	0.5904761904761905
2406	0.5769811320754717
2407	-0.9288888888888889
2408	0.028805970149253738
2409	0.3866666666666666
2410	-0.4
2411	0.1829032258064516
2412	-1.5472881355932202
2413	-1.7768000000000002
2414	-0.14294964028776985
2415	-0.9682000000000001
2416	-0.9115584415584416
2417	-0.2993220338983051
2418	0.07557692307692308
2419	-0.8332857142857144
2420	0.21500000000000005
2421	-0.60475
2422	-0.5
2423	-0.6620886075949368
2424	0.19861904761904767
2425	0.1803030303030303
2426	-1.3427777777777776
2427	-0.24273972602739724
2428	-0.004022346368715073
2429	0.831764705882353
2430	0.04857142857142858
2431	0.3084433962264151
2432	-0.5025925925925926
2433	0.006052631578947356
2434	-1.2528985507246377
2435	0.25285714285714284
2436	0.3651282051282051
2437	-0.35901960784313725
2438	-0.20506666666666667
2439	-0.9587500000000001
2440	-0.6614893617021277
2441	-0.1550602409638554
2442	-0.686060606060606
2443	0.5501680672268907
2444	-0.09651515151515158
2445	-0.12411764705882355
2446	0.326
2447	-0.3339610389610389
2448	-0.3322413793103448
2449	-0.11702247191011236
2450	-0.4993220338983051
2451	-0.5489285714285714
2452	0.21049382716049383
2453	-1.5998850574712646
2454	-0.07560975609756097
2455	-0.9809448818897638
2456	-0.77625
2457	-0.5753164556962025
2458	-0.311948051948052
2459	-0.5192682926829268
2460	-0.5084552845528455
2461	0.17082539682539682
2462	-0.5994949494949494
2463	-1.1506818181818184
2464	0.8476712328767124
2465	0.2348148148148148
2466	-0.6842011834319527
2467	0.6536666666666666
2468	-0.3731496062992126
2469	0.2830081300813008
2470	-0.4724691358024692
2471	-0.7670833333333333
2472	0.46220588235294124
2473	0.02495798319327733
2474	-0.35515
2475	-1.128021978021978
2476	0.014457831325301186
2477	-0.13000000000000003
2478	-0.46135135135135136
2479	-0.6509448818897637
2480	-1.081157894736842
2481	-0.433728813559322
2482	0.317027027027027
2483	-0.3150980392156862
2484	-0.6472549019607843
2485	-1.1762040816326529
2486	0.1893103448275862
2487	-1.1511111111111112
2488	0.26
2489	-0.3220740740740741
2490	0.33045454545454545
2491	0.30250000000000005
2492	0.07361445783132532
2493	-1.19872
2494	0.46480769230769237
2495	-1.3462352941176472
2496	-0.7239024390243903
2497	-0.30483516483516476
2498	0.7653061224489796
2499	0.0211764705882353
2500	-0.47974522292993627
2501	-0.21647435897435896
2502	-0.3137804878048781
2503	-0.6647272727272727
2504	0.1455645161290323
2505	-0.43961538461538463
2506	-0.3984
2507	0.13824561403508773
2508	-1.787669172932331
2509	-0.39276923076923076
2510	-0.48485380116959065
2511	0.3830909090909091
2512	0.036399999999999974
2513	-0.6760526315789473
2514	0.31392405063291134
2515	-0.37525714285714284
2516	0.0397222222222222
2517	0.20130952380952372
2518	-0.6045454545454546
2519	-0.19647058823529412
2520	0.1475641025641025
2521	-0.09797468354430378
2522	0.10999999999999997
2523	-1.067
2524	0.3503508771929824
2525	-0.17714285714285716
2526	-0.1986021505376344
2527	-0.7494936708860759
2528	-0.16768328445747802
2529	-0.1491803278688525
2530	0.12638095238095237
2531	-0.09261261261261262
2532	0.42297709923664123
2533	0.689032258064516
2534	-1.0865277777777775
2535	-0.6258878504672897
2536	0.6584999999999999
2537	-0.21923076923076926
2538	-0.4377714285714285
2539	-0.3039408866995074
2540	-1.0269117647058823
2541	-0.37200000000000005
2542	-0.5903603603603603
2543	-0.7031578947368421
2544	-0.41650793650793655
2545	-0.7141509433962264
2546	0.4665217391304348
2547	0.3996610169491525
2548	-0.8473684210526315
2549	-0.03749999999999999
2550	-0.3540639269406393
2551	0.5577083333333333
2552	0.1731896551724138
2553	-0.14288000000000003
2554	-1.1414349775784753
2555	-0.7257931034482759
2556	-0.7336470588235295
2557	-0.21342657342657345
2558	-0.15145593869731802
2559	-0.30931707317073165
2560	0.23995652173913043
2561	-0.3432352941176471
2562	-0.6486407766990292
2563	0.28756097560975613
2564	0.0796296296296296
2565	-0.3876923076923076
2566	-0.6975490196078432
2567	-0.06631578947368424
2568	0.16240437158469948
2569	-1.056521739130435
2570	-0.7614403292181069
2571	-0.2447058823529412
2572	-0.133855421686747
2573	-0.19509803921568625
2574	-0.1120812182741117
2575	-0.5140590405904059
2576	-0.8568125
2577	-0.514054054054054
2578	-1.0936666666666668
2579	-0.435440414507772
2580	-0.9502463054187191
2581	-0.3740495867768595
2582	-0.41059259259259256
2583	0.2860810810810811
2584	-0.30824427480916033
2585	-0.07379310344827586
2586	-0.997945205479452
2587	-0.3036538461538462
2588	-0.1211764705882353
2589	-1.1305
2590	-0.22543478260869568
2591	-0.3184574468085106
2592	-0.7062913907284769
2593	0.07966292134831464
2594	-0.1791428571428571
2595	0.0841095890410959
2596	-0.4186805555555556
2597	0.11758620689655176
2598	-0.16099999999999998
2599	0.7535294117647058
2600	-1.3772881355932203
2601	0.13174496644295303
2602	-0.03971428571428573
2603	-0.6273469387755103
2604	-0.46174418604651163
2605	0.04721854304635764
2606	-0.6264516129032257
2607	-0.47178217821782176
2608	-0.5376712328767124
2609	-0.11541984732824426
2610	0.5081481481481482
2611	0.08873170731707312
2612	-0.8061764705882354
2613	-0.6795454545454546
2614	-1.9508823529411767
2615	-1.1085161290322583
2616	0.6727358490566038
2617	0.0457051282051282
2618	-0.007717391304347816
2619	0.3678787878787879
2620	-0.8115294117647059
2621	0.23573275862068965
2622	0.36810810810810807
2623	-0.3697916666666667
2624	-0.3655555555555555
2625	-0.7170689655172414
2626	0.6109036144578313
2627	0.08816091954022988
2628	0.48528089887640447
2629	-1.0
2630	0.006901408450704254
2631	-0.739485294117647
2632	-0.6750364963503649
2633	-1.4302127659574468
2634	0.4997169811320755
2635	-0.3113095238095238
2636	-1.846901408450704
2637	-0.49381395348837215
2638	0.15237804878048777
2639	-0.3782089552238806
2640	-0.014637681159420287
2641	0.34759493670886077
2642	-0.442962962962963
2643	-0.8178991596638655
2644	0.17175257731958762
2645	0.5876712328767122
2646	-0.1111111111111111
2647	-0.08
2648	0.42166666666666663
2649	0.1872023809523809
2650	-1.4148780487804875
2651	-0.8761111111111112
2652	-0.924301886792453
2653	-0.0673061224489796
2654	-1.2321739130434781
2655	-0.3994713656387665
2656	-0.7647727272727273
2657	-0.27841666666666665
2658	-0.696961325966851
2659	-0.03145833333333335
2660	-0.48480769230769233
2661	-0.7221518987341773
2662	0.48800000000000004
2663	-0.17742857142857146
2664	-0.21514778325123154
2665	-0.08268518518518521
2666	-1.1163703703703702
2667	-0.042024539877300635
2668	-0.8625683060109289
2669	-0.22109756097560979
2670	-1.7078723404255318
2671	0.5907575757575758
2672	-0.6622105263157895
2673	0.09699152542372876
2674	-0.3896850393700787
2675	-0.32269565217391316
2676	-0.4006611570247933
2677	-0.32247252747252747
2678	-0.03322033898305088
2679	-0.6217307692307692
2680	-0.3588932806324111
2681	-0.17290960451977402
2682	-1.169622641509434
2683	0.19028985507246376
2684	0.023235294117647076
2685	-0.7791447368421052
2686	0.23761506276150626
2687	0.15866666666666665
2688	-0.8430000000000001
2689	0.6880769230769229
2690	-0.31344827586206897
2691	-0.4207627118644068
2692	0.4519028340080971
2693	0.26371621621621616
2694	0.10836448598130843
2695	0.25892857142857145
2696	-0.9062745098039215
2697	-1.0764485981308411
2698	0.1395
2699	-0.14612068965517241
2700	-0.011126279863481246
2701	-0.3180369515011547
2702	-0.6828888888888889
2703	0.08650485436893206
2704	-0.5903100775193799
2705	-0.3140740740740741
2706	-1.2315384615384615
2707	0.2926174496644295
2708	-0.6706918238993711
2709	0.15737704918032785
2710	0.03549019607843141
2711	-0.1785433070866142
2712	0.36
2713	-0.3083969465648855
2714	-0.04052631578947368
2715	-0.12141463414634149
2716	-0.6074261603375528
2717	-0.4707210031347962
2718	-0.3974766355140187
2719	-0.24939024390243902
2720	-0.31416666666666665
2721	-0.5801657458563535
2722	-0.7310447761194029
2723	-0.5742205323193915
2724	-0.11487603305785128
2725	-0.84
2726	0.2953365384615384
2727	-1.4953773584905659
2728	-0.5733121019108279
2729	0.22322869955156951
2730	0.007523364485981339
2731	-1.8930548302872061
2732	-1.17825
2733	-0.3657241379310345
2734	-0.7808571428571427
2735	-1.6730882352941179
2736	-1.2956281407035175
2737	0.06223684210526317
2738	-0.07026666666666666
2739	-0.6950190114068443
2740	-0.23505555555555557
2741	-0.27301333333333333
2742	0.6373333333333334
2743	-0.20483870967741935
2744	-1.126914498141264
2745	-0.7402102102102102
2746	-0.9141201716738198
2747	-0.28500000000000003
2748	0.26111111111111107
2749	0.3666250000000001
2750	0.738315789473684
2751	0.28297297297297297
2752	-0.5681460674157303
2753	0.0979310344827586
2754	-0.4479251700680272
2755	-0.07005076142131979
2756	-0.11152439024390243
2757	-0.04915966386554623
2758	-0.8713492063492064
2759	-0.04008695652173916
2760	0.11437037037037036
2761	-0.2045454545454545
2762	0.06759916492693106
2763	-0.38786764705882354
2764	-0.7272972972972972
2765	-0.13185714285714287
2766	0.036835616438356145
2767	-0.26263157894736844
2768	-0.4212406015037594
2769	0.14785478547854786
2770	-0.9836474164133738
2771	-0.9716666666666667
2772	-1.151807692307692
2773	-0.14902255639097742
2774	0.09464052287581702
2775	-0.36070588235294115
2776	0.22981132075471697
2777	-0.17073426573426573
2778	-0.2448971193415638
2779	-0.0748888888888889
2780	-0.3653868194842406
2781	-0.38156716417910447
2782	-0.02237569060773486
2783	-0.7843137254901961
2784	-0.9650000000000001
2785	0.2297329376854599
2786	-0.04796610169491527
2787	-0.33861646234676
2788	-0.0498876404494382
2789	0.6956521739130433
2790	0.14423809523809522
2791	0.057692307692307675
2792	-0.1768826815642458
2793	-0.44555240793201134
2794	-0.57625
2795	0.25873711340206185
2796	-0.4790561224489795
2797	-0.12034782608695653
2798	-1.2399999999999998
2799	-0.7765000000000001
2800	-0.9451958224543081
2801	-0.5735462555066079
2802	-0.22380952380952382
2803	-0.32625514403292183
2804	-1.147741935483871
2805	-0.21589519650655026
2806	-0.6488461538461537
2807	0.0898019801980198
2808	-0.4795845697329379
2809	-0.21426791277258567
2810	-0.4361068702290076
2811	-0.6244444444444444
2812	0.045272727272727256
2813	-0.015121951219512219
2814	-0.7287709497206704
2815	0.20533333333333334
2816	-0.1750498338870432
2817	-0.29738219895287954
2818	-0.13406852248394005
2819	-0.8536842105263157
2820	-0.4352982456140351
2821	-0.00682242990654206
2822	-0.04215434083601288
2823	-1.6887800687285222
2824	0.17375
2825	0.4593939393939395
2826	-0.10940758293838865
2827	-0.7312037037037036
2828	-0.2866771159874608
2829	0.9647668393782383
2830	-0.0619529411764706
2831	-0.46656249999999994
2832	-0.24307692307692305
2833	-0.6454642857142857
2834	-0.21751256281407033
2835	-0.40683274021352317
2836	0.5314634146341463
2837	-0.8151492537313433
2838	-0.454055944055944
2839	-0.10243445692883896
2840	-0.5357142857142856
2841	0.5758362989323842
2842	-0.14611940298507467
2843	-0.25
2844	-0.7647826086956522
2845	0.04176136363636366
2846	-0.4312309820193637
2847	-0.9753781512605041
2848	0.2214698795180723
2849	-0.05125954198473282
2850	-0.6513827655310621
2851	-0.7740441176470588
2852	0.3511190476190476
2853	-0.18081632653061222
2854	-0.5255357142857141
2855	0.06594720496894407
2856	-0.016880733944954138
2857	-1.6902066772655007
2858	-0.4476446280991736
2859	-0.1928265306122449
2860	0.045058236272878506
2861	-0.05527649769585255
2862	-0.021466666666666693
2863	0.10930555555555556
2864	-0.7288888888888889
2865	-0.6828282828282828
2866	-0.31073529411764705
2867	-0.18663194444444445
2868	-0.6649367088607595
2869	0.0015789473684210363
2870	0.5042105263157893
2871	-0.6672330097087378
2872	-0.4716666666666667
2873	-0.7296341463414634
2874	-0.3506808510638298
2875	-0.4072300469483568
2876	0.2628488372093023
2877	-0.42148688046647237
2878	-0.6877319587628866
2879	0.011935483870967743
2880	-0.38682474226804126
2881	-0.16772244897959185
2882	0.045806451612903205
2883	-0.02590909090909093
2884	-0.41937308868501527
2885	-1.6885365853658534
2886	-0.12179310344827583
2887	-1.000396600566572
2888	-0.02237421383647801
2889	-0.41885793871866306
2890	-0.5519218241042345
2891	-1.2127272727272727
2892	-0.5624886877828055
2893	-0.3973913043478261
2894	-0.2063505154639175
2895	-0.2796470588235294
2896	-0.2603246753246753
2897	-0.5461478599221788
2898	-0.11384375000000002
2899	-0.5066390041493775
2900	-0.28055555555555556
2901	0.4177327327327327
2902	-0.19100000000000003
2903	0.6123664122137404
2904	0.003552631578947351
2905	-0.3315901060070672
2906	-0.6887951807228916
2907	0.10081712062256809
2908	-0.6873489932885906
2909	-0.8142807017543859
2910	-0.5381753554502369
2911	-0.41569807037457435
2912	-0.20285379202501957
2913	-0.13594072164948454
2914	-0.3714560161779575
2915	0.1692857142857143
2916	-0.4898022598870056
2917	-0.2795740561471442
2918	0.02349999999999998
2919	-0.23355227882037533
2920	-0.49585215605749494
2921	-0.3562388059701493
2922	-0.012805139186295519
2923	-1.683425797503467
2924	-0.13261290322580652
2925	0.5454999999999999
2926	-0.40608173076923065
2927	-0.4722857142857143
2928	-0.06990706319702603
2929	0.17970149253731338
2930	-0.29380453752181507
2931	-0.23573372206025267
2932	0.00241071428571427
2933	-1.0720529801324503
2934	-0.1550785340314136
2935	-0.2527315634218289
2936	-0.15387596899224806
2937	-0.7707027649769586
2938	-0.18451612903225806
2939	-0.7510578512396694
2940	0.8222839506172839
2941	0.0153809523809524
2942	-0.2650065019505852
2943	0.09523489932885906
2944	-0.31116389548693585
2945	-0.4456559766763848
2946	-0.27165158371040726
2947	-0.20802030456852794
2948	-0.5033664596273293
2949	-0.6516573033707865
2950	-0.018127812781278146
2951	-0.45283154121863783
2952	-0.4265361077111383
2953	-0.21132165605095543
2954	-0.323530701754386
2955	-0.07178378378378378
2956	0.41867674858223053
2957	-0.22760724124360485
2958	-1.1848458149779735
2959	0.06460111317254175
2960	0.46647382920110186
2961	0.17
2962	-0.5030654205607478
2963	-0.3015659955257271
2964	-0.10580310880829022
2965	-0.49701916721744877
2966	0.09102189781021897
2967	-0.04479323308270684
2968	-0.4059414225941423
2969	-0.18479653679653676
2970	-0.1880923694779117
2971	-0.15314997405293201
2972	-0.21920570264765787
2973	-0.36678603006189214
2974	-0.2628958944281525
2975	-0.08116591928251121
2976	-0.5629306930693069
2977	-0.21490666666666663
2978	0.2121884498480243
2979	0.2001552287581699
2980	-0.8493584784010316
2981	-0.08291504286827746
2982	-0.12259116022099452
2983	-0.5825869954265261
2984	-0.25030399434429124
2985	-0.20047424013796078
2986	-0.3409633784229627
2987	-0.11479501698754245
2988	-0.33821031344792724
2989	-0.4521941489361702
2990	-0.21966777408637878
2991	-0.3726640271493213
2992	-0.3166837606837607
2993	-0.43983741096314655
2994	-0.37471657754010695
2995	-0.12524459845087646
2996	-0.4009789909961412
2997	-0.23184827815671274
2998	-0.14618212992951038
2999	-0.1435325292397661
3000	-0.3509103043246129
3001	-0.34851874691662554
3002	-0.3492745064956977
3003	-0.13325307290789698
3004	-0.2657480015226495
3005	-0.3483208773354996
