cluster1	cluster2	clusterNew	distance	size
721.0	1046.0	1508.0	-6.708	54.0
1407.0	1417.0	1509.0	-5.985	17.0
722.0	1047.0	1510.0	-5.808	52.0
618.0	1139.0	1511.0	-5.555	39.0
92.0	903.0	1512.0	-5.405	78.0
755.0	1279.0	1513.0	-5.302	33.0
564.0	1495.0	1514.0	-5.076	24.0
1044.0	1512.0	1515.0	-4.876	96.0
1396.0	1434.0	1516.0	-4.857	12.0
1223.0	1455.0	1517.0	-4.821	22.0
508.0	1420.0	1518.0	-4.789	27.0
1014.0	1253.0	1519.0	-4.748	33.0
111.0	568.0	1520.0	-4.733	61.0
671.0	716.0	1521.0	-4.691	48.0
67.0	385.0	1522.0	-4.662	33.0
94.0	1508.0	1523.0	-4.514	84.0
902.0	1415.0	1524.0	-4.5	20.0
40.0	633.0	1525.0	-4.46	53.0
664.0	1369.0	1526.0	-4.438	38.0
8.0	291.0	1527.0	-4.42	35.0
754.0	1411.0	1528.0	-4.411	36.0
9.0	292.0	1529.0	-4.396	34.0
289.0	531.0	1530.0	-4.368	47.0
752.0	1222.0	1531.0	-4.336	45.0
153.0	343.0	1532.0	-4.276	69.0
896.0	995.0	1533.0	-4.224	39.0
1138.0	1221.0	1534.0	-4.221	31.0
666.0	1394.0	1535.0	-4.191	32.0
411.0	1170.0	1536.0	-4.157	26.0
1224.0	1456.0	1537.0	-4.15	18.0
330.0	1196.0	1538.0	-4.123	39.0
907.0	1379.0	1539.0	-4.121	33.0
36.0	1136.0	1540.0	-4.118	55.0
619.0	1140.0	1541.0	-4.102	44.0
328.0	1123.0	1542.0	-4.038	44.0
937.0	1089.0	1543.0	-4.028	27.0
651.0	929.0	1544.0	-3.988	41.0
55.0	714.0	1545.0	-3.984	58.0
77.0	1167.0	1546.0	-3.982	27.0
725.0	1050.0	1547.0	-3.93	38.0
327.0	1122.0	1548.0	-3.904	40.0
663.0	779.0	1549.0	-3.88	45.0
730.0	1484.0	1550.0	-3.879	20.0
672.0	717.0	1551.0	-3.874	57.0
201.0	670.0	1552.0	-3.871	63.0
110.0	1094.0	1553.0	-3.813	52.0
329.0	1502.0	1554.0	-3.812	28.0
326.0	1121.0	1555.0	-3.75	37.0
75.0	1214.0	1556.0	-3.745	51.0
1188.0	1218.0	1557.0	-3.733	28.0
412.0	1398.0	1558.0	-3.731	31.0
149.0	682.0	1559.0	-3.73	42.0
673.0	795.0	1560.0	-3.72	50.0
41.0	634.0	1561.0	-3.706	62.0
138.0	323.0	1562.0	-3.683	55.0
95.0	1510.0	1563.0	-3.669	82.0
563.0	1416.0	1564.0	-3.669	46.0
1106.0	1300.0	1565.0	-3.654	31.0
1048.0	1539.0	1566.0	-3.652	56.0
1192.0	1549.0	1567.0	-3.613	57.0
1509.0	1514.0	1568.0	-3.596	41.0
1372.0	1413.0	1569.0	-3.557	17.0
115.0	324.0	1570.0	-3.545	55.0
675.0	765.0	1571.0	-3.538	60.0
950.0	1230.0	1572.0	-3.537	25.0
147.0	1252.0	1573.0	-3.522	43.0
578.0	1464.0	1574.0	-3.506	29.0
196.0	342.0	1575.0	-3.498	66.0
774.0	1113.0	1576.0	-3.474	44.0
481.0	948.0	1577.0	-3.463	35.0
368.0	1182.0	1578.0	-3.462	34.0
1370.0	1528.0	1579.0	-3.454	42.0
655.0	1274.0	1580.0	-3.434	32.0
59.0	1180.0	1581.0	-3.431	46.0
498.0	1227.0	1582.0	-3.421	34.0
136.0	635.0	1583.0	-3.417	59.0
1104.0	1459.0	1584.0	-3.416	25.0
212.0	693.0	1585.0	-3.413	49.0
1335.0	1524.0	1586.0	-3.412	36.0
284.0	1406.0	1587.0	-3.409	39.0
13.0	1436.0	1588.0	-3.381	40.0
396.0	1322.0	1589.0	-3.375	43.0
1002.0	1515.0	1590.0	-3.34	107.0
7.0	290.0	1591.0	-3.339	42.0
68.0	356.0	1592.0	-3.332	45.0
15.0	1049.0	1593.0	-3.329	54.0
107.0	146.0	1594.0	-3.321	68.0
541.0	1516.0	1595.0	-3.315	26.0
698.0	935.0	1596.0	-3.294	26.0
319.0	1240.0	1597.0	-3.289	28.0
1364.0	1405.0	1598.0	-3.25	17.0
332.0	566.0	1599.0	-3.24	60.0
227.0	1190.0	1600.0	-3.236	41.0
751.0	928.0	1601.0	-3.232	63.0
599.0	930.0	1602.0	-3.231	38.0
38.0	844.0	1603.0	-3.228	48.0
321.0	640.0	1604.0	-3.227	29.0
150.0	197.0	1605.0	-3.219	61.0
102.0	936.0	1606.0	-3.211	34.0
575.0	1557.0	1607.0	-3.199	49.0
464.0	596.0	1608.0	-3.196	37.0
288.0	530.0	1609.0	-3.192	32.0
1350.0	1466.0	1610.0	-3.188	20.0
620.0	1141.0	1611.0	-3.184	32.0
140.0	325.0	1612.0	-3.178	52.0
1084.0	1266.0	1613.0	-3.175	26.0
720.0	1045.0	1614.0	-3.167	50.0
296.0	298.0	1615.0	-3.165	60.0
478.0	1532.0	1616.0	-3.164	91.0
683.0	1107.0	1617.0	-3.161	45.0
65.0	1604.0	1618.0	-3.156	44.0
71.0	749.0	1619.0	-3.154	65.0
953.0	1267.0	1620.0	-3.145	22.0
369.0	1183.0	1621.0	-3.095	40.0
372.0	892.0	1622.0	-3.094	42.0
200.0	1215.0	1623.0	-3.073	36.0
897.0	1526.0	1624.0	-3.04	51.0
195.0	636.0	1625.0	-3.018	56.0
944.0	1429.0	1626.0	-3.0	26.0
366.0	1302.0	1627.0	-2.99	38.0
1135.0	1564.0	1628.0	-2.988	67.0
1200.0	1503.0	1629.0	-2.987	20.0
56.0	1177.0	1630.0	-2.98	35.0
947.0	1485.0	1631.0	-2.971	23.0
626.0	1595.0	1632.0	-2.944	41.0
986.0	1296.0	1633.0	-2.944	33.0
945.0	1430.0	1634.0	-2.935	29.0
643.0	1334.0	1635.0	-2.931	39.0
993.0	1366.0	1636.0	-2.925	23.0
352.0	951.0	1637.0	-2.917	43.0
285.0	526.0	1638.0	-2.895	42.0
1195.0	1554.0	1639.0	-2.891	44.0
1147.0	1521.0	1640.0	-2.89	59.0
394.0	1151.0	1641.0	-2.882	53.0
57.0	1178.0	1642.0	-2.88	30.0
835.0	1320.0	1643.0	-2.879	27.0
753.0	1511.0	1644.0	-2.878	67.0
496.0	562.0	1645.0	-2.877	46.0
1158.0	1476.0	1646.0	-2.877	27.0
674.0	764.0	1647.0	-2.856	39.0
17.0	1133.0	1648.0	-2.813	54.0
74.0	1213.0	1649.0	-2.813	46.0
504.0	1082.0	1650.0	-2.805	45.0
750.0	1219.0	1651.0	-2.803	52.0
503.0	1164.0	1652.0	-2.798	40.0
1220.0	1601.0	1653.0	-2.792	90.0
1148.0	1551.0	1654.0	-2.788	75.0
769.0	863.0	1655.0	-2.773	34.0
949.0	1124.0	1656.0	-2.772	39.0
1280.0	1457.0	1657.0	-2.753	18.0
131.0	1611.0	1658.0	-2.751	54.0
727.0	1216.0	1659.0	-2.75	31.0
1486.0	1577.0	1660.0	-2.737	40.0
341.0	1349.0	1661.0	-2.734	57.0
649.0	927.0	1662.0	-2.727	48.0
340.0	881.0	1663.0	-2.723	67.0
66.0	641.0	1664.0	-2.714	40.0
164.0	1345.0	1665.0	-2.713	40.0
244.0	942.0	1666.0	-2.711	42.0
199.0	637.0	1667.0	-2.708	53.0
793.0	1507.0	1668.0	-2.702	31.0
1531.0	1534.0	1669.0	-2.7	76.0
933.0	1444.0	1670.0	-2.694	22.0
80.0	459.0	1671.0	-2.687	42.0
1157.0	1348.0	1672.0	-2.681	24.0
1225.0	1497.0	1673.0	-2.68	15.0
477.0	1103.0	1674.0	-2.676	31.0
116.0	1120.0	1675.0	-2.665	49.0
357.0	1062.0	1676.0	-2.66	37.0
646.0	1395.0	1677.0	-2.657	26.0
638.0	669.0	1678.0	-2.646	45.0
908.0	1007.0	1679.0	-2.643	23.0
539.0	761.0	1680.0	-2.642	33.0
665.0	1393.0	1681.0	-2.641	27.0
191.0	851.0	1682.0	-2.635	36.0
355.0	579.0	1683.0	-2.635	52.0
91.0	813.0	1684.0	-2.626	60.0
1409.0	1530.0	1685.0	-2.625	55.0
1066.0	1264.0	1686.0	-2.613	25.0
44.0	435.0	1687.0	-2.608	47.0
910.0	1596.0	1688.0	-2.607	39.0
1095.0	1520.0	1689.0	-2.607	77.0
79.0	458.0	1690.0	-2.605	36.0
1387.0	1432.0	1691.0	-2.6	14.0
118.0	1548.0	1692.0	-2.596	72.0
229.0	1567.0	1693.0	-2.587	77.0
392.0	625.0	1694.0	-2.567	60.0
476.0	1228.0	1695.0	-2.564	26.0
165.0	642.0	1696.0	-2.563	47.0
952.0	1613.0	1697.0	-2.559	41.0
354.0	384.0	1698.0	-2.556	37.0
228.0	1191.0	1699.0	-2.552	52.0
393.0	567.0	1700.0	-2.527	70.0
511.0	1482.0	1701.0	-2.524	29.0
84.0	624.0	1702.0	-2.508	45.0
81.0	770.0	1703.0	-2.502	52.0
161.0	1414.0	1704.0	-2.494	30.0
198.0	1625.0	1705.0	-2.49	86.0
1201.0	1287.0	1706.0	-2.476	28.0
1575.0	1674.0	1707.0	-2.476	97.0
0.0	580.0	1708.0	-2.465	57.0
728.0	1114.0	1709.0	-2.464	28.0
1109.0	1249.0	1710.0	-2.455	30.0
413.0	987.0	1711.0	-2.449	32.0
402.0	570.0	1712.0	-2.447	64.0
1408.0	1472.0	1713.0	-2.446	15.0
1033.0	1473.0	1714.0	-2.426	15.0
315.0	1443.0	1715.0	-2.419	36.0
69.0	109.0	1716.0	-2.412	50.0
141.0	1555.0	1717.0	-2.407	54.0
946.0	1441.0	1718.0	-2.401	33.0
623.0	1586.0	1719.0	-2.397	63.0
243.0	941.0	1720.0	-2.391	37.0
90.0	1465.0	1721.0	-2.382	41.0
154.0	344.0	1722.0	-2.375	75.0
101.0	1569.0	1723.0	-2.373	44.0
645.0	1166.0	1724.0	-2.371	23.0
1376.0	1568.0	1725.0	-2.357	52.0
180.0	542.0	1726.0	-2.349	32.0
1097.0	1342.0	1727.0	-2.344	26.0
824.0	1598.0	1728.0	-2.342	39.0
1137.0	1653.0	1729.0	-2.342	106.0
62.0	460.0	1730.0	-2.339	30.0
865.0	1161.0	1731.0	-2.335	33.0
729.0	1474.0	1732.0	-2.333	21.0
1131.0	1593.0	1733.0	-2.328	64.0
210.0	691.0	1734.0	-2.318	52.0
762.0	1093.0	1735.0	-2.313	36.0
365.0	383.0	1736.0	-2.307	24.0
676.0	766.0	1737.0	-2.304	55.0
1150.0	1298.0	1738.0	-2.3	29.0
882.0	1695.0	1739.0	-2.296	45.0
480.0	1199.0	1740.0	-2.291	45.0
1056.0	1498.0	1741.0	-2.289	14.0
475.0	1605.0	1742.0	-2.288	78.0
134.0	846.0	1743.0	-2.287	49.0
261.0	772.0	1744.0	-2.282	43.0
525.0	791.0	1745.0	-2.282	33.0
1504.0	1627.0	1746.0	-2.279	43.0
921.0	1566.0	1747.0	-2.274	70.0
994.0	1367.0	1748.0	-2.273	39.0
370.0	1229.0	1749.0	-2.264	33.0
303.0	573.0	1750.0	-2.263	52.0
1029.0	1193.0	1751.0	-2.262	26.0
1171.0	1558.0	1752.0	-2.261	42.0
295.0	320.0	1753.0	-2.26	45.0
621.0	1142.0	1754.0	-2.259	43.0
739.0	1194.0	1755.0	-2.258	32.0
88.0	1550.0	1756.0	-2.255	52.0
16.0	1132.0	1757.0	-2.252	55.0
78.0	361.0	1758.0	-2.25	35.0
502.0	536.0	1759.0	-2.25	46.0
923.0	1547.0	1760.0	-2.242	59.0
463.0	1168.0	1761.0	-2.24	25.0
629.0	1129.0	1762.0	-2.236	34.0
108.0	1584.0	1763.0	-2.234	63.0
527.0	1209.0	1764.0	-2.234	46.0
457.0	1620.0	1765.0	-2.231	34.0
82.0	1105.0	1766.0	-2.229	28.0
572.0	1145.0	1767.0	-2.224	42.0
763.0	1553.0	1768.0	-2.223	78.0
1351.0	1499.0	1769.0	-2.222	18.0
719.0	1647.0	1770.0	-2.219	54.0
386.0	1610.0	1771.0	-2.215	50.0
608.0	743.0	1772.0	-2.215	51.0
696.0	866.0	1773.0	-2.212	44.0
938.0	1090.0	1774.0	-2.204	43.0
1198.0	1623.0	1775.0	-2.197	61.0
956.0	961.0	1776.0	-2.19	19.0
314.0	322.0	1777.0	-2.182	38.0
1541.0	1579.0	1778.0	-2.181	86.0
771.0	812.0	1779.0	-2.18	51.0
509.0	1481.0	1780.0	-2.174	28.0
173.0	1392.0	1781.0	-2.165	36.0
1091.0	1694.0	1782.0	-2.16	72.0
371.0	1000.0	1783.0	-2.154	48.0
447.0	1021.0	1784.0	-2.143	29.0
648.0	1169.0	1785.0	-2.143	32.0
3.0	1054.0	1786.0	-2.14	35.0
144.0	569.0	1787.0	-2.129	47.0
1440.0	1634.0	1788.0	-2.124	39.0
467.0	823.0	1789.0	-2.12	37.0
1527.0	1603.0	1790.0	-2.113	83.0
1083.0	1616.0	1791.0	-2.102	117.0
506.0	681.0	1792.0	-2.1	22.0
1115.0	1247.0	1793.0	-2.094	22.0
723.0	1059.0	1794.0	-2.091	34.0
26.0	72.0	1795.0	-2.086	60.0
668.0	1542.0	1796.0	-2.076	78.0
1354.0	1435.0	1797.0	-2.067	11.0
1143.0	1704.0	1798.0	-2.061	42.0
1181.0	1477.0	1799.0	-2.048	28.0
592.0	1347.0	1800.0	-2.043	36.0
899.0	998.0	1801.0	-2.033	22.0
710.0	1160.0	1802.0	-2.029	27.0
93.0	1614.0	1803.0	-2.028	81.0
1016.0	1255.0	1804.0	-2.024	20.0
333.0	1560.0	1805.0	-2.015	72.0
338.0	1346.0	1806.0	-2.015	38.0
45.0	436.0	1807.0	-2.01	53.0
20.0	279.0	1808.0	-1.987	53.0
628.0	1470.0	1809.0	-1.983	28.0
639.0	1552.0	1810.0	-1.973	89.0
128.0	1463.0	1811.0	-1.968	30.0
6.0	1685.0	1812.0	-1.963	77.0
42.0	880.0	1813.0	-1.944	59.0
473.0	1519.0	1814.0	-1.944	54.0
351.0	686.0	1815.0	-1.943	36.0
982.0	1546.0	1816.0	-1.94	43.0
474.0	1501.0	1817.0	-1.938	21.0
571.0	1251.0	1818.0	-1.928	42.0
1582.0	1583.0	1819.0	-1.925	93.0
1278.0	1517.0	1820.0	-1.922	29.0
294.0	497.0	1821.0	-1.918	42.0
733.0	810.0	1822.0	-1.917	30.0
973.0	1117.0	1823.0	-1.914	38.0
76.0	859.0	1824.0	-1.911	65.0
448.0	1543.0	1825.0	-1.909	45.0
194.0	834.0	1826.0	-1.908	42.0
312.0	662.0	1827.0	-1.908	52.0
335.0	767.0	1828.0	-1.898	52.0
627.0	1397.0	1829.0	-1.893	20.0
159.0	414.0	1830.0	-1.888	39.0
699.0	869.0	1831.0	-1.887	43.0
532.0	1454.0	1832.0	-1.883	29.0
137.0	1250.0	1833.0	-1.876	60.0
484.0	512.0	1834.0	-1.874	24.0
14.0	1130.0	1835.0	-1.862	46.0
61.0	862.0	1836.0	-1.862	40.0
122.0	1355.0	1837.0	-1.857	37.0
685.0	1727.0	1838.0	-1.856	42.0
211.0	692.0	1839.0	-1.853	67.0
574.0	1187.0	1840.0	-1.839	37.0
53.0	207.0	1841.0	-1.832	62.0
283.0	1312.0	1842.0	-1.83	33.0
472.0	555.0	1843.0	-1.821	50.0
313.0	1689.0	1844.0	-1.817	107.0
777.0	1116.0	1845.0	-1.814	31.0
275.0	446.0	1846.0	-1.813	46.0
1275.0	1453.0	1847.0	-1.812	18.0
347.0	1307.0	1848.0	-1.808	65.0
318.0	1144.0	1849.0	-1.804	34.0
768.0	1655.0	1850.0	-1.804	55.0
39.0	677.0	1851.0	-1.801	59.0
607.0	742.0	1852.0	-1.8	46.0
190.0	1301.0	1853.0	-1.797	55.0
145.0	1712.0	1854.0	-1.795	85.0
1265.0	1678.0	1855.0	-1.78	56.0
300.0	1621.0	1856.0	-1.776	77.0
991.0	1622.0	1857.0	-1.775	58.0
433.0	535.0	1858.0	-1.774	37.0
1338.0	1640.0	1859.0	-1.765	67.0
1017.0	1352.0	1860.0	-1.753	18.0
31.0	1271.0	1861.0	-1.752	31.0
297.0	1236.0	1862.0	-1.748	46.0
381.0	860.0	1863.0	-1.744	29.0
63.0	461.0	1864.0	-1.742	32.0
926.0	1702.0	1865.0	-1.741	72.0
598.0	1323.0	1866.0	-1.74	42.0
510.0	1505.0	1867.0	-1.733	20.0
609.0	1360.0	1868.0	-1.733	41.0
999.0	1333.0	1869.0	-1.727	28.0
35.0	1012.0	1870.0	-1.722	53.0
632.0	1760.0	1871.0	-1.714	82.0
1424.0	1447.0	1872.0	-1.714	15.0
1272.0	1645.0	1873.0	-1.713	56.0
711.0	1692.0	1874.0	-1.71	94.0
894.0	1636.0	1875.0	-1.692	36.0
1162.0	1197.0	1876.0	-1.691	33.0
58.0	1179.0	1877.0	-1.688	45.0
73.0	1212.0	1878.0	-1.676	53.0
1096.0	1571.0	1879.0	-1.675	78.0
718.0	1297.0	1880.0	-1.671	30.0
680.0	773.0	1881.0	-1.668	40.0
245.0	1656.0	1882.0	-1.662	77.0
1080.0	1672.0	1883.0	-1.659	45.0
346.0	1594.0	1884.0	-1.658	116.0
759.0	1545.0	1885.0	-1.657	77.0
984.0	1067.0	1886.0	-1.645	33.0
353.0	521.0	1887.0	-1.64	20.0
653.0	931.0	1888.0	-1.635	59.0
316.0	1087.0	1889.0	-1.634	52.0
18.0	615.0	1890.0	-1.633	47.0
395.0	1152.0	1891.0	-1.633	61.0
1217.0	1709.0	1892.0	-1.629	41.0
37.0	1715.0	1893.0	-1.628	59.0
222.0	595.0	1894.0	-1.618	43.0
1525.0	1743.0	1895.0	-1.617	102.0
1523.0	1837.0	1896.0	-1.616	121.0
914.0	939.0	1897.0	-1.615	36.0
440.0	679.0	1898.0	-1.606	54.0
1629.0	1660.0	1899.0	-1.606	60.0
1068.0	1536.0	1900.0	-1.605	41.0
590.0	1500.0	1901.0	-1.6	24.0
1400.0	1438.0	1902.0	-1.6	17.0
1654.0	1735.0	1903.0	-1.587	111.0
471.0	554.0	1904.0	-1.577	66.0
644.0	1165.0	1905.0	-1.575	35.0
845.0	1798.0	1906.0	-1.573	64.0
64.0	462.0	1907.0	-1.571	25.0
151.0	684.0	1908.0	-1.57	33.0
538.0	1650.0	1909.0	-1.568	59.0
1326.0	1365.0	1910.0	-1.567	23.0
219.0	1079.0	1911.0	-1.552	40.0
954.0	1772.0	1912.0	-1.544	64.0
702.0	1329.0	1913.0	-1.537	28.0
274.0	445.0	1914.0	-1.533	60.0
1469.0	1646.0	1915.0	-1.533	32.0
454.0	1149.0	1916.0	-1.53	50.0
667.0	1677.0	1917.0	-1.526	48.0
1540.0	1580.0	1918.0	-1.521	87.0
818.0	1676.0	1919.0	-1.52	49.0
981.0	1112.0	1920.0	-1.513	25.0
576.0	1189.0	1921.0	-1.51	35.0
1100.0	1314.0	1922.0	-1.508	16.0
507.0	1286.0	1923.0	-1.5	17.0
1226.0	1673.0	1924.0	-1.497	28.0
259.0	495.0	1925.0	-1.49	38.0
166.0	1764.0	1926.0	-1.489	58.0
139.0	1431.0	1927.0	-1.475	39.0
203.0	1706.0	1928.0	-1.462	66.0
1013.0	1573.0	1929.0	-1.459	68.0
142.0	1388.0	1930.0	-1.458	20.0
839.0	1489.0	1931.0	-1.455	38.0
990.0	1373.0	1932.0	-1.446	30.0
697.0	867.0	1933.0	-1.445	32.0
456.0	1108.0	1934.0	-1.436	34.0
1644.0	1820.0	1935.0	-1.429	96.0
362.0	397.0	1936.0	-1.426	40.0
678.0	1779.0	1937.0	-1.422	73.0
906.0	1563.0	1938.0	-1.416	100.0
1282.0	1719.0	1939.0	-1.416	77.0
654.0	1273.0	1940.0	-1.413	40.0
1768.0	1805.0	1941.0	-1.402	150.0
661.0	1076.0	1942.0	-1.4	29.0
317.0	1814.0	1943.0	-1.395	77.0
1134.0	1374.0	1944.0	-1.39	30.0
391.0	1716.0	1945.0	-1.382	78.0
286.0	1176.0	1946.0	-1.376	29.0
1471.0	1788.0	1947.0	-1.375	50.0
482.0	1450.0	1948.0	-1.368	32.0
465.0	597.0	1949.0	-1.362	35.0
251.0	689.0	1950.0	-1.36	49.0
796.0	804.0	1951.0	-1.352	29.0
29.0	1269.0	1952.0	-1.348	35.0
886.0	1232.0	1953.0	-1.342	33.0
1184.0	1234.0	1954.0	-1.325	18.0
52.0	1270.0	1955.0	-1.323	60.0
709.0	1675.0	1956.0	-1.316	63.0
192.0	408.0	1957.0	-1.289	38.0
271.0	1769.0	1958.0	-1.289	42.0
112.0	1777.0	1959.0	-1.279	53.0
438.0	734.0	1960.0	-1.274	51.0
1631.0	1740.0	1961.0	-1.274	68.0
89.0	1118.0	1962.0	-1.273	40.0
350.0	437.0	1963.0	-1.273	61.0
1244.0	1759.0	1964.0	-1.267	53.0
54.0	1154.0	1965.0	-1.263	60.0
1146.0	1782.0	1966.0	-1.261	81.0
1174.0	1587.0	1967.0	-1.256	51.0
830.0	1356.0	1968.0	-1.25	22.0
1001.0	1698.0	1969.0	-1.25	49.0
978.0	1537.0	1970.0	-1.247	34.0
732.0	1294.0	1971.0	-1.244	28.0
873.0	1310.0	1972.0	-1.244	24.0
1576.0	1659.0	1973.0	-1.241	75.0
85.0	748.0	1974.0	-1.237	49.0
724.0	1733.0	1975.0	-1.236	80.0
888.0	1439.0	1976.0	-1.235	27.0
1487.0	1765.0	1977.0	-1.229	39.0
23.0	556.0	1978.0	-1.225	58.0
1449.0	1753.0	1979.0	-1.218	50.0
1544.0	1599.0	1980.0	-1.217	101.0
232.0	1657.0	1981.0	-1.214	45.0
1513.0	1658.0	1982.0	-1.21	87.0
50.0	349.0	1983.0	-1.209	75.0
972.0	1855.0	1984.0	-1.205	72.0
86.0	1817.0	1985.0	-1.192	46.0
167.0	528.0	1986.0	-1.189	66.0
70.0	1974.0	1987.0	-1.185	89.0
537.0	1652.0	1988.0	-1.176	59.0
505.0	552.0	1989.0	-1.174	40.0
1186.0	1451.0	1990.0	-1.174	24.0
1336.0	1865.0	1991.0	-1.173	92.0
898.0	997.0	1992.0	-1.172	30.0
401.0	1787.0	1993.0	-1.169	74.0
983.0	1686.0	1994.0	-1.168	40.0
235.0	1040.0	1995.0	-1.166	34.0
747.0	1926.0	1996.0	-1.161	75.0
388.0	1739.0	1997.0	-1.159	71.0
389.0	775.0	1998.0	-1.159	47.0
901.0	1281.0	1999.0	-1.159	23.0
22.0	1680.0	2000.0	-1.15	70.0
170.0	1591.0	2001.0	-1.15	64.0
1375.0	1628.0	2002.0	-1.149	76.0
494.0	560.0	2003.0	-1.143	40.0
113.0	1085.0	2004.0	-1.14	43.0
922.0	1975.0	2005.0	-1.138	103.0
1496.0	1832.0	2006.0	-1.138	37.0
208.0	872.0	2007.0	-1.137	49.0
1018.0	1353.0	2008.0	-1.132	20.0
1522.0	1635.0	2009.0	-1.129	72.0
959.0	1776.0	2010.0	-1.122	35.0
174.0	967.0	2011.0	-1.12	37.0
489.0	1288.0	2012.0	-1.116	22.0
1128.0	1935.0	2013.0	-1.116	105.0
838.0	1172.0	2014.0	-1.109	37.0
1015.0	1254.0	2015.0	-1.101	20.0
1316.0	1661.0	2016.0	-1.101	69.0
1506.0	1701.0	2017.0	-1.097	34.0
843.0	1893.0	2018.0	-1.088	82.0
158.0	483.0	2019.0	-1.086	42.0
249.0	940.0	2020.0	-1.085	37.0
1770.0	1844.0	2021.0	-1.078	161.0
230.0	1608.0	2022.0	-1.075	61.0
932.0	1311.0	2023.0	-1.071	19.0
1691.0	1717.0	2024.0	-1.067	68.0
647.0	883.0	2025.0	-1.062	43.0
19.0	100.0	2026.0	-1.06	47.0
1377.0	1809.0	2027.0	-1.057	33.0
879.0	1448.0	2028.0	-1.053	25.0
1488.0	1724.0	2029.0	-1.052	28.0
453.0	1042.0	2030.0	-1.044	33.0
262.0	934.0	2031.0	-1.043	40.0
216.0	758.0	2032.0	-1.036	53.0
407.0	442.0	2033.0	-1.034	47.0
1092.0	1763.0	2034.0	-1.023	72.0
1319.0	1483.0	2035.0	-1.02	20.0
968.0	1637.0	2036.0	-1.019	58.0
299.0	811.0	2037.0	-1.018	63.0
1119.0	1570.0	2038.0	-1.018	68.0
135.0	847.0	2039.0	-1.008	46.0
895.0	1748.0	2040.0	-1.003	49.0
808.0	1163.0	2041.0	-1.0	31.0
1912.0	2014.0	2042.0	-0.995	101.0
302.0	1185.0	2043.0	-0.992	47.0
529.0	1428.0	2044.0	-0.987	32.0
469.0	825.0	2045.0	-0.981	43.0
703.0	1330.0	2046.0	-0.977	35.0
989.0	1341.0	2047.0	-0.977	19.0
594.0	731.0	2048.0	-0.975	44.0
48.0	1156.0	2049.0	-0.973	51.0
32.0	417.0	2050.0	-0.97	26.0
827.0	1003.0	2051.0	-0.967	37.0
468.0	1904.0	2052.0	-0.957	88.0
1332.0	1801.0	2053.0	-0.955	34.0
868.0	1688.0	2054.0	-0.951	52.0
1256.0	1284.0	2055.0	-0.95	13.0
179.0	1077.0	2056.0	-0.945	32.0
1705.0	1917.0	2057.0	-0.945	134.0
1478.0	1746.0	2058.0	-0.94	50.0
1063.0	1947.0	2059.0	-0.938	59.0
183.0	1006.0	2060.0	-0.933	22.0
836.0	1321.0	2061.0	-0.929	24.0
1617.0	1791.0	2062.0	-0.926	162.0
398.0	553.0	2063.0	-0.925	52.0
169.0	1812.0	2064.0	-0.924	98.0
117.0	1802.0	2065.0	-0.923	71.0
479.0	1722.0	2066.0	-0.918	94.0
1102.0	1173.0	2067.0	-0.918	28.0
870.0	1211.0	2068.0	-0.914	48.0
858.0	1038.0	2069.0	-0.905	26.0
1010.0	1492.0	2070.0	-0.904	32.0
524.0	744.0	2071.0	-0.9	37.0
1363.0	1831.0	2072.0	-0.899	54.0
373.0	893.0	2073.0	-0.898	42.0
486.0	652.0	2074.0	-0.898	58.0
713.0	943.0	2075.0	-0.897	45.0
172.0	877.0	2076.0	-0.896	34.0
189.0	853.0	2077.0	-0.889	45.0
1235.0	1773.0	2078.0	-0.884	56.0
485.0	513.0	2079.0	-0.883	42.0
382.0	890.0	2080.0	-0.879	20.0
970.0	1868.0	2081.0	-0.878	58.0
1337.0	1810.0	2082.0	-0.876	101.0
1389.0	1639.0	2083.0	-0.873	49.0
331.0	925.0	2084.0	-0.87	51.0
266.0	1731.0	2085.0	-0.869	60.0
360.0	889.0	2086.0	-0.869	37.0
1039.0	1368.0	2087.0	-0.869	19.0
304.0	1683.0	2088.0	-0.868	75.0
966.0	1781.0	2089.0	-0.864	47.0
1262.0	1843.0	2090.0	-0.864	61.0
337.0	1019.0	2091.0	-0.86	28.0
1762.0	1938.0	2092.0	-0.859	134.0
263.0	1110.0	2093.0	-0.857	33.0
1669.0	1790.0	2094.0	-0.854	159.0
988.0	1422.0	2095.0	-0.853	25.0
234.0	712.0	2096.0	-0.848	47.0
782.0	1327.0	2097.0	-0.84	25.0
992.0	2002.0	2098.0	-0.839	89.0
1670.0	1850.0	2099.0	-0.836	77.0
1886.0	1984.0	2100.0	-0.834	105.0
726.0	1064.0	2101.0	-0.833	28.0
1399.0	1480.0	2102.0	-0.833	11.0
1667.0	1755.0	2103.0	-0.829	85.0
1648.0	1932.0	2104.0	-0.825	84.0
309.0	1607.0	2105.0	-0.823	74.0
248.0	1713.0	2106.0	-0.81	55.0
1666.0	1950.0	2107.0	-0.809	91.0
390.0	1732.0	2108.0	-0.807	44.0
801.0	1159.0	2109.0	-0.803	37.0
871.0	1426.0	2110.0	-0.801	30.0
1693.0	1894.0	2111.0	-0.799	120.0
501.0	1243.0	2112.0	-0.796	21.0
231.0	1562.0	2113.0	-0.79	90.0
849.0	1833.0	2114.0	-0.778	70.0
213.0	1989.0	2115.0	-0.777	71.0
246.0	1730.0	2116.0	-0.768	54.0
1030.0	1786.0	2117.0	-0.76	40.0
470.0	1808.0	2118.0	-0.746	80.0
1020.0	1846.0	2119.0	-0.746	58.0
83.0	1612.0	2120.0	-0.74	63.0
132.0	1754.0	2121.0	-0.74	67.0
1518.0	1928.0	2122.0	-0.74	93.0
403.0	1851.0	2123.0	-0.726	89.0
1452.0	1848.0	2124.0	-0.723	73.0
848.0	1819.0	2125.0	-0.72	108.0
1412.0	1914.0	2126.0	-0.717	67.0
363.0	2063.0	2127.0	-0.716	75.0
287.0	1538.0	2128.0	-0.712	51.0
1697.0	1795.0	2129.0	-0.71	101.0
181.0	1004.0	2130.0	-0.704	33.0
334.0	694.0	2131.0	-0.7	46.0
842.0	1718.0	2132.0	-0.696	57.0
1663.0	2029.0	2133.0	-0.682	95.0
1703.0	1960.0	2134.0	-0.682	103.0
1011.0	2022.0	2135.0	-0.679	88.0
543.0	583.0	2136.0	-0.676	44.0
885.0	1986.0	2137.0	-0.674	86.0
708.0	2038.0	2138.0	-0.673	87.0
1797.0	1829.0	2139.0	-0.673	31.0
367.0	809.0	2140.0	-0.665	49.0
1561.0	2039.0	2141.0	-0.663	108.0
695.0	1828.0	2142.0	-0.659	78.0
1241.0	1289.0	2143.0	-0.659	23.0
891.0	1391.0	2144.0	-0.657	21.0
806.0	1707.0	2145.0	-0.653	117.0
1127.0	1741.0	2146.0	-0.653	28.0
1696.0	1749.0	2147.0	-0.649	80.0
1641.0	1883.0	2148.0	-0.647	98.0
586.0	1679.0	2149.0	-0.629	38.0
1125.0	2015.0	2150.0	-0.627	33.0
884.0	1785.0	2151.0	-0.621	56.0
1383.0	1747.0	2152.0	-0.62	78.0
1386.0	2120.0	2153.0	-0.619	69.0
1313.0	1857.0	2154.0	-0.606	65.0
1881.0	1929.0	2155.0	-0.605	108.0
784.0	1533.0	2156.0	-0.604	55.0
168.0	236.0	2157.0	-0.602	42.0
430.0	1933.0	2158.0	-0.598	68.0
1750.0	1990.0	2159.0	-0.598	76.0
1633.0	1737.0	2160.0	-0.597	88.0
589.0	2053.0	2161.0	-0.591	46.0
257.0	258.0	2162.0	-0.59	64.0
21.0	760.0	2163.0	-0.586	55.0
499.0	1643.0	2164.0	-0.584	45.0
1410.0	1799.0	2165.0	-0.584	39.0
339.0	650.0	2166.0	-0.577	48.0
1101.0	1344.0	2167.0	-0.571	15.0
1058.0	1588.0	2168.0	-0.565	50.0
87.0	1980.0	2169.0	-0.564	125.0
432.0	534.0	2170.0	-0.563	33.0
269.0	2016.0	2171.0	-0.562	97.0
565.0	1859.0	2172.0	-0.562	83.0
215.0	610.0	2173.0	-0.56	42.0
1745.0	1967.0	2174.0	-0.56	84.0
819.0	912.0	2175.0	-0.559	38.0
701.0	1328.0	2176.0	-0.556	22.0
106.0	1574.0	2177.0	-0.555	57.0
252.0	690.0	2178.0	-0.549	47.0
745.0	1955.0	2179.0	-0.548	82.0
1556.0	1700.0	2180.0	-0.543	121.0
660.0	1494.0	2181.0	-0.542	30.0
591.0	1916.0	2182.0	-0.539	72.0
1651.0	1662.0	2183.0	-0.538	100.0
1578.0	1822.0	2184.0	-0.536	64.0
250.0	688.0	2185.0	-0.529	47.0
519.0	1836.0	2186.0	-0.523	51.0
466.0	1767.0	2187.0	-0.509	60.0
282.0	1305.0	2188.0	-0.506	30.0
265.0	864.0	2189.0	-0.5	49.0
757.0	1999.0	2190.0	-0.498	47.0
1830.0	2095.0	2191.0	-0.497	64.0
129.0	426.0	2192.0	-0.492	32.0
157.0	1390.0	2193.0	-0.491	32.0
364.0	399.0	2194.0	-0.49	35.0
492.0	558.0	2195.0	-0.488	43.0
182.0	1005.0	2196.0	-0.484	30.0
214.0	1285.0	2197.0	-0.483	26.0
855.0	1725.0	2198.0	-0.481	67.0
428.0	1823.0	2199.0	-0.476	74.0
1863.0	2086.0	2200.0	-0.47	66.0
807.0	1742.0	2201.0	-0.467	100.0
613.0	1867.0	2202.0	-0.466	48.0
1973.0	1997.0	2203.0	-0.464	146.0
293.0	878.0	2204.0	-0.461	28.0
1445.0	1870.0	2205.0	-0.457	58.0
1099.0	1783.0	2206.0	-0.455	60.0
1304.0	2058.0	2207.0	-0.455	61.0
876.0	1866.0	2208.0	-0.452	55.0
336.0	1761.0	2209.0	-0.448	44.0
444.0	2013.0	2210.0	-0.438	134.0
1619.0	1876.0	2211.0	-0.438	98.0
348.0	1308.0	2212.0	-0.409	59.0
99.0	1728.0	2213.0	-0.408	65.0
852.0	1032.0	2214.0	-0.408	22.0
958.0	964.0	2215.0	-0.405	29.0
233.0	1897.0	2216.0	-0.404	64.0
1283.0	1774.0	2217.0	-0.401	51.0
272.0	1009.0	2218.0	-0.4	35.0
1684.0	1898.0	2219.0	-0.4	114.0
148.0	1816.0	2220.0	-0.399	61.0
311.0	794.0	2221.0	-0.399	53.0
631.0	657.0	2222.0	-0.397	43.0
1427.0	1665.0	2223.0	-0.394	48.0
1421.0	1711.0	2224.0	-0.391	38.0
404.0	700.0	2225.0	-0.385	42.0
1913.0	2156.0	2226.0	-0.362	83.0
10.0	600.0	2227.0	-0.359	45.0
34.0	1458.0	2228.0	-0.355	27.0
11.0	1022.0	2229.0	-0.354	40.0
455.0	1738.0	2230.0	-0.354	54.0
797.0	805.0	2231.0	-0.336	38.0
47.0	1155.0	2232.0	-0.335	40.0
123.0	1590.0	2233.0	-0.323	133.0
270.0	1098.0	2234.0	-0.321	32.0
97.0	549.0	2235.0	-0.316	40.0
976.0	1872.0	2236.0	-0.314	22.0
51.0	790.0	2237.0	-0.308	55.0
1380.0	1811.0	2238.0	-0.307	35.0
705.0	1074.0	2239.0	-0.296	30.0
2.0	2174.0	2240.0	-0.291	115.0
242.0	814.0	2241.0	-0.272	41.0
1821.0	2028.0	2242.0	-0.27	67.0
1231.0	2221.0	2243.0	-0.267	65.0
1825.0	1849.0	2244.0	-0.265	79.0
1862.0	1979.0	2245.0	-0.258	96.0
152.0	2145.0	2246.0	-0.256	136.0
1210.0	2075.0	2247.0	-0.256	69.0
778.0	2157.0	2248.0	-0.25	69.0
220.0	1756.0	2249.0	-0.244	82.0
27.0	856.0	2250.0	-0.239	45.0
924.0	1915.0	2251.0	-0.238	52.0
5.0	1037.0	2252.0	-0.236	35.0
1423.0	2047.0	2253.0	-0.232	29.0
1357.0	1726.0	2254.0	-0.229	38.0
622.0	1529.0	2255.0	-0.226	56.0
1153.0	1940.0	2256.0	-0.21	60.0
2092.0	2168.0	2257.0	-0.207	184.0
133.0	1869.0	2258.0	-0.204	56.0
1936.0	2032.0	2259.0	-0.204	93.0
1299.0	1879.0	2260.0	-0.2	89.0
143.0	187.0	2261.0	-0.197	49.0
277.0	1890.0	2262.0	-0.188	67.0
741.0	1900.0	2263.0	-0.183	61.0
1796.0	2096.0	2264.0	-0.182	125.0
43.0	1248.0	2265.0	-0.179	43.0
1751.0	1882.0	2266.0	-0.176	103.0
1065.0	2057.0	2267.0	-0.175	147.0
2037.0	2134.0	2268.0	-0.175	166.0
1358.0	1871.0	2269.0	-0.171	89.0
1559.0	2246.0	2270.0	-0.171	178.0
218.0	2089.0	2271.0	-0.164	68.0
1057.0	2027.0	2272.0	-0.162	39.0
60.0	1951.0	2273.0	-0.16	51.0
1462.0	2152.0	2274.0	-0.159	83.0
587.0	1008.0	2275.0	-0.158	34.0
1854.0	2009.0	2276.0	-0.15	157.0
103.0	841.0	2277.0	-0.149	42.0
904.0	2051.0	2278.0	-0.148	52.0
857.0	1649.0	2279.0	-0.144	65.0
582.0	2146.0	2280.0	-0.135	55.0
776.0	1818.0	2281.0	-0.121	68.0
614.0	2072.0	2282.0	-0.114	74.0
985.0	1239.0	2283.0	-0.11	31.0
1966.0	2198.0	2284.0	-0.11	148.0
738.0	1479.0	2285.0	-0.104	29.0
256.0	1086.0	2286.0	-0.103	41.0
1246.0	2017.0	2287.0	-0.094	44.0
1024.0	1378.0	2288.0	-0.09	19.0
1343.0	1493.0	2289.0	-0.087	21.0
1752.0	1852.0	2290.0	-0.086	88.0
105.0	2125.0	2291.0	-0.085	138.0
205.0	735.0	2292.0	-0.08	63.0
2052.0	2194.0	2293.0	-0.076	123.0
429.0	2018.0	2294.0	-0.069	112.0
268.0	1962.0	2295.0	-0.068	70.0
1835.0	2224.0	2296.0	-0.068	84.0
28.0	1268.0	2297.0	-0.062	45.0
2044.0	2128.0	2298.0	-0.059	83.0
1910.0	2181.0	2299.0	-0.058	53.0
49.0	815.0	2300.0	-0.05	55.0
406.0	1034.0	2301.0	-0.04	31.0
1425.0	1895.0	2302.0	-0.039	108.0
816.0	1060.0	2303.0	-0.036	34.0
1585.0	2106.0	2304.0	-0.036	104.0
1800.0	2166.0	2305.0	-0.028	84.0
561.0	1638.0	2306.0	-0.026	70.0
1977.0	2290.0	2307.0	-0.02	127.0
2001.0	2006.0	2308.0	-0.014	101.0
125.0	1491.0	2309.0	-0.008	31.0
996.0	1624.0	2310.0	-0.007	73.0
2004.0	2114.0	2311.0	-0.007	113.0
900.0	1723.0	2312.0	-0.0	58.0
163.0	2119.0	2313.0	0.008	86.0
30.0	874.0	2314.0	0.009	42.0
1815.0	2184.0	2315.0	0.009	100.0
1949.0	2031.0	2316.0	0.013	75.0
202.0	1923.0	2317.0	0.02	46.0
617.0	756.0	2318.0	0.02	45.0
1565.0	2103.0	2319.0	0.025	116.0
238.0	975.0	2320.0	0.028	32.0
1927.0	2138.0	2321.0	0.031	126.0
1918.0	1942.0	2322.0	0.033	116.0
1943.0	2267.0	2323.0	0.035	224.0
1036.0	1729.0	2324.0	0.038	124.0
1775.0	2201.0	2325.0	0.04	161.0
376.0	1877.0	2326.0	0.043	69.0
416.0	1606.0	2327.0	0.051	53.0
1896.0	2172.0	2328.0	0.051	204.0
1690.0	2023.0	2329.0	0.054	55.0
96.0	2274.0	2330.0	0.055	111.0
273.0	2210.0	2331.0	0.055	159.0
559.0	916.0	2332.0	0.07	46.0
25.0	1919.0	2333.0	0.074	72.0
419.0	965.0	2334.0	0.074	30.0
1592.0	2034.0	2335.0	0.075	117.0
225.0	833.0	2336.0	0.076	47.0
260.0	1381.0	2337.0	0.076	39.0
2070.0	2104.0	2338.0	0.081	116.0
305.0	1708.0	2339.0	0.087	79.0
114.0	2158.0	2340.0	0.089	104.0
828.0	1023.0	2341.0	0.094	27.0
379.0	971.0	2342.0	0.098	41.0
2021.0	2062.0	2343.0	0.098	323.0
962.0	2010.0	2344.0	0.101	46.0
1371.0	2026.0	2345.0	0.104	55.0
1339.0	1941.0	2346.0	0.108	165.0
960.0	2193.0	2347.0	0.11	51.0
24.0	1041.0	2348.0	0.111	35.0
1721.0	2186.0	2349.0	0.116	92.0
186.0	1930.0	2350.0	0.124	39.0
1744.0	2099.0	2351.0	0.133	120.0
1.0	1931.0	2352.0	0.134	68.0
2046.0	2310.0	2353.0	0.137	108.0
533.0	802.0	2354.0	0.147	34.0
1238.0	1906.0	2355.0	0.147	74.0
1535.0	2155.0	2356.0	0.15	140.0
310.0	1668.0	2357.0	0.159	58.0
217.0	2203.0	2358.0	0.16	180.0
1043.0	1939.0	2359.0	0.161	94.0
1362.0	2054.0	2360.0	0.163	65.0
1699.0	2165.0	2361.0	0.163	91.0
1842.0	1991.0	2362.0	0.163	125.0
1878.0	2250.0	2363.0	0.17	98.0
387.0	616.0	2364.0	0.178	46.0
1884.0	2287.0	2365.0	0.189	160.0
523.0	911.0	2366.0	0.203	24.0
1803.0	2082.0	2367.0	0.207	182.0
1589.0	2180.0	2368.0	0.208	164.0
2139.0	2254.0	2369.0	0.211	69.0
1317.0	2025.0	2370.0	0.217	52.0
517.0	1292.0	2371.0	0.224	24.0
1899.0	2111.0	2372.0	0.227	180.0
1026.0	1600.0	2373.0	0.228	53.0
1969.0	2188.0	2374.0	0.232	79.0
817.0	1664.0	2375.0	0.239	54.0
301.0	2019.0	2376.0	0.252	64.0
1789.0	2127.0	2377.0	0.265	112.0
1309.0	1609.0	2378.0	0.268	39.0
226.0	2304.0	2379.0	0.27	128.0
1780.0	1993.0	2380.0	0.27	102.0
1948.0	2043.0	2381.0	0.285	79.0
1626.0	2068.0	2382.0	0.288	74.0
1404.0	2107.0	2383.0	0.295	98.0
822.0	1403.0	2384.0	0.313	28.0
1233.0	1954.0	2385.0	0.317	35.0
1757.0	2269.0	2386.0	0.326	144.0
1053.0	2302.0	2387.0	0.327	119.0
209.0	1885.0	2388.0	0.331	113.0
1681.0	2035.0	2389.0	0.341	47.0
1860.0	2218.0	2390.0	0.341	53.0
345.0	1891.0	2391.0	0.35	89.0
1615.0	1887.0	2392.0	0.353	80.0
704.0	1992.0	2393.0	0.356	48.0
160.0	520.0	2394.0	0.357	19.0
439.0	1937.0	2395.0	0.371	101.0
2220.0	2323.0	2396.0	0.377	285.0
1806.0	2232.0	2397.0	0.379	78.0
2129.0	2263.0	2398.0	0.381	162.0
1813.0	1922.0	2399.0	0.383	75.0
1460.0	1827.0	2400.0	0.385	60.0
1985.0	2211.0	2401.0	0.388	144.0
2133.0	2212.0	2402.0	0.389	154.0
308.0	2177.0	2403.0	0.4	82.0
1572.0	2206.0	2404.0	0.408	85.0
887.0	1972.0	2405.0	0.412	42.0
1035.0	2117.0	2406.0	0.412	53.0
1905.0	2124.0	2407.0	0.413	108.0
593.0	1581.0	2408.0	0.416	67.0
500.0	715.0	2409.0	0.417	33.0
280.0	557.0	2410.0	0.425	49.0
737.0	1052.0	2411.0	0.429	31.0
2080.0	2337.0	2412.0	0.436	59.0
522.0	1671.0	2413.0	0.44	50.0
2024.0	2065.0	2414.0	0.441	139.0
98.0	550.0	2415.0	0.444	50.0
1766.0	2189.0	2416.0	0.445	77.0
400.0	2195.0	2417.0	0.446	59.0
2045.0	2090.0	2418.0	0.463	104.0
551.0	2317.0	2419.0	0.467	70.0
247.0	1945.0	2420.0	0.469	118.0
656.0	1834.0	2421.0	0.469	40.0
861.0	1710.0	2422.0	0.478	54.0
1824.0	2122.0	2423.0	0.48	158.0
2083.0	2325.0	2424.0	0.48	210.0
821.0	1208.0	2425.0	0.485	33.0
204.0	1202.0	2426.0	0.486	54.0
781.0	2163.0	2427.0	0.487	73.0
2008.0	2331.0	2428.0	0.493	179.0
178.0	1642.0	2429.0	0.502	51.0
405.0	2077.0	2430.0	0.504	70.0
2216.0	2284.0	2431.0	0.504	212.0
1902.0	2071.0	2432.0	0.506	54.0
359.0	1418.0	2433.0	0.521	38.0
1861.0	1925.0	2434.0	0.523	69.0
1734.0	1920.0	2435.0	0.541	77.0
840.0	1088.0	2436.0	0.543	39.0
33.0	1970.0	2437.0	0.547	51.0
1998.0	2270.0	2438.0	0.552	225.0
12.0	602.0	2439.0	0.554	48.0
2213.0	2293.0	2440.0	0.555	188.0
1682.0	2033.0	2441.0	0.556	83.0
548.0	2102.0	2442.0	0.558	33.0
2098.0	2110.0	2443.0	0.56	119.0
2147.0	2370.0	2444.0	0.581	132.0
1205.0	2333.0	2445.0	0.582	85.0
783.0	1070.0	2446.0	0.588	30.0
707.0	2291.0	2447.0	0.591	154.0
1858.0	2112.0	2448.0	0.601	58.0
1290.0	2365.0	2449.0	0.605	178.0
1303.0	2048.0	2450.0	0.606	59.0
980.0	1261.0	2451.0	0.61	28.0
1892.0	1994.0	2452.0	0.612	81.0
957.0	1856.0	2453.0	0.613	87.0
1078.0	2427.0	2454.0	0.629	82.0
2327.0	2355.0	2455.0	0.63	127.0
605.0	2005.0	2456.0	0.636	120.0
1597.0	2217.0	2457.0	0.641	79.0
1784.0	2223.0	2458.0	0.643	77.0
659.0	2271.0	2459.0	0.645	82.0
2312.0	2360.0	2460.0	0.645	123.0
2100.0	2424.0	2461.0	0.647	315.0
162.0	2244.0	2462.0	0.65	99.0
1618.0	2160.0	2463.0	0.652	132.0
375.0	2040.0	2464.0	0.662	73.0
409.0	1293.0	2465.0	0.676	27.0
2078.0	2311.0	2466.0	0.68	169.0
4.0	1946.0	2467.0	0.686	60.0
1959.0	2199.0	2468.0	0.689	127.0
780.0	2266.0	2469.0	0.69	123.0
1382.0	2159.0	2470.0	0.697	81.0
358.0	2085.0	2471.0	0.705	96.0
1318.0	1909.0	2472.0	0.712	68.0
2084.0	2281.0	2473.0	0.714	119.0
2187.0	2356.0	2474.0	0.714	200.0
1838.0	2140.0	2475.0	0.716	91.0
2020.0	2131.0	2476.0	0.722	83.0
46.0	223.0	2477.0	0.725	40.0
307.0	2432.0	2478.0	0.725	74.0
1983.0	2251.0	2479.0	0.727	127.0
1924.0	2242.0	2480.0	0.738	95.0
746.0	2175.0	2481.0	0.743	59.0
1069.0	2097.0	2482.0	0.747	37.0
1880.0	2182.0	2483.0	0.752	102.0
425.0	2238.0	2484.0	0.754	51.0
2268.0	2374.0	2485.0	0.754	245.0
1027.0	1061.0	2486.0	0.76	29.0
687.0	2241.0	2487.0	0.764	63.0
792.0	1630.0	2488.0	0.769	55.0
1908.0	2380.0	2489.0	0.777	135.0
1987.0	2154.0	2490.0	0.78	154.0
577.0	1475.0	2491.0	0.789	28.0
1771.0	2150.0	2492.0	0.793	83.0
2041.0	2066.0	2493.0	0.794	125.0
1714.0	1840.0	2494.0	0.798	52.0
1736.0	1963.0	2495.0	0.802	85.0
1315.0	2402.0	2496.0	0.814	164.0
1864.0	2059.0	2497.0	0.817	91.0
1081.0	2403.0	2498.0	0.819	98.0
185.0	1325.0	2499.0	0.822	34.0
1961.0	2391.0	2500.0	0.827	157.0
1889.0	2340.0	2501.0	0.829	156.0
1907.0	2132.0	2502.0	0.834	82.0
2142.0	2234.0	2503.0	0.838	110.0
2280.0	2369.0	2504.0	0.839	124.0
264.0	2258.0	2505.0	0.851	78.0
917.0	1490.0	2506.0	0.851	25.0
2087.0	2433.0	2507.0	0.853	57.0
2344.0	2453.0	2508.0	0.889	133.0
493.0	2332.0	2509.0	0.895	65.0
1306.0	2276.0	2510.0	0.902	171.0
1126.0	1632.0	2511.0	0.913	55.0
2067.0	2171.0	2512.0	0.917	125.0
1277.0	2253.0	2513.0	0.92	38.0
1175.0	2306.0	2514.0	0.921	79.0
803.0	2346.0	2515.0	0.925	175.0
2105.0	2449.0	2516.0	0.929	252.0
1911.0	2108.0	2517.0	0.93	84.0
410.0	1971.0	2518.0	0.935	44.0
788.0	1075.0	2519.0	0.941	34.0
119.0	2264.0	2520.0	0.952	156.0
581.0	2007.0	2521.0	0.954	79.0
450.0	1055.0	2522.0	0.955	33.0
1602.0	2236.0	2523.0	0.956	60.0
193.0	2252.0	2524.0	0.962	57.0
130.0	1778.0	2525.0	0.976	105.0
1203.0	2088.0	2526.0	0.977	93.0
121.0	2278.0	2527.0	0.981	79.0
2319.0	2438.0	2528.0	0.981	341.0
441.0	2301.0	2529.0	0.983	61.0
2101.0	2435.0	2530.0	0.983	105.0
2205.0	2299.0	2531.0	0.985	111.0
1996.0	2151.0	2532.0	0.988	131.0
2137.0	2183.0	2533.0	0.999	186.0
2283.0	2342.0	2534.0	1.0	72.0
1804.0	1982.0	2535.0	1.009	107.0
1433.0	1995.0	2536.0	1.01	40.0
1419.0	2256.0	2537.0	1.02	65.0
1873.0	2387.0	2538.0	1.022	175.0
2257.0	2288.0	2539.0	1.03	203.0
1331.0	2207.0	2540.0	1.052	68.0
826.0	1263.0	2541.0	1.056	25.0
2202.0	2292.0	2542.0	1.058	111.0
1051.0	2222.0	2543.0	1.06	57.0
850.0	1853.0	2544.0	1.066	63.0
1687.0	2450.0	2545.0	1.066	106.0
487.0	1242.0	2546.0	1.069	23.0
171.0	2094.0	2547.0	1.07	177.0
415.0	2513.0	2548.0	1.072	57.0
799.0	2144.0	2549.0	1.076	36.0
829.0	2539.0	2550.0	1.078	219.0
2247.0	2469.0	2551.0	1.081	192.0
1207.0	2530.0	2552.0	1.082	116.0
2118.0	2318.0	2553.0	1.083	125.0
2463.0	2475.0	2554.0	1.087	223.0
1794.0	2330.0	2555.0	1.088	145.0
1468.0	2496.0	2556.0	1.091	170.0
2123.0	2375.0	2557.0	1.093	143.0
2358.0	2470.0	2558.0	1.095	261.0
1944.0	2538.0	2559.0	1.101	205.0
2443.0	2531.0	2560.0	1.102	230.0
588.0	1206.0	2561.0	1.103	34.0
104.0	2457.0	2562.0	1.112	103.0
1245.0	2056.0	2563.0	1.125	41.0
1792.0	2388.0	2564.0	1.143	135.0
124.0	545.0	2565.0	1.147	39.0
1847.0	2296.0	2566.0	1.153	102.0
1324.0	1988.0	2567.0	1.156	76.0
2243.0	2420.0	2568.0	1.165	183.0
155.0	267.0	2569.0	1.169	46.0
2338.0	2455.0	2570.0	1.174	243.0
1340.0	1958.0	2571.0	1.177	51.0
2136.0	2272.0	2572.0	1.184	83.0
281.0	2339.0	2573.0	1.187	102.0
2179.0	2240.0	2574.0	1.187	197.0
2471.0	2515.0	2575.0	1.196	271.0
2235.0	2456.0	2576.0	1.2	160.0
278.0	2345.0	2577.0	1.205	74.0
611.0	2265.0	2578.0	1.209	60.0
2359.0	2462.0	2579.0	1.217	193.0
2141.0	2480.0	2580.0	1.241	203.0
2091.0	2259.0	2581.0	1.245	121.0
2049.0	2305.0	2582.0	1.248	135.0
2364.0	2491.0	2583.0	1.249	74.0
1981.0	2313.0	2584.0	1.257	131.0
905.0	974.0	2585.0	1.258	29.0
2204.0	2227.0	2586.0	1.267	73.0
276.0	2458.0	2587.0	1.278	104.0
224.0	449.0	2588.0	1.279	34.0
920.0	2371.0	2589.0	1.292	40.0
1934.0	1978.0	2590.0	1.294	92.0
2233.0	2511.0	2591.0	1.296	188.0
1385.0	2386.0	2592.0	1.305	151.0
1888.0	2239.0	2593.0	1.306	89.0
2335.0	2357.0	2594.0	1.309	175.0
2042.0	2297.0	2595.0	1.31	146.0
837.0	2307.0	2596.0	1.311	144.0
240.0	2231.0	2597.0	1.317	58.0
1072.0	2441.0	2598.0	1.323	100.0
237.0	2378.0	2599.0	1.328	68.0
2191.0	2230.0	2600.0	1.329	118.0
1901.0	2362.0	2601.0	1.351	149.0
2379.0	2502.0	2602.0	1.351	210.0
2209.0	2422.0	2603.0	1.354	98.0
630.0	2126.0	2604.0	1.358	86.0
1964.0	2148.0	2605.0	1.364	151.0
206.0	2349.0	2606.0	1.369	124.0
2116.0	2389.0	2607.0	1.373	101.0
1446.0	2121.0	2608.0	1.383	73.0
188.0	1874.0	2609.0	1.384	131.0
913.0	2382.0	2610.0	1.396	81.0
2261.0	2520.0	2611.0	1.396	205.0
909.0	2592.0	2612.0	1.399	170.0
1384.0	2149.0	2613.0	1.399	44.0
2351.0	2413.0	2614.0	1.411	170.0
2315.0	2329.0	2615.0	1.422	155.0
1953.0	2464.0	2616.0	1.423	106.0
2003.0	2552.0	2617.0	1.423	156.0
1257.0	2428.0	2618.0	1.425	184.0
785.0	831.0	2619.0	1.426	33.0
515.0	2419.0	2620.0	1.427	85.0
2368.0	2472.0	2621.0	1.434	232.0
1276.0	2547.0	2622.0	1.444	185.0
1956.0	2170.0	2623.0	1.446	96.0
2200.0	2425.0	2624.0	1.45	99.0
516.0	2423.0	2625.0	1.459	174.0
2400.0	2616.0	2626.0	1.461	166.0
2000.0	2418.0	2627.0	1.47	174.0
2109.0	2494.0	2628.0	1.483	89.0
1841.0	2381.0	2629.0	1.497	141.0
2352.0	2478.0	2630.0	1.5	142.0
2395.0	2510.0	2631.0	1.507	272.0
2534.0	2537.0	2632.0	1.509	137.0
427.0	2050.0	2633.0	1.513	47.0
2279.0	2286.0	2634.0	1.518	106.0
1720.0	2185.0	2635.0	1.519	84.0
2392.0	2508.0	2636.0	1.523	213.0
2367.0	2409.0	2637.0	1.524	215.0
2285.0	2564.0	2638.0	1.534	164.0
1442.0	2468.0	2639.0	1.537	134.0
1976.0	2314.0	2640.0	1.551	69.0
2361.0	2408.0	2641.0	1.551	158.0
1071.0	1952.0	2642.0	1.556	54.0
2229.0	2527.0	2643.0	1.569	119.0
2073.0	2488.0	2644.0	1.572	97.0
1875.0	2482.0	2645.0	1.584	73.0
800.0	1260.0	2646.0	1.603	27.0
176.0	514.0	2647.0	1.606	27.0
1839.0	2169.0	2648.0	1.611	192.0
2372.0	2501.0	2649.0	1.611	336.0
2245.0	2540.0	2650.0	1.623	164.0
2208.0	2390.0	2651.0	1.624	108.0
2503.0	2615.0	2652.0	1.627	265.0
2115.0	2627.0	2653.0	1.63	245.0
2316.0	2421.0	2654.0	1.636	115.0
2447.0	2608.0	2655.0	1.637	227.0
422.0	2309.0	2656.0	1.638	44.0
1826.0	2505.0	2657.0	1.653	120.0
1291.0	2556.0	2658.0	1.657	181.0
1903.0	2030.0	2659.0	1.658	144.0
736.0	2451.0	2660.0	1.665	52.0
255.0	2300.0	2661.0	1.667	79.0
658.0	1295.0	2662.0	1.674	25.0
546.0	2012.0	2663.0	1.678	35.0
2343.0	2476.0	2664.0	1.683	406.0
2404.0	2532.0	2665.0	1.683	216.0
2036.0	2416.0	2666.0	1.703	135.0
1957.0	2512.0	2667.0	1.705	163.0
2399.0	2407.0	2668.0	1.723	183.0
2417.0	2525.0	2669.0	1.728	164.0
418.0	2215.0	2670.0	1.739	47.0
377.0	2273.0	2671.0	1.741	66.0
2484.0	2613.0	2672.0	1.742	95.0
2294.0	2324.0	2673.0	1.751	236.0
2303.0	2526.0	2674.0	1.754	127.0
2444.0	2603.0	2675.0	1.754	230.0
241.0	2483.0	2676.0	1.768	121.0
2437.0	2584.0	2677.0	1.772	182.0
2436.0	2574.0	2678.0	1.78	236.0
1025.0	2555.0	2679.0	1.785	156.0
603.0	2550.0	2680.0	1.787	253.0
798.0	2528.0	2681.0	1.788	354.0
963.0	2173.0	2682.0	1.794	53.0
451.0	2524.0	2683.0	1.813	69.0
2350.0	2609.0	2684.0	1.824	170.0
2377.0	2589.0	2685.0	1.83	152.0
2228.0	2431.0	2686.0	1.831	239.0
177.0	2585.0	2687.0	1.836	45.0
2415.0	2612.0	2688.0	1.84	220.0
374.0	2533.0	2689.0	1.845	208.0
2197.0	2320.0	2690.0	1.847	58.0
2074.0	2523.0	2691.0	1.851	118.0
2298.0	2638.0	2692.0	1.853	247.0
2516.0	2551.0	2693.0	1.865	444.0
1845.0	2568.0	2694.0	1.872	214.0
2595.0	2634.0	2695.0	1.872	252.0
2079.0	2578.0	2696.0	1.875	102.0
2260.0	2493.0	2697.0	1.885	214.0
2130.0	2341.0	2698.0	1.886	60.0
1758.0	2452.0	2699.0	1.899	116.0
2621.0	2681.0	2700.0	1.902	586.0
2560.0	2580.0	2701.0	1.905	433.0
2076.0	2255.0	2702.0	1.91	90.0
706.0	2492.0	2703.0	1.913	103.0
979.0	2542.0	2704.0	1.915	129.0
434.0	2055.0	2705.0	1.918	27.0
955.0	1111.0	2706.0	1.921	26.0
2322.0	2522.0	2707.0	1.921	149.0
2582.0	2668.0	2708.0	1.921	318.0
431.0	2354.0	2709.0	1.923	61.0
540.0	1921.0	2710.0	1.925	51.0
2398.0	2590.0	2711.0	1.926	254.0
854.0	1204.0	2712.0	1.94	32.0
2348.0	2655.0	2713.0	1.94	262.0
1965.0	2601.0	2714.0	1.941	209.0
2295.0	2489.0	2715.0	1.961	205.0
2410.0	2440.0	2716.0	1.972	237.0
2454.0	2716.0	2717.0	1.976	319.0
2289.0	2604.0	2718.0	1.977	107.0
2446.0	2639.0	2719.0	1.979	164.0
2143.0	2506.0	2720.0	1.986	48.0
2535.0	2577.0	2721.0	2.009	181.0
1237.0	2543.0	2722.0	2.011	67.0
2500.0	2545.0	2723.0	2.012	263.0
2190.0	2282.0	2724.0	2.014	121.0
126.0	423.0	2725.0	2.016	28.0
443.0	2622.0	2726.0	2.022	208.0
2412.0	2633.0	2727.0	2.022	106.0
2093.0	2606.0	2728.0	2.05	157.0
2153.0	2490.0	2729.0	2.056	223.0
919.0	2328.0	2730.0	2.058	214.0
2614.0	2636.0	2731.0	2.067	383.0
875.0	2434.0	2732.0	2.074	80.0
2625.0	2664.0	2733.0	2.088	580.0
2397.0	2631.0	2734.0	2.09	350.0
420.0	2347.0	2735.0	2.106	68.0
2385.0	2650.0	2736.0	2.114	199.0
2353.0	2518.0	2737.0	2.137	152.0
1401.0	2640.0	2738.0	2.143	75.0
2249.0	2658.0	2739.0	2.144	263.0
2373.0	2479.0	2740.0	2.144	180.0
2474.0	2594.0	2741.0	2.15	375.0
2326.0	2429.0	2742.0	2.151	120.0
1793.0	2573.0	2743.0	2.172	124.0
2554.0	2569.0	2744.0	2.172	269.0
2570.0	2702.0	2745.0	2.175	333.0
2376.0	2466.0	2746.0	2.192	233.0
2529.0	2544.0	2747.0	2.199	124.0
2498.0	2667.0	2748.0	2.205	261.0
491.0	2248.0	2749.0	2.207	80.0
740.0	2599.0	2750.0	2.208	95.0
452.0	2069.0	2751.0	2.21	37.0
1968.0	2679.0	2752.0	2.214	178.0
2473.0	2517.0	2753.0	2.228	203.0
2579.0	2607.0	2754.0	2.243	294.0
2237.0	2630.0	2755.0	2.251	197.0
2445.0	2521.0	2756.0	2.262	164.0
1807.0	2671.0	2757.0	2.266	119.0
2192.0	2688.0	2758.0	2.268	252.0
2161.0	2683.0	2759.0	2.275	115.0
2467.0	2602.0	2760.0	2.275	270.0
378.0	2499.0	2761.0	2.277	55.0
2557.0	2649.0	2762.0	2.283	479.0
2262.0	2559.0	2763.0	2.293	272.0
2620.0	2632.0	2764.0	2.301	222.0
2618.0	2623.0	2765.0	2.306	280.0
2401.0	2700.0	2766.0	2.309	730.0
127.0	221.0	2767.0	2.311	38.0
2566.0	2719.0	2768.0	2.312	266.0
2628.0	2730.0	2769.0	2.313	303.0
2162.0	2652.0	2770.0	2.322	329.0
2081.0	2706.0	2771.0	2.324	84.0
2167.0	2485.0	2772.0	2.327	260.0
2277.0	2497.0	2773.0	2.334	133.0
2406.0	2598.0	2774.0	2.339	153.0
2275.0	2571.0	2775.0	2.35	85.0
184.0	2113.0	2776.0	2.353	106.0
2541.0	2558.0	2777.0	2.356	286.0
2495.0	2641.0	2778.0	2.357	243.0
915.0	2384.0	2779.0	2.363	45.0
2666.0	2694.0	2780.0	2.374	349.0
2562.0	2701.0	2781.0	2.377	536.0
2225.0	2414.0	2782.0	2.38	181.0
2576.0	2672.0	2783.0	2.385	255.0
421.0	1402.0	2784.0	2.418	16.0
2308.0	2673.0	2785.0	2.418	337.0
2363.0	2661.0	2786.0	2.436	177.0
2396.0	2777.0	2787.0	2.439	571.0
2605.0	2715.0	2788.0	2.439	356.0
2176.0	2689.0	2789.0	2.44	230.0
2536.0	2684.0	2790.0	2.442	210.0
2563.0	2567.0	2791.0	2.467	117.0
2461.0	2733.0	2792.0	2.476	895.0
2481.0	2754.0	2793.0	2.487	353.0
488.0	2011.0	2794.0	2.491	48.0
2686.0	2707.0	2795.0	2.519	388.0
2575.0	2676.0	2796.0	2.52	392.0
2135.0	2646.0	2797.0	2.528	115.0
120.0	1467.0	2798.0	2.529	36.0
612.0	2334.0	2799.0	2.537	60.0
2460.0	2772.0	2800.0	2.54	383.0
2724.0	2745.0	2801.0	2.543	454.0
544.0	1461.0	2802.0	2.55	21.0
2504.0	2643.0	2803.0	2.55	243.0
969.0	2394.0	2804.0	2.557	31.0
2553.0	2587.0	2805.0	2.578	229.0
2321.0	2651.0	2806.0	2.581	234.0
2411.0	2430.0	2807.0	2.6	101.0
2583.0	2739.0	2808.0	2.628	337.0
2596.0	2786.0	2809.0	2.644	321.0
2439.0	2572.0	2810.0	2.648	131.0
977.0	1258.0	2811.0	2.662	18.0
2722.0	2726.0	2812.0	2.662	275.0
2393.0	2561.0	2813.0	2.676	82.0
2624.0	2732.0	2814.0	2.683	179.0
424.0	2776.0	2815.0	2.694	120.0
2597.0	2778.0	2816.0	2.706	301.0
1259.0	2677.0	2817.0	2.712	191.0
2611.0	2713.0	2818.0	2.719	467.0
2723.0	2744.0	2819.0	2.725	532.0
2697.0	2788.0	2820.0	2.727	570.0
2405.0	2509.0	2821.0	2.754	107.0
2678.0	2738.0	2822.0	2.758	311.0
2731.0	2736.0	2823.0	2.76	582.0
832.0	2486.0	2824.0	2.786	48.0
253.0	2610.0	2825.0	2.791	99.0
2219.0	2766.0	2826.0	2.798	844.0
2459.0	2734.0	2827.0	2.817	432.0
2178.0	2763.0	2828.0	2.844	319.0
2064.0	2750.0	2829.0	2.845	193.0
2665.0	2714.0	2830.0	2.857	425.0
2591.0	2798.0	2831.0	2.859	224.0
2656.0	2698.0	2832.0	2.861	104.0
2448.0	2764.0	2833.0	2.862	280.0
2691.0	2765.0	2834.0	2.876	398.0
2680.0	2725.0	2835.0	2.901	281.0
2626.0	2749.0	2836.0	2.908	246.0
606.0	2758.0	2837.0	2.922	268.0
2674.0	2784.0	2838.0	2.922	143.0
2669.0	2703.0	2839.0	2.927	267.0
2565.0	2752.0	2840.0	2.93	217.0
2710.0	2789.0	2841.0	2.932	281.0
601.0	2477.0	2842.0	2.952	67.0
2164.0	2720.0	2843.0	2.972	93.0
2642.0	2771.0	2844.0	2.985	138.0
604.0	2774.0	2845.0	3.011	176.0
2685.0	2787.0	2846.0	3.029	723.0
380.0	2696.0	2847.0	3.033	119.0
2705.0	2795.0	2848.0	3.035	415.0
2383.0	2756.0	2849.0	3.039	262.0
2746.0	2768.0	2850.0	3.074	499.0
789.0	2783.0	2851.0	3.122	272.0
2226.0	2785.0	2852.0	3.129	420.0
2593.0	2718.0	2853.0	3.135	196.0
1437.0	2840.0	2854.0	3.142	224.0
2805.0	2848.0	2855.0	3.153	644.0
2743.0	2753.0	2856.0	3.159	327.0
2670.0	2823.0	2857.0	3.185	629.0
2637.0	2647.0	2858.0	3.191	242.0
2775.0	2792.0	2859.0	3.211	980.0
2693.0	2728.0	2860.0	3.221	601.0
1028.0	2830.0	2861.0	3.223	434.0
2581.0	2762.0	2862.0	3.223	600.0
2336.0	2644.0	2863.0	3.23	144.0
2682.0	2833.0	2864.0	3.239	333.0
918.0	2814.0	2865.0	3.26	198.0
547.0	2761.0	2866.0	3.264	68.0
2729.0	2793.0	2867.0	3.294	576.0
2824.0	2837.0	2868.0	3.302	316.0
2514.0	2861.0	2869.0	3.304	513.0
2214.0	2645.0	2870.0	3.313	95.0
2487.0	2838.0	2871.0	3.318	206.0
2629.0	2741.0	2872.0	3.328	516.0
2800.0	2817.0	2873.0	3.337	574.0
2810.0	2832.0	2874.0	3.338	235.0
2801.0	2834.0	2875.0	3.342	852.0
2648.0	2737.0	2876.0	3.361	344.0
2780.0	2808.0	2877.0	3.365	686.0
2548.0	2806.0	2878.0	3.372	291.0
175.0	1073.0	2879.0	3.434	31.0
2803.0	2858.0	2880.0	3.439	485.0
2653.0	2859.0	2881.0	3.458	1225.0
1031.0	2813.0	2882.0	3.46	93.0
787.0	2759.0	2883.0	3.461	132.0
2635.0	2820.0	2884.0	3.47	654.0
2735.0	2857.0	2885.0	3.476	697.0
254.0	2773.0	2886.0	3.489	145.0
156.0	2770.0	2887.0	3.518	353.0
2549.0	2862.0	2888.0	3.521	636.0
2675.0	2704.0	2889.0	3.528	359.0
2797.0	2850.0	2890.0	3.531	614.0
1361.0	2654.0	2891.0	3.535	121.0
2708.0	2747.0	2892.0	3.536	442.0
2711.0	2871.0	2893.0	3.537	460.0
2692.0	2846.0	2894.0	3.551	970.0
2659.0	2835.0	2895.0	3.553	425.0
2519.0	2657.0	2896.0	3.558	154.0
2442.0	2854.0	2897.0	3.562	257.0
2699.0	2826.0	2898.0	3.584	960.0
2815.0	2891.0	2899.0	3.616	241.0
584.0	2802.0	2900.0	3.619	36.0
2836.0	2852.0	2901.0	3.627	666.0
2782.0	2828.0	2902.0	3.633	500.0
490.0	2742.0	2903.0	3.639	131.0
2663.0	2791.0	2904.0	3.64	152.0
2812.0	2878.0	2905.0	3.65	566.0
239.0	2799.0	2906.0	3.651	83.0
2695.0	2849.0	2907.0	3.688	514.0
2600.0	2740.0	2908.0	3.69	298.0
2767.0	2819.0	2909.0	3.719	570.0
2721.0	2899.0	2910.0	3.736	422.0
2839.0	2890.0	2911.0	3.75	881.0
2717.0	2898.0	2912.0	3.756	1279.0
2856.0	2881.0	2913.0	3.758	1552.0
2887.0	2888.0	2914.0	3.77	989.0
2465.0	2507.0	2915.0	3.775	84.0
2426.0	2884.0	2916.0	3.781	708.0
2827.0	2860.0	2917.0	3.798	1033.0
2619.0	2842.0	2918.0	3.801	100.0
2781.0	2790.0	2919.0	3.807	746.0
2687.0	2892.0	2920.0	3.832	487.0
2755.0	2844.0	2921.0	3.835	335.0
2617.0	2822.0	2922.0	3.838	467.0
2366.0	2885.0	2923.0	3.841	721.0
2748.0	2889.0	2924.0	3.841	620.0
2825.0	2841.0	2925.0	3.872	380.0
2061.0	2796.0	2926.0	3.874	416.0
585.0	820.0	2927.0	3.88	35.0
2769.0	2874.0	2928.0	3.923	538.0
2690.0	2876.0	2929.0	3.931	402.0
2586.0	2902.0	2930.0	3.932	573.0
2869.0	2872.0	2931.0	3.934	1029.0
786.0	2882.0	2932.0	3.939	112.0
2727.0	2779.0	2933.0	3.948	151.0
2751.0	2896.0	2934.0	3.964	191.0
2912.0	2926.0	2935.0	4.023	1695.0
518.0	2757.0	2936.0	4.154	129.0
2908.0	2909.0	2937.0	4.154	868.0
2843.0	2879.0	2938.0	4.167	124.0
2804.0	2873.0	2939.0	4.168	605.0
2829.0	2903.0	2940.0	4.168	324.0
2588.0	2845.0	2941.0	4.221	210.0
2853.0	2930.0	2942.0	4.235	769.0
1359.0	2863.0	2943.0	4.275	149.0
2760.0	2933.0	2944.0	4.286	421.0
2865.0	2886.0	2945.0	4.32	343.0
2821.0	2921.0	2946.0	4.359	442.0
2866.0	2936.0	2947.0	4.369	197.0
2847.0	2877.0	2948.0	4.374	805.0
2546.0	2864.0	2949.0	4.417	356.0
2818.0	2855.0	2950.0	4.42	1111.0
2060.0	2897.0	2951.0	4.424	279.0
2931.0	2939.0	2952.0	4.432	1634.0
2660.0	2867.0	2953.0	4.438	628.0
2927.0	2944.0	2954.0	4.456	456.0
2709.0	2938.0	2955.0	4.463	185.0
2925.0	2943.0	2956.0	4.489	529.0
2913.0	2914.0	2957.0	4.524	2541.0
2923.0	2937.0	2958.0	4.614	1589.0
306.0	2907.0	2959.0	4.622	539.0
2929.0	2940.0	2960.0	4.624	726.0
2196.0	2900.0	2961.0	4.658	66.0
2794.0	2920.0	2962.0	4.665	535.0
2928.0	2949.0	2963.0	4.667	894.0
2904.0	2924.0	2964.0	4.697	772.0
2916.0	2948.0	2965.0	4.769	1513.0
2662.0	2932.0	2966.0	4.895	137.0
2956.0	2962.0	2967.0	4.899	1064.0
2811.0	2893.0	2968.0	4.901	478.0
2894.0	2955.0	2969.0	4.94	1155.0
2816.0	2947.0	2970.0	5.021	498.0
2964.0	2969.0	2971.0	5.102	1927.0
2895.0	2961.0	2972.0	5.107	491.0
2952.0	2953.0	2973.0	5.198	2262.0
2917.0	2935.0	2974.0	5.211	2728.0
2712.0	2934.0	2975.0	5.244	223.0
2906.0	2910.0	2976.0	5.322	505.0
2915.0	2957.0	2977.0	5.393	2625.0
2809.0	2901.0	2978.0	5.4	987.0
2960.0	2970.0	2979.0	5.412	1224.0
2958.0	2965.0	2980.0	5.477	3102.0
2977.0	2979.0	2981.0	5.558	3849.0
2919.0	2967.0	2982.0	5.592	1810.0
2971.0	2980.0	2983.0	5.645	5029.0
2807.0	2974.0	2984.0	5.869	2829.0
2982.0	2984.0	2985.0	5.892	4639.0
2942.0	2973.0	2986.0	6.043	3031.0
2905.0	2981.0	2987.0	6.06	4415.0
2875.0	2966.0	2988.0	6.078	989.0
2978.0	2983.0	2989.0	6.192	6016.0
2968.0	2985.0	2990.0	6.199	5117.0
2976.0	2986.0	2991.0	6.267	3536.0
2880.0	2918.0	2992.0	6.312	585.0
2946.0	2989.0	2993.0	6.321	6458.0
2911.0	2988.0	2994.0	6.332	1870.0
2972.0	2987.0	2995.0	6.349	4906.0
2959.0	2993.0	2996.0	6.407	6997.0
2963.0	2990.0	2997.0	6.427	6011.0
2945.0	2995.0	2998.0	6.533	5249.0
2975.0	2998.0	2999.0	6.557	5472.0
2941.0	2991.0	3000.0	6.568	3746.0
2950.0	2996.0	3001.0	6.568	8108.0
3000.0	3001.0	3002.0	6.61	11854.0
2922.0	2999.0	3003.0	6.673	5939.0
2994.0	2997.0	3004.0	6.686	7881.0
2954.0	3002.0	3005.0	6.7	12310.0
