N	F1	F2	F3	F4	F5	AUC1	AUC3	AUC5	AUC10
1507.0	691.0	717.0	181.0	653.0	286.0	0.6437	0.7651	0.7498	0.8062
1506.0	691.0	717.0	181.0	653.0	286.0	0.6437	0.7651	0.7498	0.8062
1505.0	691.0	717.0	181.0	653.0	286.0	0.6437	0.7651	0.7498	0.8062
1504.0	691.0	71.0	663.0	717.0	5.0	0.6437	0.6864	0.7426	0.8297
1503.0	691.0	71.0	663.0	717.0	5.0	0.6437	0.6864	0.7426	0.8297
1502.0	691.0	71.0	663.0	717.0	5.0	0.6437	0.6864	0.7426	0.8297
1501.0	691.0	717.0	71.0	184.0	179.0	0.6437	0.701	0.7629	0.8332
1500.0	691.0	717.0	71.0	184.0	179.0	0.6437	0.701	0.7629	0.8332
1499.0	691.0	717.0	71.0	184.0	179.0	0.6437	0.701	0.7629	0.8332
1498.0	691.0	717.0	71.0	184.0	179.0	0.6437	0.701	0.7629	0.8332
1497.0	691.0	717.0	71.0	184.0	179.0	0.6437	0.701	0.7629	0.8332
1496.0	691.0	717.0	71.0	184.0	179.0	0.6437	0.701	0.7629	0.8332
1495.0	691.0	717.0	71.0	184.0	179.0	0.6437	0.701	0.7629	0.8332
1494.0	691.0	717.0	71.0	286.0	184.0	0.6437	0.701	0.7583	0.8702
1493.0	691.0	717.0	71.0	286.0	184.0	0.6437	0.701	0.7583	0.8702
1492.0	691.0	717.0	71.0	286.0	184.0	0.6437	0.701	0.7583	0.8702
1491.0	691.0	717.0	71.0	286.0	184.0	0.6437	0.701	0.7583	0.8702
1490.0	691.0	717.0	71.0	286.0	184.0	0.6437	0.701	0.7583	0.8702
1489.0	691.0	717.0	71.0	286.0	184.0	0.6437	0.701	0.7583	0.8702
1488.0	691.0	717.0	71.0	286.0	184.0	0.6437	0.701	0.7583	0.8702
1487.0	691.0	717.0	71.0	286.0	184.0	0.6437	0.701	0.7583	0.8702
1486.0	691.0	717.0	71.0	286.0	184.0	0.6437	0.701	0.7583	0.8702
1485.0	691.0	1530.0	717.0	71.0	181.0	0.6437	0.7536	0.7834	0.8513
1484.0	691.0	181.0	71.0	1530.0	717.0	0.6437	0.7152	0.7834	0.8457
1483.0	691.0	181.0	71.0	1530.0	717.0	0.6437	0.7152	0.7834	0.8457
1482.0	691.0	71.0	1530.0	717.0	286.0	0.6437	0.7177	0.7656	0.8362
1481.0	691.0	71.0	1530.0	717.0	286.0	0.6437	0.7177	0.7656	0.8362
1480.0	691.0	71.0	1530.0	717.0	286.0	0.6437	0.7177	0.7656	0.8362
1479.0	691.0	71.0	1530.0	717.0	286.0	0.6437	0.7177	0.7656	0.8362
1478.0	691.0	71.0	1530.0	717.0	286.0	0.6437	0.7177	0.7656	0.8362
1477.0	691.0	181.0	717.0	169.0	286.0	0.6437	0.7651	0.8276	0.8472
1476.0	691.0	181.0	717.0	169.0	286.0	0.6437	0.7651	0.8276	0.8472
1475.0	691.0	181.0	717.0	169.0	286.0	0.6437	0.7651	0.8276	0.8472
1474.0	691.0	181.0	717.0	169.0	286.0	0.6437	0.7651	0.8276	0.8472
1473.0	691.0	1530.0	71.0	181.0	286.0	0.6437	0.7177	0.7762	0.8531
1472.0	691.0	1530.0	71.0	181.0	286.0	0.6437	0.7177	0.7762	0.8531
1471.0	691.0	1530.0	5.0	71.0	181.0	0.6437	0.7362	0.771	0.8497
1470.0	691.0	1530.0	169.0	717.0	181.0	0.6437	0.7531	0.8292	0.8497
1469.0	691.0	1530.0	169.0	717.0	181.0	0.6437	0.7531	0.8292	0.8497
1468.0	691.0	1530.0	169.0	717.0	181.0	0.6437	0.7531	0.8292	0.8497
1467.0	691.0	1530.0	169.0	717.0	181.0	0.6437	0.7531	0.8292	0.8497
1466.0	691.0	181.0	717.0	5.0	1530.0	0.6437	0.7651	0.806	0.8497
1465.0	691.0	181.0	717.0	5.0	1530.0	0.6437	0.7651	0.806	0.8497
1464.0	691.0	1530.0	184.0	658.0	1545.0	0.6437	0.7412	0.7599	0.8165
1463.0	691.0	1530.0	184.0	658.0	1545.0	0.6437	0.7412	0.7599	0.8165
1462.0	691.0	1530.0	184.0	658.0	1545.0	0.6437	0.7412	0.7599	0.8165
1461.0	691.0	184.0	1530.0	181.0	169.0	0.6437	0.7412	0.7989	0.842
1460.0	691.0	184.0	1530.0	181.0	169.0	0.6437	0.7412	0.7989	0.842
1459.0	691.0	184.0	1530.0	181.0	169.0	0.6437	0.7412	0.7989	0.842
1458.0	691.0	1530.0	181.0	71.0	286.0	0.6437	0.7482	0.7762	0.7624
1457.0	691.0	1530.0	181.0	71.0	286.0	0.6437	0.7482	0.7762	0.7624
1456.0	691.0	1530.0	181.0	71.0	286.0	0.6437	0.7482	0.7762	0.7624
1455.0	691.0	1530.0	181.0	71.0	286.0	0.6437	0.7482	0.7762	0.7624
1454.0	691.0	1530.0	181.0	71.0	286.0	0.6437	0.7482	0.7762	0.7624
1453.0	691.0	1530.0	181.0	71.0	286.0	0.6437	0.7482	0.7762	0.7624
1452.0	691.0	1530.0	181.0	71.0	286.0	0.6437	0.7482	0.7762	0.7624
1451.0	691.0	71.0	1530.0	181.0	286.0	0.6437	0.7177	0.7762	0.8493
1450.0	691.0	71.0	1530.0	181.0	286.0	0.6437	0.7177	0.7762	0.8493
1449.0	691.0	71.0	1530.0	181.0	286.0	0.6437	0.7177	0.7762	0.8493
1448.0	691.0	71.0	181.0	658.0	1530.0	0.6437	0.7152	0.7656	0.7983
1447.0	691.0	71.0	1530.0	286.0	5.0	0.6437	0.7177	0.7654	0.8342
1446.0	691.0	71.0	1530.0	286.0	5.0	0.6437	0.7177	0.7654	0.8342
1445.0	691.0	71.0	1530.0	286.0	5.0	0.6437	0.7177	0.7654	0.8342
1444.0	691.0	71.0	1530.0	286.0	5.0	0.6437	0.7177	0.7654	0.8342
1443.0	691.0	71.0	1530.0	286.0	5.0	0.6437	0.7177	0.7654	0.8342
1442.0	691.0	71.0	1530.0	286.0	5.0	0.6437	0.7177	0.7654	0.8342
1441.0	691.0	1530.0	71.0	286.0	169.0	0.6437	0.7177	0.7746	0.792
1440.0	691.0	1530.0	71.0	286.0	169.0	0.6437	0.7177	0.7746	0.792
1439.0	691.0	1530.0	71.0	286.0	169.0	0.6437	0.7177	0.7746	0.792
1438.0	691.0	1530.0	71.0	286.0	169.0	0.6437	0.7177	0.7746	0.792
1437.0	691.0	1530.0	71.0	286.0	169.0	0.6437	0.7177	0.7746	0.792
1436.0	691.0	1530.0	71.0	286.0	169.0	0.6437	0.7177	0.7746	0.792
1435.0	691.0	1530.0	71.0	286.0	169.0	0.6437	0.7177	0.7746	0.792
1434.0	691.0	1530.0	71.0	286.0	169.0	0.6437	0.7177	0.7746	0.792
1433.0	691.0	1530.0	71.0	286.0	169.0	0.6437	0.7177	0.7746	0.792
1432.0	691.0	1530.0	71.0	286.0	169.0	0.6437	0.7177	0.7746	0.792
1431.0	691.0	1530.0	71.0	286.0	169.0	0.6437	0.7177	0.7746	0.792
1430.0	691.0	1530.0	71.0	286.0	169.0	0.6437	0.7177	0.7746	0.792
1429.0	691.0	1530.0	71.0	286.0	169.0	0.6437	0.7177	0.7746	0.792
1428.0	691.0	181.0	1530.0	286.0	71.0	0.6437	0.7482	0.7762	0.7951
1427.0	691.0	181.0	1530.0	286.0	71.0	0.6437	0.7482	0.7762	0.7951
1426.0	691.0	181.0	1530.0	286.0	71.0	0.6437	0.7482	0.7762	0.7951
1425.0	691.0	181.0	1530.0	286.0	71.0	0.6437	0.7482	0.7762	0.7951
1424.0	691.0	181.0	1530.0	286.0	71.0	0.6437	0.7482	0.7762	0.7951
1423.0	691.0	181.0	1530.0	286.0	71.0	0.6437	0.7482	0.7762	0.7951
1422.0	691.0	181.0	1530.0	286.0	71.0	0.6437	0.7482	0.7762	0.7951
1421.0	691.0	181.0	1530.0	286.0	71.0	0.6437	0.7482	0.7762	0.7951
1420.0	691.0	181.0	1530.0	286.0	71.0	0.6437	0.7482	0.7762	0.7951
1419.0	691.0	181.0	1530.0	286.0	71.0	0.6437	0.7482	0.7762	0.7951
1418.0	691.0	181.0	1530.0	286.0	71.0	0.6437	0.7482	0.7762	0.7951
1417.0	691.0	181.0	1530.0	286.0	71.0	0.6437	0.7482	0.7762	0.7951
1416.0	691.0	181.0	71.0	286.0	1530.0	0.6437	0.7152	0.7762	0.8042
1415.0	691.0	1530.0	532.0	658.0	181.0	0.6437	0.7236	0.7766	0.8256
1414.0	691.0	1530.0	532.0	658.0	181.0	0.6437	0.7236	0.7766	0.8256
1413.0	691.0	1530.0	532.0	658.0	181.0	0.6437	0.7236	0.7766	0.8256
1412.0	691.0	1530.0	532.0	658.0	181.0	0.6437	0.7236	0.7766	0.8256
1411.0	691.0	1530.0	532.0	658.0	181.0	0.6437	0.7236	0.7766	0.8256
1410.0	691.0	1530.0	532.0	658.0	181.0	0.6437	0.7236	0.7766	0.8256
1409.0	691.0	1530.0	532.0	658.0	181.0	0.6437	0.7236	0.7766	0.8256
1408.0	691.0	1530.0	71.0	181.0	658.0	0.6437	0.7177	0.7656	0.7893
1407.0	691.0	1530.0	71.0	181.0	658.0	0.6437	0.7177	0.7656	0.7893
1406.0	691.0	1530.0	653.0	71.0	181.0	0.6437	0.6791	0.718	0.7674
1405.0	691.0	1530.0	653.0	71.0	181.0	0.6437	0.6791	0.718	0.7674
1404.0	691.0	1530.0	653.0	71.0	181.0	0.6437	0.6791	0.718	0.7674
1403.0	691.0	1530.0	653.0	71.0	181.0	0.6437	0.6791	0.718	0.7674
1402.0	691.0	1530.0	653.0	71.0	181.0	0.6437	0.6791	0.718	0.7674
1401.0	691.0	1530.0	653.0	71.0	181.0	0.6437	0.6791	0.718	0.7674
1400.0	691.0	1530.0	653.0	71.0	181.0	0.6437	0.6791	0.718	0.7674
1399.0	691.0	1530.0	653.0	71.0	181.0	0.6437	0.6791	0.718	0.7674
1398.0	691.0	1530.0	653.0	71.0	181.0	0.6437	0.6791	0.718	0.7674
1397.0	691.0	1530.0	653.0	71.0	181.0	0.6437	0.6791	0.718	0.7674
1396.0	691.0	1619.0	1530.0	184.0	1587.0	0.6437	0.7062	0.7006	0.7628
1395.0	691.0	1619.0	1530.0	184.0	1587.0	0.6437	0.7062	0.7006	0.7628
1394.0	691.0	1619.0	1530.0	184.0	1587.0	0.6437	0.7062	0.7006	0.7628
1393.0	691.0	1619.0	1530.0	184.0	1587.0	0.6437	0.7062	0.7006	0.7628
1392.0	691.0	1619.0	1530.0	184.0	1587.0	0.6437	0.7062	0.7006	0.7628
1391.0	691.0	1619.0	1530.0	184.0	1587.0	0.6437	0.7062	0.7006	0.7628
1390.0	691.0	1619.0	1530.0	184.0	1587.0	0.6437	0.7062	0.7006	0.7628
1389.0	691.0	1619.0	1530.0	184.0	1587.0	0.6437	0.7062	0.7006	0.7628
1388.0	691.0	1619.0	1530.0	184.0	1587.0	0.6437	0.7062	0.7006	0.7628
1387.0	691.0	1530.0	184.0	179.0	286.0	0.6437	0.7412	0.7847	0.789
1386.0	691.0	1530.0	184.0	179.0	286.0	0.6437	0.7412	0.7847	0.789
1385.0	691.0	1530.0	184.0	179.0	286.0	0.6437	0.7412	0.7847	0.789
1384.0	691.0	1530.0	184.0	179.0	286.0	0.6437	0.7412	0.7847	0.789
1383.0	691.0	1530.0	184.0	179.0	286.0	0.6437	0.7412	0.7847	0.789
1382.0	691.0	1530.0	184.0	179.0	286.0	0.6437	0.7412	0.7847	0.789
1381.0	691.0	1530.0	184.0	179.0	286.0	0.6437	0.7412	0.7847	0.789
1380.0	691.0	1530.0	184.0	179.0	286.0	0.6437	0.7412	0.7847	0.789
1379.0	691.0	1530.0	184.0	169.0	1619.0	0.6437	0.7412	0.7593	0.8069
1378.0	691.0	1530.0	184.0	169.0	1619.0	0.6437	0.7412	0.7593	0.8069
1377.0	691.0	286.0	1530.0	181.0	658.0	0.6437	0.746	0.7933	0.7751
1376.0	691.0	181.0	1530.0	1545.0	286.0	0.6437	0.7482	0.785	0.7809
1375.0	691.0	1530.0	181.0	1599.0	286.0	0.6437	0.7482	0.7279	0.7796
1374.0	691.0	1530.0	181.0	1599.0	286.0	0.6437	0.7482	0.7279	0.7796
1373.0	691.0	1530.0	181.0	1599.0	286.0	0.6437	0.7482	0.7279	0.7796
1372.0	691.0	1530.0	181.0	1599.0	286.0	0.6437	0.7482	0.7279	0.7796
1371.0	691.0	1619.0	184.0	1530.0	1640.0	0.6437	0.6871	0.7313	0.8044
1370.0	691.0	1619.0	184.0	1530.0	1640.0	0.6437	0.6871	0.7313	0.8044
1369.0	691.0	1619.0	184.0	1530.0	1640.0	0.6437	0.6871	0.7313	0.8044
1368.0	691.0	1619.0	184.0	1530.0	1640.0	0.6437	0.6871	0.7313	0.8044
1367.0	691.0	1619.0	184.0	1530.0	1640.0	0.6437	0.6871	0.7313	0.8044
1366.0	691.0	1530.0	286.0	1619.0	184.0	0.6437	0.746	0.7469	0.7784
1365.0	691.0	1530.0	286.0	1619.0	184.0	0.6437	0.746	0.7469	0.7784
1364.0	691.0	1530.0	1545.0	167.0	179.0	0.6437	0.7328	0.7707	0.7999
1363.0	691.0	1530.0	1545.0	167.0	179.0	0.6437	0.7328	0.7707	0.7999
1362.0	691.0	1530.0	1545.0	167.0	179.0	0.6437	0.7328	0.7707	0.7999
1361.0	691.0	1530.0	1545.0	167.0	179.0	0.6437	0.7328	0.7707	0.7999
1360.0	691.0	1530.0	1545.0	167.0	179.0	0.6437	0.7328	0.7707	0.7999
1359.0	691.0	1530.0	1545.0	167.0	179.0	0.6437	0.7328	0.7707	0.7999
1358.0	691.0	1530.0	1545.0	167.0	179.0	0.6437	0.7328	0.7707	0.7999
1357.0	691.0	1530.0	1545.0	167.0	179.0	0.6437	0.7328	0.7707	0.7999
1356.0	691.0	1530.0	1545.0	167.0	179.0	0.6437	0.7328	0.7707	0.7999
1355.0	691.0	1530.0	1545.0	167.0	179.0	0.6437	0.7328	0.7707	0.7999
1354.0	691.0	1530.0	1545.0	167.0	179.0	0.6437	0.7328	0.7707	0.7999
1353.0	691.0	1530.0	1545.0	167.0	179.0	0.6437	0.7328	0.7707	0.7999
1352.0	691.0	1530.0	1545.0	167.0	179.0	0.6437	0.7328	0.7707	0.7999
1351.0	691.0	1530.0	1545.0	167.0	179.0	0.6437	0.7328	0.7707	0.7999
1350.0	691.0	1530.0	1545.0	167.0	179.0	0.6437	0.7328	0.7707	0.7999
1349.0	691.0	1530.0	1545.0	167.0	179.0	0.6437	0.7328	0.7707	0.7999
1348.0	691.0	1530.0	1545.0	167.0	179.0	0.6437	0.7328	0.7707	0.7999
1347.0	691.0	1530.0	1545.0	167.0	179.0	0.6437	0.7328	0.7707	0.7999
1346.0	691.0	1619.0	286.0	181.0	1640.0	0.6437	0.6848	0.7263	0.7644
1345.0	691.0	1619.0	286.0	181.0	1640.0	0.6437	0.6848	0.7263	0.7644
1344.0	691.0	1619.0	286.0	181.0	1640.0	0.6437	0.6848	0.7263	0.7644
1343.0	691.0	1619.0	286.0	181.0	1640.0	0.6437	0.6848	0.7263	0.7644
1342.0	691.0	1619.0	286.0	181.0	1640.0	0.6437	0.6848	0.7263	0.7644
1341.0	691.0	1619.0	286.0	181.0	1640.0	0.6437	0.6848	0.7263	0.7644
1340.0	691.0	1619.0	286.0	181.0	1640.0	0.6437	0.6848	0.7263	0.7644
1339.0	691.0	1619.0	286.0	181.0	1640.0	0.6437	0.6848	0.7263	0.7644
1338.0	691.0	1619.0	286.0	181.0	1640.0	0.6437	0.6848	0.7263	0.7644
1337.0	691.0	1619.0	286.0	181.0	1640.0	0.6437	0.6848	0.7263	0.7644
1336.0	691.0	1619.0	286.0	181.0	1640.0	0.6437	0.6848	0.7263	0.7644
1335.0	691.0	286.0	1545.0	1530.0	1619.0	0.6437	0.7349	0.7478	0.8154
1334.0	691.0	286.0	1545.0	1530.0	1619.0	0.6437	0.7349	0.7478	0.8154
1333.0	691.0	286.0	1545.0	1530.0	1619.0	0.6437	0.7349	0.7478	0.8154
1332.0	691.0	184.0	1530.0	181.0	653.0	0.6437	0.7412	0.7355	0.7856
1331.0	691.0	184.0	1530.0	181.0	653.0	0.6437	0.7412	0.7355	0.7856
1330.0	691.0	184.0	181.0	1619.0	167.0	0.6437	0.745	0.7651	0.7904
1329.0	691.0	184.0	181.0	1619.0	167.0	0.6437	0.745	0.7651	0.7904
1328.0	691.0	184.0	181.0	1619.0	167.0	0.6437	0.745	0.7651	0.7904
1327.0	691.0	184.0	181.0	1619.0	167.0	0.6437	0.745	0.7651	0.7904
1326.0	691.0	184.0	181.0	1619.0	167.0	0.6437	0.745	0.7651	0.7904
1325.0	691.0	184.0	181.0	1619.0	167.0	0.6437	0.745	0.7651	0.7904
1324.0	691.0	184.0	181.0	1619.0	167.0	0.6437	0.745	0.7651	0.7904
1323.0	691.0	184.0	181.0	1619.0	167.0	0.6437	0.745	0.7651	0.7904
1322.0	691.0	169.0	184.0	181.0	179.0	0.6437	0.7683	0.7827	0.7583
1321.0	691.0	1619.0	184.0	181.0	1693.0	0.6437	0.6871	0.7071	0.7672
1320.0	691.0	1619.0	184.0	181.0	1693.0	0.6437	0.6871	0.7071	0.7672
1319.0	691.0	1619.0	184.0	181.0	1693.0	0.6437	0.6871	0.7071	0.7672
1318.0	691.0	1619.0	184.0	181.0	1693.0	0.6437	0.6871	0.7071	0.7672
1317.0	691.0	1619.0	184.0	181.0	1693.0	0.6437	0.6871	0.7071	0.7672
1316.0	691.0	181.0	184.0	286.0	532.0	0.6437	0.745	0.8168	0.7902
1315.0	691.0	181.0	184.0	286.0	532.0	0.6437	0.745	0.8168	0.7902
1314.0	691.0	181.0	184.0	286.0	532.0	0.6437	0.745	0.8168	0.7902
1313.0	691.0	181.0	184.0	286.0	532.0	0.6437	0.745	0.8168	0.7902
1312.0	691.0	181.0	184.0	286.0	532.0	0.6437	0.745	0.8168	0.7902
1311.0	691.0	181.0	184.0	286.0	532.0	0.6437	0.745	0.8168	0.7902
1310.0	691.0	181.0	184.0	286.0	532.0	0.6437	0.745	0.8168	0.7902
1309.0	691.0	181.0	184.0	286.0	532.0	0.6437	0.745	0.8168	0.7902
1308.0	691.0	181.0	184.0	286.0	532.0	0.6437	0.745	0.8168	0.7902
1307.0	691.0	181.0	184.0	286.0	532.0	0.6437	0.745	0.8168	0.7902
1306.0	691.0	181.0	184.0	286.0	532.0	0.6437	0.745	0.8168	0.7902
1305.0	691.0	181.0	184.0	286.0	532.0	0.6437	0.745	0.8168	0.7902
1304.0	691.0	181.0	184.0	286.0	532.0	0.6437	0.745	0.8168	0.7902
1303.0	691.0	181.0	184.0	286.0	532.0	0.6437	0.745	0.8168	0.7902
1302.0	691.0	181.0	184.0	286.0	532.0	0.6437	0.745	0.8168	0.7902
1301.0	691.0	286.0	184.0	658.0	1619.0	0.6437	0.7703	0.7459	0.7452
1300.0	691.0	286.0	184.0	658.0	1619.0	0.6437	0.7703	0.7459	0.7452
1299.0	691.0	286.0	184.0	658.0	1619.0	0.6437	0.7703	0.7459	0.7452
1298.0	691.0	286.0	184.0	658.0	1619.0	0.6437	0.7703	0.7459	0.7452
1297.0	691.0	286.0	184.0	658.0	1619.0	0.6437	0.7703	0.7459	0.7452
1296.0	691.0	286.0	184.0	658.0	1619.0	0.6437	0.7703	0.7459	0.7452
1295.0	691.0	286.0	184.0	658.0	1619.0	0.6437	0.7703	0.7459	0.7452
1294.0	691.0	286.0	184.0	658.0	1619.0	0.6437	0.7703	0.7459	0.7452
1293.0	691.0	286.0	184.0	658.0	1619.0	0.6437	0.7703	0.7459	0.7452
1292.0	691.0	286.0	184.0	658.0	1619.0	0.6437	0.7703	0.7459	0.7452
1291.0	691.0	286.0	184.0	658.0	1619.0	0.6437	0.7703	0.7459	0.7452
1290.0	691.0	286.0	184.0	658.0	1619.0	0.6437	0.7703	0.7459	0.7452
1289.0	691.0	184.0	179.0	1619.0	181.0	0.6437	0.762	0.7464	0.7482
1288.0	691.0	184.0	179.0	1619.0	181.0	0.6437	0.762	0.7464	0.7482
1287.0	691.0	184.0	179.0	1619.0	181.0	0.6437	0.762	0.7464	0.7482
1286.0	691.0	184.0	179.0	1619.0	181.0	0.6437	0.762	0.7464	0.7482
1285.0	691.0	184.0	179.0	1619.0	181.0	0.6437	0.762	0.7464	0.7482
1284.0	691.0	184.0	179.0	1619.0	181.0	0.6437	0.762	0.7464	0.7482
1283.0	691.0	184.0	179.0	1619.0	181.0	0.6437	0.762	0.7464	0.7482
1282.0	691.0	184.0	179.0	1619.0	181.0	0.6437	0.762	0.7464	0.7482
1281.0	1734.0	184.0	1619.0	286.0	179.0	0.6491	0.6979	0.7448	0.7491
1280.0	1734.0	184.0	1619.0	286.0	179.0	0.6491	0.6979	0.7448	0.7491
1279.0	1734.0	184.0	1619.0	286.0	179.0	0.6491	0.6979	0.7448	0.7491
1278.0	1734.0	184.0	1619.0	286.0	179.0	0.6491	0.6979	0.7448	0.7491
1277.0	1734.0	184.0	1619.0	286.0	179.0	0.6491	0.6979	0.7448	0.7491
1276.0	1734.0	184.0	1619.0	286.0	179.0	0.6491	0.6979	0.7448	0.7491
1275.0	1734.0	184.0	1619.0	286.0	179.0	0.6491	0.6979	0.7448	0.7491
1274.0	1734.0	184.0	1619.0	286.0	179.0	0.6491	0.6979	0.7448	0.7491
1273.0	1734.0	184.0	1619.0	286.0	179.0	0.6491	0.6979	0.7448	0.7491
1272.0	1734.0	184.0	1619.0	286.0	179.0	0.6491	0.6979	0.7448	0.7491
1271.0	1734.0	184.0	1619.0	286.0	179.0	0.6491	0.6979	0.7448	0.7491
1270.0	1734.0	184.0	1619.0	286.0	179.0	0.6491	0.6979	0.7448	0.7491
1269.0	1734.0	184.0	1619.0	286.0	179.0	0.6491	0.6979	0.7448	0.7491
1268.0	1734.0	184.0	1619.0	286.0	179.0	0.6491	0.6979	0.7448	0.7491
1267.0	1734.0	85.0	1619.0	184.0	1693.0	0.6491	0.7112	0.7225	0.724
1266.0	1734.0	85.0	1619.0	184.0	1693.0	0.6491	0.7112	0.7225	0.724
1265.0	1734.0	85.0	1619.0	184.0	1693.0	0.6491	0.7112	0.7225	0.724
1264.0	1734.0	1619.0	5.0	1587.0	739.0	0.6491	0.6965	0.7188	0.7572
1263.0	1734.0	1619.0	5.0	1587.0	739.0	0.6491	0.6965	0.7188	0.7572
1262.0	1734.0	1619.0	5.0	1587.0	739.0	0.6491	0.6965	0.7188	0.7572
1261.0	1734.0	1619.0	5.0	1587.0	739.0	0.6491	0.6965	0.7188	0.7572
1260.0	1734.0	532.0	1693.0	169.0	1545.0	0.6491	0.702	0.741	0.7175
1259.0	1734.0	532.0	1693.0	169.0	1545.0	0.6491	0.702	0.741	0.7175
1258.0	1734.0	532.0	1693.0	169.0	1545.0	0.6491	0.702	0.741	0.7175
1257.0	1734.0	532.0	1693.0	169.0	1545.0	0.6491	0.702	0.741	0.7175
1256.0	1734.0	532.0	1693.0	169.0	1545.0	0.6491	0.702	0.741	0.7175
1255.0	1734.0	532.0	1693.0	169.0	1545.0	0.6491	0.702	0.741	0.7175
1254.0	1734.0	532.0	1693.0	169.0	1545.0	0.6491	0.702	0.741	0.7175
1253.0	1734.0	532.0	1693.0	169.0	1545.0	0.6491	0.702	0.741	0.7175
1252.0	1734.0	532.0	1693.0	169.0	1545.0	0.6491	0.702	0.741	0.7175
1251.0	1734.0	532.0	1693.0	169.0	1545.0	0.6491	0.702	0.741	0.7175
1250.0	1734.0	532.0	1693.0	169.0	1545.0	0.6491	0.702	0.741	0.7175
1249.0	1734.0	532.0	1693.0	169.0	1545.0	0.6491	0.702	0.741	0.7175
1248.0	1734.0	532.0	1693.0	169.0	1545.0	0.6491	0.702	0.741	0.7175
1247.0	1734.0	532.0	1693.0	169.0	1545.0	0.6491	0.702	0.741	0.7175
1246.0	1734.0	532.0	1693.0	169.0	1545.0	0.6491	0.702	0.741	0.7175
1245.0	1734.0	532.0	1693.0	169.0	1545.0	0.6491	0.702	0.741	0.7175
1244.0	1734.0	532.0	1693.0	169.0	1545.0	0.6491	0.702	0.741	0.7175
1243.0	1734.0	532.0	1693.0	169.0	1545.0	0.6491	0.702	0.741	0.7175
1242.0	1734.0	532.0	1693.0	169.0	1545.0	0.6491	0.702	0.741	0.7175
1241.0	1734.0	532.0	1693.0	169.0	1545.0	0.6491	0.702	0.741	0.7175
1240.0	1734.0	532.0	1693.0	169.0	1545.0	0.6491	0.702	0.741	0.7175
1239.0	1734.0	532.0	1693.0	169.0	1545.0	0.6491	0.702	0.741	0.7175
1238.0	1734.0	532.0	1693.0	169.0	1545.0	0.6491	0.702	0.741	0.7175
1237.0	1734.0	532.0	1693.0	169.0	1545.0	0.6491	0.702	0.741	0.7175
1236.0	1734.0	532.0	1693.0	169.0	1545.0	0.6491	0.702	0.741	0.7175
1235.0	1734.0	532.0	1693.0	169.0	1545.0	0.6491	0.702	0.741	0.7175
1234.0	1734.0	532.0	1693.0	169.0	1545.0	0.6491	0.702	0.741	0.7175
1233.0	1734.0	532.0	1693.0	169.0	1545.0	0.6491	0.702	0.741	0.7175
1232.0	1734.0	532.0	1693.0	169.0	1545.0	0.6491	0.702	0.741	0.7175
1231.0	1734.0	532.0	1693.0	169.0	1545.0	0.6491	0.702	0.741	0.7175
1230.0	1734.0	532.0	1693.0	169.0	1545.0	0.6491	0.702	0.741	0.7175
1229.0	1734.0	286.0	1619.0	1685.0	1693.0	0.6491	0.692	0.697	0.7638
1228.0	1734.0	286.0	1619.0	1685.0	1693.0	0.6491	0.692	0.697	0.7638
1227.0	1734.0	286.0	1619.0	1685.0	1693.0	0.6491	0.692	0.697	0.7638
1226.0	1734.0	286.0	1619.0	1685.0	1693.0	0.6491	0.692	0.697	0.7638
1225.0	1734.0	286.0	1619.0	1685.0	1693.0	0.6491	0.692	0.697	0.7638
1224.0	1734.0	286.0	1619.0	1685.0	1693.0	0.6491	0.692	0.697	0.7638
1223.0	1734.0	286.0	1619.0	1685.0	1693.0	0.6491	0.692	0.697	0.7638
1222.0	1734.0	286.0	1619.0	1685.0	1693.0	0.6491	0.692	0.697	0.7638
1221.0	1734.0	286.0	1619.0	1685.0	1693.0	0.6491	0.692	0.697	0.7638
1220.0	1734.0	286.0	1619.0	1685.0	1693.0	0.6491	0.692	0.697	0.7638
1219.0	1734.0	286.0	1619.0	1685.0	1693.0	0.6491	0.692	0.697	0.7638
1218.0	1734.0	286.0	1619.0	1685.0	1693.0	0.6491	0.692	0.697	0.7638
1217.0	1734.0	286.0	1619.0	1685.0	1693.0	0.6491	0.692	0.697	0.7638
1216.0	1734.0	286.0	1619.0	1685.0	1693.0	0.6491	0.692	0.697	0.7638
1215.0	1734.0	286.0	1619.0	1685.0	1693.0	0.6491	0.692	0.697	0.7638
1214.0	1734.0	286.0	1619.0	1685.0	1693.0	0.6491	0.692	0.697	0.7638
1213.0	1734.0	286.0	1619.0	1685.0	1693.0	0.6491	0.692	0.697	0.7638
1212.0	1734.0	286.0	1619.0	1685.0	1693.0	0.6491	0.692	0.697	0.7638
1211.0	1734.0	286.0	1619.0	1685.0	1693.0	0.6491	0.692	0.697	0.7638
1210.0	1734.0	286.0	1619.0	1685.0	1693.0	0.6491	0.692	0.697	0.7638
1209.0	1734.0	286.0	1619.0	1685.0	1693.0	0.6491	0.692	0.697	0.7638
1208.0	1734.0	286.0	1619.0	1685.0	1693.0	0.6491	0.692	0.697	0.7638
1207.0	1734.0	286.0	1619.0	1685.0	1693.0	0.6491	0.692	0.697	0.7638
1206.0	1734.0	286.0	1619.0	1685.0	1693.0	0.6491	0.692	0.697	0.7638
1205.0	1734.0	286.0	1619.0	1685.0	1693.0	0.6491	0.692	0.697	0.7638
1204.0	1734.0	286.0	1619.0	1685.0	1693.0	0.6491	0.692	0.697	0.7638
1203.0	1734.0	5.0	184.0	1812.0	85.0	0.6491	0.7466	0.7838	0.734
1202.0	1734.0	5.0	184.0	1812.0	85.0	0.6491	0.7466	0.7838	0.734
1201.0	1734.0	5.0	184.0	1812.0	85.0	0.6491	0.7466	0.7838	0.734
1200.0	1734.0	5.0	184.0	1812.0	85.0	0.6491	0.7466	0.7838	0.734
1199.0	1734.0	5.0	184.0	1812.0	85.0	0.6491	0.7466	0.7838	0.734
1198.0	1734.0	5.0	184.0	1812.0	85.0	0.6491	0.7466	0.7838	0.734
1197.0	1734.0	5.0	184.0	1812.0	85.0	0.6491	0.7466	0.7838	0.734
1196.0	1734.0	5.0	184.0	1812.0	85.0	0.6491	0.7466	0.7838	0.734
1195.0	1734.0	5.0	184.0	1812.0	85.0	0.6491	0.7466	0.7838	0.734
1194.0	1734.0	5.0	184.0	1812.0	85.0	0.6491	0.7466	0.7838	0.734
1193.0	1734.0	5.0	184.0	1812.0	85.0	0.6491	0.7466	0.7838	0.734
1192.0	1734.0	5.0	184.0	1812.0	85.0	0.6491	0.7466	0.7838	0.734
1191.0	1734.0	5.0	184.0	1812.0	85.0	0.6491	0.7466	0.7838	0.734
1190.0	1734.0	5.0	184.0	1812.0	85.0	0.6491	0.7466	0.7838	0.734
1189.0	1734.0	5.0	184.0	1812.0	85.0	0.6491	0.7466	0.7838	0.734
1188.0	1734.0	1827.0	1619.0	184.0	658.0	0.6491	0.731	0.7604	0.7574
1187.0	1734.0	1827.0	1619.0	184.0	658.0	0.6491	0.731	0.7604	0.7574
1186.0	1734.0	1827.0	1619.0	184.0	658.0	0.6491	0.731	0.7604	0.7574
1185.0	1734.0	1827.0	1619.0	184.0	658.0	0.6491	0.731	0.7604	0.7574
1184.0	1734.0	1827.0	1619.0	184.0	658.0	0.6491	0.731	0.7604	0.7574
1183.0	1734.0	1693.0	1827.0	653.0	286.0	0.6491	0.7013	0.7159	0.7601
1182.0	1734.0	1693.0	1827.0	653.0	286.0	0.6491	0.7013	0.7159	0.7601
1181.0	1734.0	1693.0	1827.0	653.0	286.0	0.6491	0.7013	0.7159	0.7601
1180.0	1734.0	1693.0	1827.0	653.0	286.0	0.6491	0.7013	0.7159	0.7601
1179.0	1734.0	1693.0	1827.0	653.0	286.0	0.6491	0.7013	0.7159	0.7601
1178.0	1734.0	1693.0	1827.0	653.0	286.0	0.6491	0.7013	0.7159	0.7601
1177.0	1734.0	1693.0	1827.0	653.0	286.0	0.6491	0.7013	0.7159	0.7601
1176.0	1734.0	1693.0	1827.0	653.0	286.0	0.6491	0.7013	0.7159	0.7601
1175.0	1734.0	1693.0	1827.0	653.0	286.0	0.6491	0.7013	0.7159	0.7601
1174.0	1734.0	1693.0	1827.0	653.0	286.0	0.6491	0.7013	0.7159	0.7601
1173.0	1734.0	1693.0	1827.0	653.0	286.0	0.6491	0.7013	0.7159	0.7601
1172.0	1734.0	1693.0	1827.0	653.0	286.0	0.6491	0.7013	0.7159	0.7601
1171.0	1734.0	1619.0	1812.0	1827.0	286.0	0.6491	0.7238	0.7753	0.7929
1170.0	1734.0	1619.0	1812.0	1827.0	286.0	0.6491	0.7238	0.7753	0.7929
1169.0	1734.0	1619.0	1812.0	1827.0	286.0	0.6491	0.7238	0.7753	0.7929
1168.0	1734.0	1619.0	1812.0	1827.0	286.0	0.6491	0.7238	0.7753	0.7929
1167.0	1734.0	1619.0	1812.0	1827.0	286.0	0.6491	0.7238	0.7753	0.7929
1166.0	1734.0	1619.0	1812.0	1827.0	286.0	0.6491	0.7238	0.7753	0.7929
1165.0	1734.0	1619.0	1812.0	1827.0	286.0	0.6491	0.7238	0.7753	0.7929
1164.0	1734.0	1619.0	1812.0	1827.0	286.0	0.6491	0.7238	0.7753	0.7929
1163.0	1734.0	1619.0	1812.0	1827.0	286.0	0.6491	0.7238	0.7753	0.7929
1162.0	1734.0	1619.0	1812.0	1827.0	286.0	0.6491	0.7238	0.7753	0.7929
1161.0	1734.0	1619.0	1812.0	1827.0	286.0	0.6491	0.7238	0.7753	0.7929
1160.0	1734.0	1619.0	1812.0	1827.0	286.0	0.6491	0.7238	0.7753	0.7929
1159.0	1734.0	1619.0	1812.0	1827.0	286.0	0.6491	0.7238	0.7753	0.7929
1158.0	1734.0	1619.0	1812.0	1827.0	286.0	0.6491	0.7238	0.7753	0.7929
1157.0	1734.0	1619.0	1812.0	1827.0	286.0	0.6491	0.7238	0.7753	0.7929
1156.0	1734.0	1827.0	1619.0	167.0	1859.0	0.6491	0.731	0.7507	0.7681
1155.0	1734.0	1827.0	1619.0	167.0	1859.0	0.6491	0.731	0.7507	0.7681
1154.0	1734.0	1827.0	1619.0	167.0	1859.0	0.6491	0.731	0.7507	0.7681
1153.0	1734.0	1827.0	1619.0	167.0	1859.0	0.6491	0.731	0.7507	0.7681
1152.0	1734.0	1827.0	1619.0	167.0	1859.0	0.6491	0.731	0.7507	0.7681
1151.0	1734.0	1827.0	1619.0	167.0	1859.0	0.6491	0.731	0.7507	0.7681
1150.0	1734.0	1827.0	1619.0	167.0	1859.0	0.6491	0.731	0.7507	0.7681
1149.0	1734.0	1827.0	1619.0	167.0	1859.0	0.6491	0.731	0.7507	0.7681
1148.0	1734.0	1827.0	1619.0	167.0	1859.0	0.6491	0.731	0.7507	0.7681
1147.0	1734.0	1827.0	1619.0	167.0	1859.0	0.6491	0.731	0.7507	0.7681
1146.0	1734.0	1827.0	1619.0	167.0	1859.0	0.6491	0.731	0.7507	0.7681
1145.0	1734.0	1827.0	1619.0	167.0	1859.0	0.6491	0.731	0.7507	0.7681
1144.0	1734.0	1827.0	1619.0	167.0	1859.0	0.6491	0.731	0.7507	0.7681
1143.0	1734.0	1827.0	1619.0	167.0	1859.0	0.6491	0.731	0.7507	0.7681
1142.0	1734.0	1827.0	1619.0	167.0	1859.0	0.6491	0.731	0.7507	0.7681
1141.0	1734.0	1827.0	1619.0	167.0	1859.0	0.6491	0.731	0.7507	0.7681
1140.0	1734.0	1827.0	1812.0	70.0	181.0	0.6491	0.743	0.7791	0.7753
1139.0	1734.0	1827.0	1812.0	70.0	181.0	0.6491	0.743	0.7791	0.7753
1138.0	1734.0	1827.0	1812.0	70.0	181.0	0.6491	0.743	0.7791	0.7753
1137.0	1734.0	1619.0	184.0	1859.0	1693.0	0.6491	0.6979	0.6898	0.7471
1136.0	1734.0	1619.0	184.0	1859.0	1693.0	0.6491	0.6979	0.6898	0.7471
1135.0	1734.0	1619.0	184.0	1859.0	1693.0	0.6491	0.6979	0.6898	0.7471
1134.0	1734.0	1619.0	184.0	1859.0	1693.0	0.6491	0.6979	0.6898	0.7471
1133.0	1734.0	1619.0	184.0	1859.0	1693.0	0.6491	0.6979	0.6898	0.7471
1132.0	1734.0	1619.0	184.0	1859.0	1693.0	0.6491	0.6979	0.6898	0.7471
1131.0	1734.0	1619.0	184.0	1859.0	1693.0	0.6491	0.6979	0.6898	0.7471
1130.0	1734.0	1827.0	184.0	181.0	1812.0	0.6491	0.7437	0.7857	0.7917
1129.0	1734.0	1827.0	184.0	181.0	1812.0	0.6491	0.7437	0.7857	0.7917
1128.0	1734.0	1827.0	184.0	181.0	1812.0	0.6491	0.7437	0.7857	0.7917
1127.0	1734.0	286.0	1827.0	1619.0	1812.0	0.6491	0.7559	0.7753	0.7852
1126.0	1734.0	286.0	1827.0	1619.0	1812.0	0.6491	0.7559	0.7753	0.7852
1125.0	1734.0	286.0	1827.0	1619.0	1812.0	0.6491	0.7559	0.7753	0.7852
1124.0	1734.0	286.0	1827.0	1619.0	1812.0	0.6491	0.7559	0.7753	0.7852
1123.0	1734.0	1619.0	1827.0	1812.0	286.0	0.6491	0.731	0.7753	0.7254
1122.0	1734.0	1619.0	1827.0	1812.0	286.0	0.6491	0.731	0.7753	0.7254
1121.0	1734.0	1827.0	1619.0	1812.0	1693.0	0.6491	0.731	0.7292	0.7584
1120.0	1734.0	1827.0	1619.0	1812.0	1693.0	0.6491	0.731	0.7292	0.7584
1119.0	1734.0	1827.0	1619.0	1812.0	1693.0	0.6491	0.731	0.7292	0.7584
1118.0	1734.0	1827.0	1619.0	1812.0	1693.0	0.6491	0.731	0.7292	0.7584
1117.0	1734.0	1827.0	1619.0	1812.0	1693.0	0.6491	0.731	0.7292	0.7584
1116.0	1734.0	1827.0	1619.0	1812.0	1693.0	0.6491	0.731	0.7292	0.7584
1115.0	1734.0	1827.0	1619.0	1812.0	1693.0	0.6491	0.731	0.7292	0.7584
1114.0	1734.0	1827.0	1619.0	1812.0	1693.0	0.6491	0.731	0.7292	0.7584
1113.0	1734.0	1827.0	1619.0	1812.0	1693.0	0.6491	0.731	0.7292	0.7584
1112.0	1734.0	1827.0	1619.0	1812.0	1693.0	0.6491	0.731	0.7292	0.7584
1111.0	1734.0	1827.0	1619.0	1812.0	1693.0	0.6491	0.731	0.7292	0.7584
1110.0	1734.0	1827.0	1619.0	1812.0	1693.0	0.6491	0.731	0.7292	0.7584
1109.0	1734.0	1827.0	1619.0	1812.0	1693.0	0.6491	0.731	0.7292	0.7584
1108.0	1734.0	1827.0	1619.0	1812.0	1693.0	0.6491	0.731	0.7292	0.7584
1107.0	1734.0	1827.0	1619.0	1812.0	1693.0	0.6491	0.731	0.7292	0.7584
1106.0	1734.0	286.0	1619.0	1827.0	1812.0	0.6491	0.692	0.7753	0.8024
1105.0	1734.0	286.0	1619.0	1827.0	1812.0	0.6491	0.692	0.7753	0.8024
1104.0	1734.0	1827.0	1812.0	184.0	1619.0	0.6491	0.743	0.7773	0.722
1103.0	1734.0	1827.0	1812.0	184.0	1619.0	0.6491	0.743	0.7773	0.722
1102.0	1734.0	1619.0	184.0	1827.0	169.0	0.6491	0.6979	0.7838	0.7606
1101.0	1734.0	1619.0	184.0	1827.0	169.0	0.6491	0.6979	0.7838	0.7606
1100.0	1734.0	1619.0	184.0	1827.0	169.0	0.6491	0.6979	0.7838	0.7606
1099.0	1734.0	1619.0	184.0	1827.0	169.0	0.6491	0.6979	0.7838	0.7606
1098.0	1734.0	1619.0	184.0	1827.0	169.0	0.6491	0.6979	0.7838	0.7606
1097.0	1734.0	1619.0	184.0	1827.0	169.0	0.6491	0.6979	0.7838	0.7606
1096.0	1734.0	1619.0	184.0	1827.0	169.0	0.6491	0.6979	0.7838	0.7606
1095.0	1734.0	1619.0	184.0	1827.0	169.0	0.6491	0.6979	0.7838	0.7606
1094.0	1734.0	1619.0	184.0	1827.0	169.0	0.6491	0.6979	0.7838	0.7606
1093.0	1734.0	1619.0	184.0	1827.0	169.0	0.6491	0.6979	0.7838	0.7606
1092.0	1734.0	1619.0	184.0	1827.0	169.0	0.6491	0.6979	0.7838	0.7606
1091.0	1734.0	1619.0	184.0	1827.0	169.0	0.6491	0.6979	0.7838	0.7606
1090.0	1734.0	1619.0	184.0	1827.0	169.0	0.6491	0.6979	0.7838	0.7606
1089.0	1734.0	1812.0	1827.0	184.0	1619.0	0.6491	0.743	0.7773	0.7202
1088.0	1734.0	1812.0	1827.0	184.0	1619.0	0.6491	0.743	0.7773	0.7202
1087.0	1734.0	1812.0	1827.0	184.0	1619.0	0.6491	0.743	0.7773	0.7202
1086.0	1734.0	1812.0	1827.0	184.0	1619.0	0.6491	0.743	0.7773	0.7202
1085.0	1734.0	1619.0	1827.0	184.0	286.0	0.6491	0.731	0.7751	0.7981
1084.0	1734.0	1827.0	1812.0	184.0	286.0	0.6491	0.743	0.783	0.7593
1083.0	1734.0	1827.0	1812.0	184.0	286.0	0.6491	0.743	0.783	0.7593
1082.0	1734.0	1827.0	1812.0	184.0	286.0	0.6491	0.743	0.783	0.7593
1081.0	1734.0	1827.0	1812.0	184.0	286.0	0.6491	0.743	0.783	0.7593
1080.0	1734.0	1827.0	1812.0	184.0	286.0	0.6491	0.743	0.783	0.7593
1079.0	1734.0	1827.0	1812.0	184.0	286.0	0.6491	0.743	0.783	0.7593
1078.0	1734.0	1827.0	1812.0	184.0	286.0	0.6491	0.743	0.783	0.7593
1077.0	1734.0	1827.0	1812.0	184.0	286.0	0.6491	0.743	0.783	0.7593
1076.0	1734.0	1827.0	1812.0	184.0	286.0	0.6491	0.743	0.783	0.7593
1075.0	1734.0	1827.0	1812.0	184.0	286.0	0.6491	0.743	0.783	0.7593
1074.0	1734.0	1827.0	1812.0	184.0	286.0	0.6491	0.743	0.783	0.7593
1073.0	1734.0	1619.0	1827.0	1812.0	286.0	0.6491	0.731	0.7753	0.7818
1072.0	1734.0	1619.0	1827.0	1812.0	286.0	0.6491	0.731	0.7753	0.7818
1071.0	1734.0	1619.0	1827.0	1812.0	286.0	0.6491	0.731	0.7753	0.7818
1070.0	1734.0	1827.0	1812.0	1619.0	184.0	0.6491	0.743	0.7773	0.7829
1069.0	1734.0	1827.0	179.0	1619.0	1812.0	0.6491	0.7378	0.7699	0.8111
1068.0	1734.0	1827.0	179.0	1619.0	1812.0	0.6491	0.7378	0.7699	0.8111
1067.0	1734.0	1827.0	179.0	1619.0	1812.0	0.6491	0.7378	0.7699	0.8111
1066.0	1734.0	1827.0	179.0	1619.0	1812.0	0.6491	0.7378	0.7699	0.8111
1065.0	1734.0	1827.0	179.0	1619.0	1812.0	0.6491	0.7378	0.7699	0.8111
1064.0	1734.0	1619.0	1812.0	1827.0	181.0	0.6491	0.7238	0.7821	0.7624
1063.0	1734.0	1619.0	1812.0	1827.0	181.0	0.6491	0.7238	0.7821	0.7624
1062.0	1734.0	1619.0	1812.0	1827.0	181.0	0.6491	0.7238	0.7821	0.7624
1061.0	1734.0	1619.0	1812.0	1827.0	181.0	0.6491	0.7238	0.7821	0.7624
1060.0	1734.0	1619.0	1812.0	1827.0	181.0	0.6491	0.7238	0.7821	0.7624
1059.0	1734.0	1619.0	1812.0	1827.0	181.0	0.6491	0.7238	0.7821	0.7624
1058.0	1734.0	1619.0	1812.0	1827.0	181.0	0.6491	0.7238	0.7821	0.7624
1057.0	1734.0	1619.0	1812.0	1827.0	181.0	0.6491	0.7238	0.7821	0.7624
1056.0	1734.0	1619.0	1812.0	1827.0	181.0	0.6491	0.7238	0.7821	0.7624
1055.0	1734.0	1619.0	1812.0	1827.0	181.0	0.6491	0.7238	0.7821	0.7624
1054.0	1734.0	1619.0	1812.0	1827.0	181.0	0.6491	0.7238	0.7821	0.7624
1053.0	1734.0	1619.0	1812.0	1827.0	181.0	0.6491	0.7238	0.7821	0.7624
1052.0	1734.0	1619.0	1812.0	1827.0	181.0	0.6491	0.7238	0.7821	0.7624
1051.0	1734.0	1619.0	1812.0	1827.0	181.0	0.6491	0.7238	0.7821	0.7624
1050.0	1734.0	1619.0	1812.0	1827.0	181.0	0.6491	0.7238	0.7821	0.7624
1049.0	1734.0	1619.0	1812.0	1827.0	181.0	0.6491	0.7238	0.7821	0.7624
1048.0	1734.0	1619.0	1812.0	169.0	1859.0	0.6491	0.7238	0.732	0.7692
1047.0	1734.0	1619.0	1812.0	169.0	1859.0	0.6491	0.7238	0.732	0.7692
1046.0	1734.0	1619.0	1812.0	169.0	1859.0	0.6491	0.7238	0.732	0.7692
1045.0	1734.0	1619.0	1812.0	169.0	1859.0	0.6491	0.7238	0.732	0.7692
1044.0	1734.0	1619.0	1812.0	169.0	1859.0	0.6491	0.7238	0.732	0.7692
1043.0	1734.0	1619.0	1812.0	169.0	1859.0	0.6491	0.7238	0.732	0.7692
1042.0	1734.0	1619.0	1812.0	169.0	1859.0	0.6491	0.7238	0.732	0.7692
1041.0	1734.0	184.0	1827.0	1812.0	1619.0	0.6491	0.7437	0.7773	0.7662
1040.0	1734.0	184.0	1827.0	1812.0	1619.0	0.6491	0.7437	0.7773	0.7662
1039.0	1734.0	184.0	1827.0	1812.0	1619.0	0.6491	0.7437	0.7773	0.7662
1038.0	1734.0	184.0	1827.0	1812.0	1619.0	0.6491	0.7437	0.7773	0.7662
1037.0	1734.0	184.0	1827.0	1812.0	1619.0	0.6491	0.7437	0.7773	0.7662
1036.0	1734.0	184.0	1827.0	1812.0	1619.0	0.6491	0.7437	0.7773	0.7662
1035.0	1734.0	1812.0	184.0	1619.0	1951.0	0.6491	0.7489	0.7647	0.7601
1034.0	1734.0	1812.0	1974.0	181.0	1619.0	0.6491	0.7362	0.7667	0.7827
1033.0	1734.0	1812.0	1974.0	181.0	1619.0	0.6491	0.7362	0.7667	0.7827
1032.0	1734.0	1812.0	1974.0	181.0	1619.0	0.6491	0.7362	0.7667	0.7827
1031.0	1734.0	1812.0	1974.0	181.0	1619.0	0.6491	0.7362	0.7667	0.7827
1030.0	1734.0	1827.0	184.0	181.0	1693.0	0.6491	0.7437	0.7514	0.7611
1029.0	1734.0	1812.0	184.0	1619.0	169.0	0.6491	0.7489	0.7687	0.7723
1028.0	1987.0	1734.0	181.0	1619.0	1827.0	0.644	0.7423	0.7658	0.801
1027.0	1987.0	1734.0	1619.0	1693.0	1812.0	0.644	0.7089	0.7103	0.7575
1026.0	1987.0	1734.0	1619.0	1693.0	1812.0	0.644	0.7089	0.7103	0.7575
1025.0	1987.0	1734.0	1619.0	1693.0	1812.0	0.644	0.7089	0.7103	0.7575
1024.0	1987.0	1734.0	1619.0	1693.0	1812.0	0.644	0.7089	0.7103	0.7575
1023.0	1987.0	1734.0	1619.0	1693.0	1812.0	0.644	0.7089	0.7103	0.7575
1022.0	1987.0	1734.0	1619.0	1693.0	1812.0	0.644	0.7089	0.7103	0.7575
1021.0	1987.0	1734.0	1619.0	1693.0	1812.0	0.644	0.7089	0.7103	0.7575
1020.0	1987.0	1734.0	1619.0	181.0	1693.0	0.644	0.7089	0.7125	0.7511
1019.0	1987.0	1734.0	1619.0	184.0	1878.0	0.644	0.7089	0.7001	0.7331
1018.0	1987.0	1734.0	1619.0	184.0	1878.0	0.644	0.7089	0.7001	0.7331
1017.0	1987.0	1734.0	1619.0	184.0	1878.0	0.644	0.7089	0.7001	0.7331
1016.0	1987.0	1734.0	1619.0	184.0	1878.0	0.644	0.7089	0.7001	0.7331
1015.0	1987.0	1734.0	1619.0	184.0	1878.0	0.644	0.7089	0.7001	0.7331
1014.0	1987.0	1734.0	1619.0	184.0	1878.0	0.644	0.7089	0.7001	0.7331
1013.0	1734.0	1987.0	1827.0	1619.0	1693.0	0.6491	0.7423	0.7191	0.7575
1012.0	1734.0	1987.0	1827.0	1619.0	1693.0	0.6491	0.7423	0.7191	0.7575
1011.0	1734.0	1987.0	1827.0	1619.0	1693.0	0.6491	0.7423	0.7191	0.7575
1010.0	1734.0	1987.0	1827.0	1619.0	1693.0	0.6491	0.7423	0.7191	0.7575
1009.0	1987.0	184.0	1734.0	1812.0	1980.0	0.644	0.7367	0.7457	0.7575
1008.0	1987.0	184.0	1734.0	1812.0	1980.0	0.644	0.7367	0.7457	0.7575
1007.0	1987.0	184.0	1734.0	1812.0	1980.0	0.644	0.7367	0.7457	0.7575
1006.0	1987.0	184.0	1734.0	1812.0	1980.0	0.644	0.7367	0.7457	0.7575
1005.0	1987.0	184.0	1734.0	1812.0	1980.0	0.644	0.7367	0.7457	0.7575
1004.0	1987.0	184.0	1734.0	1812.0	1980.0	0.644	0.7367	0.7457	0.7575
1003.0	1987.0	184.0	1734.0	1812.0	1980.0	0.644	0.7367	0.7457	0.7575
1002.0	1987.0	184.0	1734.0	1812.0	1980.0	0.644	0.7367	0.7457	0.7575
1001.0	1734.0	1987.0	1827.0	1812.0	1619.0	0.6491	0.7423	0.7667	0.7444
1000.0	1734.0	1987.0	1827.0	1812.0	1619.0	0.6491	0.7423	0.7667	0.7444
999.0	1734.0	1987.0	1827.0	1812.0	1619.0	0.6491	0.7423	0.7667	0.7444
998.0	1734.0	1987.0	1827.0	1812.0	1619.0	0.6491	0.7423	0.7667	0.7444
997.0	1734.0	1987.0	1827.0	1812.0	1619.0	0.6491	0.7423	0.7667	0.7444
996.0	1734.0	1987.0	1827.0	1812.0	1619.0	0.6491	0.7423	0.7667	0.7444
995.0	1734.0	1987.0	1827.0	1812.0	1619.0	0.6491	0.7423	0.7667	0.7444
994.0	1734.0	1987.0	1827.0	1812.0	1619.0	0.6491	0.7423	0.7667	0.7444
993.0	1734.0	1987.0	1827.0	1812.0	1619.0	0.6491	0.7423	0.7667	0.7444
992.0	1734.0	1987.0	1827.0	1812.0	1619.0	0.6491	0.7423	0.7667	0.7444
991.0	1734.0	1987.0	1827.0	1812.0	1619.0	0.6491	0.7423	0.7667	0.7444
990.0	1734.0	1987.0	1812.0	1827.0	1619.0	0.6491	0.7509	0.7667	0.7566
989.0	1734.0	1987.0	1812.0	1827.0	1619.0	0.6491	0.7509	0.7667	0.7566
988.0	1734.0	1987.0	1812.0	1827.0	1619.0	0.6491	0.7509	0.7667	0.7566
987.0	1734.0	1987.0	1812.0	1827.0	1619.0	0.6491	0.7509	0.7667	0.7566
986.0	1734.0	1987.0	1812.0	1827.0	1619.0	0.6491	0.7509	0.7667	0.7566
985.0	1734.0	1987.0	1812.0	1827.0	1619.0	0.6491	0.7509	0.7667	0.7566
984.0	1734.0	1987.0	1812.0	1827.0	1619.0	0.6491	0.7509	0.7667	0.7566
983.0	1734.0	1987.0	1812.0	1827.0	1619.0	0.6491	0.7509	0.7667	0.7566
982.0	1734.0	1987.0	1812.0	1827.0	1619.0	0.6491	0.7509	0.7667	0.7566
981.0	1734.0	1987.0	1812.0	1827.0	1619.0	0.6491	0.7509	0.7667	0.7566
980.0	1734.0	1987.0	1812.0	1827.0	1619.0	0.6491	0.7509	0.7667	0.7566
979.0	1734.0	1987.0	1812.0	1827.0	1619.0	0.6491	0.7509	0.7667	0.7566
978.0	1734.0	1987.0	1812.0	1827.0	1619.0	0.6491	0.7509	0.7667	0.7566
977.0	1734.0	1987.0	1812.0	1827.0	1619.0	0.6491	0.7509	0.7667	0.7566
976.0	1734.0	1987.0	1812.0	1827.0	1619.0	0.6491	0.7509	0.7667	0.7566
975.0	1987.0	1734.0	184.0	1619.0	1693.0	0.644	0.7367	0.7076	0.7423
974.0	1987.0	1734.0	184.0	1619.0	1693.0	0.644	0.7367	0.7076	0.7423
973.0	1987.0	1734.0	1812.0	184.0	1619.0	0.644	0.7509	0.7586	0.7265
972.0	1987.0	1734.0	1812.0	184.0	1619.0	0.644	0.7509	0.7586	0.7265
971.0	1734.0	1987.0	1827.0	1619.0	1812.0	0.6491	0.7423	0.7667	0.783
970.0	1734.0	1987.0	1827.0	1619.0	1812.0	0.6491	0.7423	0.7667	0.783
969.0	1734.0	1987.0	1812.0	1619.0	1980.0	0.6491	0.7509	0.7225	0.7606
968.0	1734.0	1987.0	1812.0	1619.0	1980.0	0.6491	0.7509	0.7225	0.7606
967.0	1734.0	1987.0	1812.0	1619.0	1980.0	0.6491	0.7509	0.7225	0.7606
966.0	1734.0	1987.0	1812.0	1619.0	1980.0	0.6491	0.7509	0.7225	0.7606
965.0	1734.0	1987.0	1812.0	1619.0	1980.0	0.6491	0.7509	0.7225	0.7606
964.0	1734.0	1987.0	1812.0	1619.0	1980.0	0.6491	0.7509	0.7225	0.7606
963.0	1734.0	1987.0	1812.0	1619.0	1980.0	0.6491	0.7509	0.7225	0.7606
962.0	1734.0	1987.0	1812.0	1619.0	1980.0	0.6491	0.7509	0.7225	0.7606
961.0	1734.0	1987.0	1812.0	1619.0	1980.0	0.6491	0.7509	0.7225	0.7606
960.0	1734.0	1987.0	1812.0	1619.0	1980.0	0.6491	0.7509	0.7225	0.7606
959.0	1734.0	1987.0	1619.0	1812.0	184.0	0.6491	0.7089	0.7586	0.7663
958.0	1734.0	1987.0	1619.0	1812.0	184.0	0.6491	0.7089	0.7586	0.7663
957.0	1734.0	1987.0	1619.0	1812.0	184.0	0.6491	0.7089	0.7586	0.7663
956.0	1734.0	1987.0	1619.0	1812.0	184.0	0.6491	0.7089	0.7586	0.7663
955.0	1987.0	1619.0	1734.0	1980.0	1827.0	0.644	0.7089	0.7222	0.7635
954.0	1987.0	1734.0	1812.0	1619.0	169.0	0.644	0.7509	0.7656	0.7635
953.0	1987.0	1734.0	1812.0	1619.0	169.0	0.644	0.7509	0.7656	0.7635
952.0	1987.0	1734.0	1812.0	1619.0	169.0	0.644	0.7509	0.7656	0.7635
951.0	1734.0	1987.0	1693.0	2064.0	1619.0	0.6491	0.695	0.7284	0.7712
950.0	1734.0	1987.0	1693.0	2064.0	1619.0	0.6491	0.695	0.7284	0.7712
949.0	1734.0	1987.0	1693.0	2064.0	1619.0	0.6491	0.695	0.7284	0.7712
948.0	1734.0	1987.0	1693.0	2064.0	1619.0	0.6491	0.695	0.7284	0.7712
947.0	1734.0	1987.0	1693.0	2064.0	1619.0	0.6491	0.695	0.7284	0.7712
946.0	1734.0	1987.0	1693.0	2064.0	1619.0	0.6491	0.695	0.7284	0.7712
945.0	1734.0	1987.0	1693.0	2064.0	1619.0	0.6491	0.695	0.7284	0.7712
944.0	1734.0	1987.0	1693.0	2064.0	1619.0	0.6491	0.695	0.7284	0.7712
943.0	1734.0	1987.0	1693.0	2064.0	1619.0	0.6491	0.695	0.7284	0.7712
942.0	1734.0	1987.0	1693.0	2064.0	1619.0	0.6491	0.695	0.7284	0.7712
941.0	1734.0	1987.0	1693.0	2064.0	1619.0	0.6491	0.695	0.7284	0.7712
940.0	1734.0	2064.0	1987.0	1827.0	1619.0	0.6491	0.7721	0.7868	0.7459
939.0	1734.0	2064.0	1987.0	1827.0	1619.0	0.6491	0.7721	0.7868	0.7459
938.0	1734.0	2064.0	1987.0	1827.0	1619.0	0.6491	0.7721	0.7868	0.7459
937.0	1734.0	2064.0	1987.0	1827.0	1619.0	0.6491	0.7721	0.7868	0.7459
936.0	1734.0	2064.0	1987.0	1827.0	1619.0	0.6491	0.7721	0.7868	0.7459
935.0	1734.0	2064.0	1987.0	1827.0	1619.0	0.6491	0.7721	0.7868	0.7459
934.0	1734.0	2064.0	1987.0	1827.0	1619.0	0.6491	0.7721	0.7868	0.7459
933.0	1734.0	2064.0	1987.0	1827.0	1619.0	0.6491	0.7721	0.7868	0.7459
932.0	1734.0	2064.0	1987.0	1827.0	1619.0	0.6491	0.7721	0.7868	0.7459
931.0	1734.0	1987.0	2064.0	1619.0	1827.0	0.6491	0.7721	0.7868	0.7633
930.0	1734.0	1987.0	2064.0	1619.0	1827.0	0.6491	0.7721	0.7868	0.7633
929.0	1734.0	1987.0	2064.0	1619.0	1827.0	0.6491	0.7721	0.7868	0.7633
928.0	1734.0	1987.0	2064.0	1619.0	1827.0	0.6491	0.7721	0.7868	0.7633
927.0	1734.0	1987.0	2064.0	1619.0	1827.0	0.6491	0.7721	0.7868	0.7633
926.0	1734.0	1987.0	2064.0	1619.0	1827.0	0.6491	0.7721	0.7868	0.7633
925.0	1734.0	1987.0	2064.0	1619.0	1827.0	0.6491	0.7721	0.7868	0.7633
924.0	1734.0	1987.0	2064.0	1619.0	1827.0	0.6491	0.7721	0.7868	0.7633
923.0	1734.0	1987.0	2064.0	1619.0	1827.0	0.6491	0.7721	0.7868	0.7633
922.0	1734.0	1987.0	2064.0	1619.0	1827.0	0.6491	0.7721	0.7868	0.7633
921.0	1734.0	1987.0	2064.0	1619.0	1827.0	0.6491	0.7721	0.7868	0.7633
920.0	1734.0	1987.0	2064.0	1619.0	1827.0	0.6491	0.7721	0.7868	0.7633
919.0	1734.0	1987.0	2064.0	181.0	1619.0	0.6491	0.7721	0.7796	0.7741
918.0	1987.0	1734.0	2064.0	1619.0	1693.0	0.644	0.7721	0.7284	0.7466
917.0	1734.0	2064.0	1987.0	1693.0	2098.0	0.6491	0.7721	0.6968	0.7518
916.0	1734.0	2064.0	1987.0	1693.0	2098.0	0.6491	0.7721	0.6968	0.7518
915.0	1734.0	2064.0	1987.0	1693.0	2098.0	0.6491	0.7721	0.6968	0.7518
914.0	1734.0	2064.0	1987.0	1693.0	2098.0	0.6491	0.7721	0.6968	0.7518
913.0	1734.0	2064.0	1987.0	1693.0	2098.0	0.6491	0.7721	0.6968	0.7518
912.0	1734.0	2064.0	1987.0	1693.0	2098.0	0.6491	0.7721	0.6968	0.7518
911.0	1734.0	2064.0	1987.0	1693.0	2098.0	0.6491	0.7721	0.6968	0.7518
910.0	1987.0	1734.0	1619.0	2064.0	2098.0	0.644	0.7089	0.722	0.7259
909.0	1987.0	1734.0	1619.0	2064.0	2098.0	0.644	0.7089	0.722	0.7259
908.0	1987.0	1734.0	1619.0	2064.0	2098.0	0.644	0.7089	0.722	0.7259
907.0	1987.0	1734.0	2064.0	1827.0	1693.0	0.644	0.7721	0.7622	0.7279
906.0	1987.0	1734.0	2064.0	1827.0	1693.0	0.644	0.7721	0.7622	0.7274
905.0	1987.0	1734.0	2064.0	1827.0	1693.0	0.644	0.7721	0.7622	0.7274
904.0	1987.0	1734.0	2111.0	2064.0	1619.0	0.644	0.715	0.7356	0.7744
903.0	1987.0	1734.0	2111.0	2064.0	1619.0	0.644	0.715	0.7356	0.7744
902.0	1987.0	1734.0	2111.0	2064.0	1619.0	0.644	0.715	0.7356	0.7744
901.0	1987.0	1734.0	2111.0	2064.0	1619.0	0.644	0.715	0.7356	0.7744
900.0	1987.0	1734.0	2111.0	2064.0	1619.0	0.644	0.715	0.7356	0.7744
899.0	1987.0	1734.0	2111.0	2064.0	1619.0	0.644	0.715	0.7356	0.7744
898.0	1987.0	1734.0	2064.0	2111.0	1619.0	0.644	0.7721	0.7356	0.7717
897.0	1987.0	1734.0	2064.0	2111.0	1619.0	0.644	0.7721	0.7356	0.7717
896.0	1987.0	1734.0	2064.0	2111.0	1619.0	0.644	0.7721	0.7356	0.7717
895.0	1987.0	1734.0	2064.0	2111.0	1619.0	0.644	0.7721	0.7356	0.7717
894.0	1987.0	1734.0	2064.0	2111.0	1619.0	0.644	0.7721	0.7356	0.7717
893.0	1987.0	1734.0	2064.0	2111.0	1619.0	0.644	0.7721	0.7356	0.7717
892.0	1987.0	1734.0	2064.0	2111.0	1619.0	0.644	0.7721	0.7356	0.7717
891.0	1987.0	1734.0	2064.0	2111.0	1619.0	0.644	0.7721	0.7356	0.7717
890.0	1987.0	1734.0	2064.0	2111.0	1619.0	0.644	0.7721	0.7356	0.7717
889.0	1987.0	1734.0	2064.0	2111.0	1619.0	0.644	0.7721	0.7356	0.7717
888.0	1987.0	1734.0	2064.0	2111.0	1619.0	0.644	0.7721	0.7356	0.7717
887.0	1987.0	1734.0	2064.0	2111.0	1827.0	0.644	0.7721	0.7687	0.7631
886.0	1987.0	1734.0	2064.0	2111.0	1827.0	0.644	0.7721	0.7687	0.7631
885.0	1734.0	1987.0	2064.0	184.0	1619.0	0.6491	0.7721	0.778	0.7342
884.0	1734.0	1987.0	2064.0	184.0	1619.0	0.6491	0.7721	0.778	0.7342
883.0	1734.0	1987.0	2064.0	184.0	1619.0	0.6491	0.7721	0.778	0.7342
882.0	1734.0	1987.0	2064.0	184.0	1619.0	0.6491	0.7721	0.778	0.7342
881.0	1734.0	1987.0	2064.0	184.0	1619.0	0.6491	0.7721	0.778	0.7342
880.0	1734.0	1987.0	2064.0	184.0	1619.0	0.6491	0.7721	0.778	0.7342
879.0	1734.0	1987.0	2064.0	184.0	1619.0	0.6491	0.7721	0.778	0.7342
878.0	1987.0	1734.0	2064.0	2111.0	1980.0	0.644	0.7721	0.7434	0.7376
877.0	1987.0	1734.0	2064.0	2111.0	1980.0	0.644	0.7721	0.7434	0.7376
876.0	1987.0	1734.0	2064.0	2111.0	1980.0	0.644	0.7721	0.7434	0.7376
875.0	1987.0	1734.0	2064.0	2111.0	1980.0	0.644	0.7721	0.7434	0.7376
874.0	1987.0	1734.0	2064.0	2111.0	1980.0	0.644	0.7721	0.7434	0.7376
873.0	1987.0	1734.0	2064.0	2111.0	1980.0	0.644	0.7721	0.7434	0.7376
872.0	1987.0	1734.0	2064.0	2111.0	1980.0	0.644	0.7721	0.7434	0.7376
871.0	1987.0	1734.0	2064.0	2111.0	1980.0	0.644	0.7721	0.7434	0.7376
870.0	1987.0	1734.0	2064.0	2111.0	1980.0	0.644	0.7721	0.7434	0.7376
869.0	1987.0	1734.0	2064.0	2111.0	1980.0	0.644	0.7721	0.7434	0.7376
868.0	1987.0	1734.0	2064.0	2111.0	1980.0	0.644	0.7721	0.7434	0.7376
867.0	1987.0	1734.0	2064.0	2111.0	1980.0	0.644	0.7721	0.7434	0.7376
866.0	1987.0	1734.0	2064.0	2111.0	1980.0	0.644	0.7721	0.7434	0.7376
865.0	1987.0	1734.0	2064.0	2111.0	1980.0	0.644	0.7721	0.7434	0.7376
864.0	1987.0	2064.0	1734.0	2111.0	1619.0	0.644	0.7721	0.7356	0.7146
863.0	1987.0	2064.0	1734.0	2111.0	1619.0	0.644	0.7721	0.7356	0.7146
862.0	1987.0	2064.0	1734.0	2111.0	1619.0	0.644	0.7721	0.7356	0.7146
861.0	1987.0	2064.0	1734.0	2111.0	1619.0	0.644	0.7721	0.7356	0.7146
860.0	1987.0	2064.0	1734.0	2111.0	1619.0	0.644	0.7721	0.7356	0.7146
859.0	1734.0	2064.0	1987.0	2111.0	1619.0	0.6491	0.7721	0.7356	0.7295
858.0	1987.0	1734.0	2064.0	2111.0	1619.0	0.644	0.7721	0.7356	0.7633
857.0	1987.0	1734.0	2064.0	2111.0	1619.0	0.644	0.7721	0.7356	0.7633
856.0	1987.0	1734.0	2064.0	2111.0	1619.0	0.644	0.7721	0.7356	0.7633
855.0	1987.0	1734.0	2064.0	2111.0	1619.0	0.644	0.7721	0.7356	0.7633
854.0	1987.0	1734.0	2064.0	2111.0	1619.0	0.644	0.7721	0.7356	0.7633
853.0	1987.0	1734.0	2064.0	2111.0	1619.0	0.644	0.7721	0.7356	0.7633
852.0	1987.0	1734.0	2064.0	2111.0	1619.0	0.644	0.7721	0.7356	0.7633
851.0	1987.0	1734.0	2064.0	2111.0	1619.0	0.644	0.7721	0.7356	0.7633
850.0	1987.0	1734.0	2064.0	2111.0	1619.0	0.644	0.7721	0.7356	0.7633
849.0	1987.0	1734.0	2064.0	2111.0	1619.0	0.644	0.7721	0.7356	0.7633
848.0	1987.0	1734.0	2064.0	2111.0	1619.0	0.644	0.7721	0.7356	0.7633
847.0	1987.0	1734.0	2064.0	2111.0	1619.0	0.644	0.7721	0.7356	0.7633
846.0	1734.0	1987.0	2064.0	1827.0	2169.0	0.6491	0.7721	0.7753	0.7329
845.0	1734.0	1987.0	2064.0	2111.0	1827.0	0.6491	0.7721	0.7687	0.7588
844.0	1734.0	1987.0	2064.0	2111.0	1827.0	0.6491	0.7721	0.7687	0.7588
843.0	2064.0	1987.0	1734.0	2111.0	1619.0	0.6645	0.7721	0.7356	0.7315
842.0	2064.0	1987.0	1734.0	2111.0	1619.0	0.6645	0.7721	0.7356	0.7315
841.0	2064.0	1987.0	1734.0	2111.0	1619.0	0.6645	0.7721	0.7356	0.7315
840.0	2064.0	1987.0	1734.0	2111.0	1619.0	0.6645	0.7721	0.7356	0.7315
839.0	1987.0	1734.0	2064.0	1619.0	2169.0	0.644	0.7721	0.7516	0.7428
838.0	1987.0	1734.0	2064.0	1619.0	2111.0	0.644	0.7721	0.7356	0.7405
837.0	1987.0	1734.0	2064.0	1619.0	2111.0	0.644	0.7721	0.7356	0.7405
836.0	1987.0	1734.0	2064.0	1619.0	2111.0	0.644	0.7721	0.7356	0.7405
835.0	1987.0	1734.0	2064.0	1619.0	2111.0	0.644	0.7721	0.7356	0.7405
834.0	1734.0	1987.0	2064.0	2111.0	2169.0	0.6491	0.7721	0.7466	0.7234
833.0	1734.0	1987.0	2064.0	2111.0	2169.0	0.6491	0.7721	0.7466	0.7234
832.0	1734.0	1987.0	2064.0	2169.0	2111.0	0.6491	0.7721	0.7466	0.7188
831.0	1734.0	1987.0	2064.0	2169.0	2111.0	0.6491	0.7721	0.7466	0.7188
830.0	1734.0	1987.0	2064.0	2169.0	2111.0	0.6491	0.7721	0.7466	0.7188
829.0	1734.0	1987.0	2064.0	2169.0	2111.0	0.6491	0.7721	0.7466	0.7188
828.0	1734.0	1987.0	2064.0	2169.0	2111.0	0.6491	0.7721	0.7466	0.7188
827.0	1734.0	1987.0	2064.0	2169.0	2111.0	0.6491	0.7721	0.7466	0.7188
826.0	1734.0	1987.0	2064.0	2169.0	2111.0	0.6491	0.7721	0.7466	0.7188
825.0	1734.0	1987.0	2064.0	2169.0	2111.0	0.6491	0.7721	0.7466	0.7188
824.0	1734.0	1987.0	2064.0	2169.0	2111.0	0.6491	0.7721	0.7466	0.7188
823.0	1734.0	1987.0	2064.0	2169.0	2111.0	0.6491	0.7721	0.7466	0.7188
822.0	1734.0	1987.0	2064.0	2169.0	2111.0	0.6491	0.7721	0.7466	0.7188
821.0	1734.0	1987.0	2064.0	2169.0	2111.0	0.6491	0.7721	0.7466	0.7188
820.0	1734.0	1987.0	2064.0	2169.0	2111.0	0.6491	0.7721	0.7466	0.7188
819.0	1734.0	1987.0	2064.0	1619.0	1827.0	0.6491	0.7721	0.7868	0.6997
818.0	1734.0	1987.0	2064.0	1619.0	1827.0	0.6491	0.7721	0.7868	0.6997
817.0	1734.0	1987.0	2064.0	1619.0	1827.0	0.6491	0.7721	0.7868	0.6997
816.0	1734.0	1987.0	2064.0	1619.0	1827.0	0.6491	0.7721	0.7868	0.6997
815.0	1734.0	1987.0	2064.0	1619.0	1827.0	0.6491	0.7721	0.7868	0.6997
814.0	1734.0	1987.0	2064.0	1619.0	1827.0	0.6491	0.7721	0.7868	0.6997
813.0	1734.0	1987.0	2064.0	1619.0	1827.0	0.6491	0.7721	0.7868	0.6997
812.0	1734.0	1987.0	2064.0	1619.0	1827.0	0.6491	0.7721	0.7868	0.6997
811.0	1734.0	1987.0	2064.0	1619.0	1827.0	0.6491	0.7721	0.7868	0.6997
810.0	1734.0	1987.0	2064.0	1619.0	1827.0	0.6491	0.7721	0.7868	0.6997
809.0	1734.0	1987.0	2064.0	1619.0	1827.0	0.6491	0.7721	0.7868	0.6997
808.0	1734.0	1987.0	2064.0	1619.0	1827.0	0.6491	0.7721	0.7868	0.6997
807.0	1734.0	1987.0	2064.0	1619.0	1827.0	0.6491	0.7721	0.7868	0.6997
806.0	1734.0	1987.0	2064.0	1619.0	1827.0	0.6491	0.7721	0.7868	0.6997
805.0	1734.0	1987.0	2064.0	1619.0	1827.0	0.6491	0.7721	0.7868	0.6997
804.0	1734.0	1987.0	2064.0	2169.0	2111.0	0.6491	0.7721	0.7466	0.7196
803.0	1734.0	1987.0	2064.0	2169.0	2111.0	0.6491	0.7721	0.7466	0.7196
802.0	1734.0	1987.0	2064.0	2169.0	2111.0	0.6491	0.7721	0.7466	0.7196
801.0	1734.0	1987.0	2064.0	2169.0	2111.0	0.6491	0.7721	0.7466	0.7196
800.0	1734.0	1987.0	2064.0	2169.0	2111.0	0.6491	0.7721	0.7466	0.7196
799.0	1987.0	1734.0	2064.0	2169.0	184.0	0.644	0.7721	0.7735	0.7338
798.0	1987.0	1734.0	2064.0	2169.0	184.0	0.644	0.7721	0.7735	0.7338
797.0	1987.0	1734.0	2064.0	2169.0	184.0	0.644	0.7721	0.7735	0.7338
796.0	1987.0	1734.0	2064.0	2169.0	184.0	0.644	0.7721	0.7735	0.7338
795.0	1987.0	1734.0	2064.0	2169.0	184.0	0.644	0.7721	0.7735	0.7338
794.0	1987.0	1734.0	2064.0	2169.0	184.0	0.644	0.7721	0.7735	0.7338
793.0	1987.0	1734.0	2064.0	2169.0	184.0	0.644	0.7721	0.7735	0.7338
792.0	1987.0	1734.0	2064.0	2169.0	184.0	0.644	0.7721	0.7735	0.7338
791.0	1987.0	1734.0	2064.0	2169.0	184.0	0.644	0.7721	0.7735	0.7338
790.0	1987.0	1734.0	2064.0	2169.0	184.0	0.644	0.7721	0.7735	0.7338
789.0	1987.0	1734.0	2064.0	2111.0	2098.0	0.644	0.7721	0.7148	0.7058
788.0	1987.0	1734.0	2064.0	2111.0	2098.0	0.644	0.7721	0.7148	0.7058
787.0	1987.0	1734.0	2064.0	2111.0	2098.0	0.644	0.7721	0.7148	0.7058
786.0	1987.0	1734.0	2064.0	2111.0	2098.0	0.644	0.7721	0.7148	0.7058
785.0	1987.0	1734.0	2064.0	2111.0	2098.0	0.644	0.7721	0.7148	0.7058
784.0	1987.0	1734.0	2064.0	2111.0	2098.0	0.644	0.7721	0.7148	0.7058
783.0	1987.0	1734.0	2064.0	2111.0	2098.0	0.644	0.7721	0.7148	0.7058
782.0	1987.0	1734.0	2064.0	2111.0	2098.0	0.644	0.7721	0.7148	0.7058
781.0	1987.0	1734.0	2064.0	2111.0	2098.0	0.644	0.7721	0.7148	0.7058
780.0	1987.0	1734.0	2064.0	2111.0	2098.0	0.644	0.7721	0.7148	0.7058
779.0	1987.0	1734.0	2064.0	2111.0	2098.0	0.644	0.7721	0.7148	0.7058
778.0	1987.0	1734.0	2064.0	2111.0	2098.0	0.644	0.7721	0.7148	0.7058
777.0	1987.0	1734.0	2064.0	2111.0	2098.0	0.644	0.7721	0.7148	0.7058
776.0	1987.0	1734.0	2064.0	2111.0	2098.0	0.644	0.7721	0.7148	0.7058
775.0	1987.0	2064.0	1734.0	2169.0	2111.0	0.644	0.7721	0.7466	0.7385
774.0	1987.0	2064.0	1734.0	2169.0	2111.0	0.644	0.7721	0.7466	0.7385
773.0	1987.0	2064.0	1734.0	2169.0	2111.0	0.644	0.7721	0.7466	0.7385
772.0	1987.0	2064.0	1734.0	2169.0	2111.0	0.644	0.7721	0.7466	0.7385
771.0	1987.0	2064.0	1734.0	2169.0	2111.0	0.644	0.7721	0.7466	0.7385
770.0	1987.0	2064.0	1734.0	2169.0	2111.0	0.644	0.7721	0.7466	0.7385
769.0	1987.0	2064.0	1734.0	2169.0	2111.0	0.644	0.7721	0.7466	0.7385
768.0	1987.0	1734.0	2064.0	2169.0	2111.0	0.644	0.7721	0.7466	0.6949
767.0	1987.0	1734.0	2064.0	2169.0	2111.0	0.644	0.7721	0.7466	0.6949
766.0	1987.0	1734.0	2064.0	2169.0	2111.0	0.644	0.7721	0.7466	0.6949
765.0	1734.0	1987.0	2064.0	2111.0	2183.0	0.6491	0.7721	0.7098	0.72
764.0	1734.0	1987.0	2064.0	2111.0	2183.0	0.6491	0.7721	0.7098	0.72
763.0	1987.0	1734.0	2064.0	184.0	2183.0	0.644	0.7721	0.7243	0.7184
762.0	1987.0	1734.0	2064.0	184.0	2183.0	0.644	0.7721	0.7243	0.7184
761.0	1987.0	1734.0	2064.0	184.0	2111.0	0.644	0.7721	0.766	0.7412
760.0	1987.0	1734.0	2064.0	184.0	2111.0	0.644	0.7721	0.766	0.7412
759.0	1987.0	1734.0	2064.0	184.0	2111.0	0.644	0.7721	0.766	0.7412
758.0	1987.0	1734.0	2064.0	184.0	2111.0	0.644	0.7721	0.766	0.7412
757.0	1987.0	1734.0	2064.0	184.0	2111.0	0.644	0.7721	0.766	0.7412
756.0	1987.0	1734.0	2064.0	184.0	2111.0	0.644	0.7721	0.766	0.7412
755.0	1987.0	1734.0	2064.0	184.0	2111.0	0.644	0.7721	0.766	0.7412
754.0	1987.0	1734.0	2064.0	184.0	2111.0	0.644	0.7721	0.766	0.7412
753.0	1987.0	1734.0	2064.0	184.0	2111.0	0.644	0.7721	0.766	0.7412
752.0	1987.0	1734.0	2064.0	184.0	2111.0	0.644	0.7721	0.766	0.7412
751.0	1987.0	2064.0	1734.0	2111.0	2264.0	0.644	0.7721	0.7364	0.7232
750.0	1987.0	2064.0	1734.0	2111.0	2264.0	0.644	0.7721	0.7364	0.7232
749.0	1987.0	2064.0	1734.0	2111.0	2264.0	0.644	0.7721	0.7364	0.7232
748.0	1987.0	2064.0	1734.0	2111.0	2264.0	0.644	0.7721	0.7364	0.7232
747.0	1987.0	2064.0	1734.0	2111.0	2264.0	0.644	0.7721	0.7364	0.7232
746.0	1987.0	2064.0	1734.0	2111.0	2264.0	0.644	0.7721	0.7364	0.7232
745.0	1987.0	2064.0	1734.0	2111.0	2264.0	0.644	0.7721	0.7364	0.7232
744.0	1987.0	2064.0	1734.0	2111.0	2264.0	0.644	0.7721	0.7364	0.7232
743.0	1987.0	2064.0	1734.0	2111.0	2264.0	0.644	0.7721	0.7364	0.7232
742.0	1987.0	1734.0	2064.0	2273.0	2111.0	0.644	0.7721	0.7554	0.7117
741.0	1987.0	1734.0	2064.0	2273.0	2111.0	0.644	0.7721	0.7554	0.7117
740.0	1987.0	1734.0	2064.0	2273.0	2111.0	0.644	0.7721	0.7554	0.7117
739.0	1987.0	1734.0	2064.0	2273.0	2111.0	0.644	0.7721	0.7554	0.7117
738.0	1987.0	1734.0	2064.0	2273.0	2111.0	0.644	0.7721	0.7554	0.7117
737.0	1987.0	1734.0	2064.0	2273.0	2111.0	0.644	0.7721	0.7554	0.7117
736.0	1987.0	1734.0	2064.0	2273.0	2111.0	0.644	0.7721	0.7554	0.7117
735.0	1987.0	1734.0	2064.0	2273.0	2111.0	0.644	0.7721	0.7554	0.7117
734.0	1987.0	1734.0	2064.0	2273.0	2111.0	0.644	0.7721	0.7554	0.7117
733.0	1987.0	1734.0	2064.0	2273.0	2111.0	0.644	0.7721	0.7554	0.7117
732.0	1987.0	1734.0	2064.0	2273.0	2111.0	0.644	0.7721	0.7554	0.7117
731.0	1987.0	1734.0	2064.0	2273.0	2111.0	0.644	0.7721	0.7554	0.7117
730.0	1987.0	1734.0	2064.0	2273.0	2111.0	0.644	0.7721	0.7554	0.7117
729.0	1987.0	1734.0	2064.0	2273.0	2111.0	0.644	0.7721	0.7554	0.7117
728.0	1987.0	1734.0	2064.0	2273.0	2111.0	0.644	0.7721	0.7554	0.7117
727.0	1987.0	1734.0	2064.0	2111.0	2264.0	0.644	0.7721	0.7364	0.7173
726.0	1987.0	1734.0	2064.0	2111.0	2264.0	0.644	0.7721	0.7364	0.7173
725.0	1987.0	1734.0	2064.0	2111.0	2264.0	0.644	0.7721	0.7364	0.7173
724.0	1987.0	1734.0	2064.0	2111.0	2264.0	0.644	0.7721	0.7364	0.7173
723.0	1987.0	1734.0	2064.0	2111.0	2264.0	0.644	0.7721	0.7364	0.7173
722.0	1987.0	1734.0	2064.0	2111.0	2264.0	0.644	0.7721	0.7364	0.7173
721.0	1987.0	1734.0	2064.0	2111.0	2264.0	0.644	0.7721	0.7364	0.7173
720.0	1987.0	1734.0	2064.0	2111.0	2264.0	0.644	0.7721	0.7364	0.7173
719.0	1987.0	1734.0	2064.0	2111.0	2264.0	0.644	0.7721	0.7364	0.7173
718.0	1987.0	1734.0	2064.0	2111.0	2264.0	0.644	0.7721	0.7364	0.7173
717.0	1987.0	1734.0	2064.0	2111.0	2169.0	0.644	0.7721	0.7466	0.7301
716.0	1987.0	1734.0	2064.0	2273.0	2169.0	0.644	0.7721	0.7753	0.7225
715.0	1987.0	1734.0	2064.0	2273.0	2169.0	0.644	0.7721	0.7753	0.7225
714.0	2064.0	1987.0	1734.0	2273.0	2111.0	0.6645	0.7721	0.7554	0.7204
713.0	2064.0	1987.0	1734.0	2273.0	2111.0	0.6645	0.7721	0.7554	0.7204
712.0	2064.0	1987.0	1734.0	2273.0	2111.0	0.6645	0.7721	0.7554	0.7204
711.0	2064.0	1987.0	1734.0	2273.0	2111.0	0.6645	0.7721	0.7554	0.7204
710.0	2064.0	1987.0	1734.0	2273.0	2111.0	0.6645	0.7721	0.7554	0.7204
709.0	2064.0	1987.0	1734.0	2273.0	2111.0	0.6645	0.7721	0.7554	0.7204
708.0	2064.0	1987.0	1734.0	2273.0	2111.0	0.6645	0.7721	0.7554	0.7204
707.0	1987.0	1734.0	2064.0	2264.0	2273.0	0.644	0.7721	0.7371	0.7177
706.0	1987.0	1734.0	2064.0	2264.0	2273.0	0.644	0.7721	0.7371	0.7177
705.0	1987.0	1734.0	2064.0	2264.0	2273.0	0.644	0.7721	0.7371	0.7177
704.0	1987.0	1734.0	2064.0	2264.0	2273.0	0.644	0.7721	0.7371	0.7177
703.0	1987.0	1734.0	2064.0	2264.0	2273.0	0.644	0.7721	0.7371	0.7177
702.0	1987.0	1734.0	2064.0	2264.0	2273.0	0.644	0.7721	0.7371	0.7177
701.0	1987.0	1734.0	2064.0	2264.0	2273.0	0.644	0.7721	0.7371	0.7177
700.0	1987.0	1734.0	2064.0	2264.0	2273.0	0.644	0.7721	0.7371	0.7177
699.0	1987.0	1734.0	2064.0	2264.0	2273.0	0.644	0.7721	0.7371	0.7177
698.0	1987.0	1734.0	2064.0	2264.0	2273.0	0.644	0.7721	0.7371	0.7177
697.0	1987.0	1734.0	2064.0	2111.0	2273.0	0.644	0.7721	0.7554	0.7153
696.0	1987.0	1734.0	2064.0	2111.0	2273.0	0.644	0.7721	0.7554	0.7153
695.0	1987.0	1734.0	2064.0	2111.0	2273.0	0.644	0.7721	0.7554	0.7153
694.0	1987.0	1734.0	2064.0	2111.0	2273.0	0.644	0.7721	0.7554	0.7153
693.0	1987.0	1734.0	2064.0	2273.0	2111.0	0.644	0.7721	0.7554	0.7117
692.0	1987.0	1734.0	2064.0	2273.0	2111.0	0.644	0.7721	0.7554	0.7117
691.0	1987.0	1734.0	2064.0	2273.0	2111.0	0.644	0.7721	0.7554	0.7117
690.0	1987.0	1734.0	2064.0	2273.0	2111.0	0.644	0.7721	0.7554	0.7117
689.0	1987.0	1734.0	2064.0	2273.0	2111.0	0.644	0.7721	0.7554	0.7117
688.0	1987.0	1734.0	2064.0	2273.0	2111.0	0.644	0.7721	0.7554	0.7117
687.0	1987.0	2064.0	1734.0	2273.0	1827.0	0.644	0.7721	0.7893	0.7272
686.0	1987.0	2064.0	1734.0	2273.0	1827.0	0.644	0.7721	0.7893	0.7272
685.0	1987.0	2064.0	1734.0	2273.0	1827.0	0.644	0.7721	0.7893	0.7272
684.0	1987.0	2064.0	1734.0	2273.0	1827.0	0.644	0.7721	0.7893	0.7272
683.0	1987.0	2064.0	1734.0	2273.0	1827.0	0.644	0.7721	0.7893	0.7272
682.0	1987.0	2064.0	1734.0	2273.0	1827.0	0.644	0.7721	0.7893	0.7272
681.0	1987.0	2064.0	1734.0	2273.0	1827.0	0.644	0.7721	0.7893	0.7272
680.0	1987.0	2064.0	1734.0	2273.0	1827.0	0.644	0.7721	0.7893	0.7272
679.0	1987.0	2064.0	1734.0	2273.0	1827.0	0.644	0.7721	0.7893	0.7272
678.0	1987.0	2064.0	1734.0	2273.0	1827.0	0.644	0.7721	0.7893	0.7272
677.0	1987.0	2064.0	1734.0	2273.0	1827.0	0.644	0.7721	0.7893	0.7272
676.0	1987.0	2064.0	1734.0	2273.0	1827.0	0.644	0.7721	0.7893	0.7272
675.0	1987.0	2064.0	1734.0	2273.0	1827.0	0.644	0.7721	0.7893	0.7272
674.0	1987.0	2064.0	1734.0	2273.0	1827.0	0.644	0.7721	0.7893	0.7272
673.0	1987.0	2064.0	1734.0	2273.0	1827.0	0.644	0.7721	0.7893	0.7272
672.0	1987.0	2064.0	1734.0	2273.0	1827.0	0.644	0.7721	0.7893	0.7272
671.0	1987.0	2064.0	1734.0	2273.0	1827.0	0.644	0.7721	0.7893	0.7272
670.0	1987.0	2064.0	1734.0	2273.0	1827.0	0.644	0.7721	0.7893	0.7272
669.0	1987.0	2064.0	1734.0	2273.0	1827.0	0.644	0.7721	0.7893	0.7272
668.0	1987.0	2064.0	1734.0	2273.0	1827.0	0.644	0.7721	0.7893	0.7272
667.0	1987.0	2064.0	1734.0	2273.0	1827.0	0.644	0.7721	0.7893	0.7272
666.0	1987.0	2064.0	1734.0	2273.0	1827.0	0.644	0.7721	0.7893	0.7272
665.0	1987.0	1734.0	2064.0	2169.0	2111.0	0.644	0.7721	0.7466	0.7117
664.0	1987.0	1734.0	2064.0	2169.0	2111.0	0.644	0.7721	0.7466	0.7117
663.0	1987.0	1734.0	2064.0	2169.0	2111.0	0.644	0.7721	0.7466	0.7117
662.0	1987.0	1734.0	2064.0	2273.0	2111.0	0.644	0.7721	0.7554	0.743
661.0	1987.0	1734.0	2064.0	2273.0	2308.0	0.644	0.7721	0.7509	0.7301
660.0	1987.0	1734.0	2064.0	2273.0	2308.0	0.644	0.7721	0.7509	0.7301
659.0	1987.0	1734.0	2064.0	2273.0	2308.0	0.644	0.7721	0.7509	0.7301
658.0	1987.0	1734.0	2064.0	2273.0	2308.0	0.644	0.7721	0.7509	0.7301
657.0	1987.0	1734.0	2064.0	2273.0	2308.0	0.644	0.7721	0.7509	0.7301
656.0	1987.0	1734.0	2064.0	2273.0	2308.0	0.644	0.7721	0.7509	0.7301
655.0	1987.0	1734.0	2064.0	2273.0	2308.0	0.644	0.7721	0.7509	0.7301
654.0	1734.0	1987.0	2064.0	2273.0	2169.0	0.6491	0.7721	0.7753	0.7444
653.0	1734.0	1987.0	2064.0	2273.0	2169.0	0.6491	0.7721	0.7753	0.7444
652.0	1734.0	1987.0	2064.0	2273.0	2354.0	0.6491	0.7721	0.7771	0.7164
651.0	1987.0	1734.0	2064.0	2111.0	2264.0	0.644	0.7721	0.7364	0.7195
650.0	1987.0	1734.0	2064.0	2111.0	2264.0	0.644	0.7721	0.7364	0.7195
649.0	1987.0	1734.0	2064.0	2111.0	2264.0	0.644	0.7721	0.7364	0.7195
648.0	1987.0	1734.0	2064.0	2111.0	2264.0	0.644	0.7721	0.7364	0.7195
647.0	1987.0	1734.0	2064.0	2111.0	2264.0	0.644	0.7721	0.7364	0.7195
646.0	1987.0	1734.0	2064.0	2354.0	2273.0	0.644	0.7721	0.7771	0.7416
645.0	1987.0	1734.0	2064.0	2354.0	2273.0	0.644	0.7721	0.7771	0.7416
644.0	1987.0	1734.0	2064.0	2354.0	2273.0	0.644	0.7721	0.7771	0.7416
643.0	1987.0	1734.0	2064.0	2169.0	2372.0	0.644	0.7721	0.695	0.7166
642.0	1734.0	1987.0	2064.0	2169.0	2372.0	0.6491	0.7721	0.695	0.694
641.0	1734.0	1987.0	2064.0	2169.0	2372.0	0.6491	0.7721	0.695	0.694
640.0	1734.0	1987.0	2064.0	2169.0	2372.0	0.6491	0.7721	0.695	0.694
639.0	1734.0	1987.0	2064.0	2169.0	2372.0	0.6491	0.7721	0.695	0.694
638.0	1734.0	1987.0	2064.0	2169.0	2372.0	0.6491	0.7721	0.695	0.694
637.0	1734.0	1987.0	2064.0	2273.0	2354.0	0.6491	0.7721	0.7771	0.7029
636.0	1734.0	1987.0	2064.0	2273.0	2354.0	0.6491	0.7721	0.7771	0.7029
635.0	1734.0	1987.0	2064.0	2273.0	2354.0	0.6491	0.7721	0.7771	0.7029
634.0	1734.0	1987.0	2064.0	2273.0	2354.0	0.6491	0.7721	0.7771	0.7029
633.0	1734.0	1987.0	2064.0	2273.0	2354.0	0.6491	0.7721	0.7771	0.7029
632.0	1734.0	1987.0	2064.0	2273.0	2354.0	0.6491	0.7721	0.7771	0.7029
631.0	1734.0	1987.0	2064.0	2273.0	2354.0	0.6491	0.7721	0.7771	0.7029
630.0	1734.0	1987.0	2064.0	2273.0	2354.0	0.6491	0.7721	0.7771	0.7029
629.0	1734.0	1987.0	2064.0	2273.0	2354.0	0.6491	0.7721	0.7771	0.7029
628.0	1734.0	1987.0	2064.0	2273.0	2354.0	0.6491	0.7721	0.7771	0.7029
627.0	1734.0	1987.0	2064.0	2273.0	2354.0	0.6491	0.7721	0.7771	0.7029
626.0	1734.0	1987.0	2064.0	2273.0	2354.0	0.6491	0.7721	0.7771	0.7029
625.0	1734.0	1987.0	2064.0	2273.0	2354.0	0.6491	0.7721	0.7771	0.7029
624.0	1734.0	1987.0	2064.0	2273.0	2354.0	0.6491	0.7721	0.7771	0.7029
623.0	1734.0	1987.0	2064.0	2273.0	2354.0	0.6491	0.7721	0.7771	0.7029
622.0	1734.0	1987.0	2064.0	2372.0	2273.0	0.6491	0.7721	0.7092	0.6968
621.0	1734.0	1987.0	2064.0	2372.0	2273.0	0.6491	0.7721	0.7092	0.6968
620.0	1734.0	1987.0	2064.0	2372.0	2273.0	0.6491	0.7721	0.7092	0.6968
619.0	1734.0	1987.0	2064.0	2372.0	2273.0	0.6491	0.7721	0.7092	0.6968
618.0	1734.0	1987.0	2064.0	2372.0	2273.0	0.6491	0.7721	0.7092	0.6968
617.0	1734.0	1987.0	2064.0	2372.0	2273.0	0.6491	0.7721	0.7092	0.6968
616.0	1734.0	1987.0	2064.0	2372.0	2273.0	0.6491	0.7721	0.7092	0.6968
615.0	1734.0	1987.0	2064.0	2273.0	2264.0	0.6491	0.7721	0.7371	0.711
614.0	1734.0	1987.0	2064.0	2273.0	2264.0	0.6491	0.7721	0.7371	0.711
613.0	1734.0	1987.0	2064.0	2273.0	2264.0	0.6491	0.7721	0.7371	0.711
612.0	1987.0	1734.0	2354.0	2372.0	2064.0	0.644	0.7311	0.6995	0.7232
611.0	1987.0	1734.0	2354.0	2372.0	2064.0	0.644	0.7311	0.6995	0.7232
610.0	1987.0	1734.0	2354.0	2372.0	2064.0	0.644	0.7311	0.6995	0.7232
609.0	1987.0	1734.0	2354.0	2064.0	2169.0	0.644	0.7311	0.7678	0.6968
608.0	1987.0	1734.0	2354.0	2064.0	2169.0	0.644	0.7311	0.7678	0.6968
607.0	1987.0	1734.0	2354.0	2064.0	2169.0	0.644	0.7311	0.7678	0.6968
606.0	1987.0	1734.0	2064.0	2372.0	2264.0	0.644	0.7721	0.6871	0.6992
605.0	1987.0	1734.0	2064.0	2372.0	2264.0	0.644	0.7721	0.6871	0.6992
604.0	1987.0	1734.0	2064.0	2372.0	2264.0	0.644	0.7721	0.6871	0.6992
603.0	1987.0	1734.0	2064.0	2372.0	2264.0	0.644	0.7721	0.6871	0.6992
602.0	1987.0	1734.0	2064.0	2372.0	2264.0	0.644	0.7721	0.6871	0.6992
601.0	1987.0	1734.0	2064.0	2372.0	2264.0	0.644	0.7721	0.6871	0.6992
600.0	1987.0	1734.0	2064.0	2372.0	2264.0	0.644	0.7721	0.6871	0.6992
599.0	1987.0	1734.0	2064.0	2372.0	2264.0	0.644	0.7721	0.6871	0.6992
598.0	1987.0	1734.0	2064.0	2372.0	2264.0	0.644	0.7721	0.6871	0.6992
597.0	1987.0	1734.0	2064.0	2372.0	2264.0	0.644	0.7721	0.6871	0.6992
596.0	1987.0	1734.0	2064.0	2372.0	2264.0	0.644	0.7721	0.6871	0.6992
595.0	1987.0	1734.0	2064.0	2372.0	2264.0	0.644	0.7721	0.6871	0.6992
594.0	1987.0	1734.0	2064.0	2372.0	2264.0	0.644	0.7721	0.6871	0.6992
593.0	1987.0	1734.0	2064.0	2372.0	2264.0	0.644	0.7721	0.6871	0.6992
592.0	1987.0	1734.0	2064.0	2372.0	2264.0	0.644	0.7721	0.6871	0.6992
591.0	1987.0	1734.0	2064.0	2372.0	2264.0	0.644	0.7721	0.6871	0.6992
590.0	1987.0	1734.0	2064.0	2372.0	2264.0	0.644	0.7721	0.6871	0.6992
589.0	1987.0	1734.0	2064.0	2372.0	2264.0	0.644	0.7721	0.6871	0.6992
588.0	1987.0	1734.0	2064.0	2372.0	2264.0	0.644	0.7721	0.6871	0.6992
587.0	1987.0	1734.0	2064.0	2372.0	2264.0	0.644	0.7721	0.6871	0.6992
586.0	1987.0	1734.0	2064.0	2372.0	2354.0	0.644	0.7721	0.6995	0.692
585.0	1987.0	1734.0	2064.0	2372.0	2354.0	0.644	0.7721	0.6995	0.692
584.0	1987.0	1734.0	2064.0	2372.0	2354.0	0.644	0.7721	0.6995	0.692
583.0	1987.0	1734.0	2064.0	2372.0	2354.0	0.644	0.7721	0.6995	0.692
582.0	1987.0	1734.0	2064.0	2372.0	2354.0	0.644	0.7721	0.6995	0.692
581.0	1987.0	1734.0	2064.0	2372.0	2354.0	0.644	0.7721	0.6995	0.692
580.0	1987.0	2308.0	2372.0	2064.0	2354.0	0.644	0.6124	0.6557	0.664
579.0	1987.0	2372.0	2273.0	2064.0	2308.0	0.644	0.6281	0.6749	0.6812
578.0	1987.0	2372.0	2273.0	2064.0	2308.0	0.644	0.6281	0.6749	0.6812
577.0	1987.0	2372.0	2273.0	2064.0	2308.0	0.644	0.6281	0.6749	0.6812
576.0	1987.0	2372.0	2273.0	2064.0	2308.0	0.644	0.6281	0.6749	0.6812
575.0	1987.0	2372.0	2273.0	2064.0	2308.0	0.644	0.6281	0.6749	0.6812
574.0	1987.0	2372.0	2273.0	2064.0	2308.0	0.644	0.6281	0.6749	0.6812
573.0	1987.0	2372.0	2273.0	2064.0	2308.0	0.644	0.6281	0.6749	0.6812
572.0	1987.0	2372.0	2064.0	2308.0	2169.0	0.644	0.6464	0.6618	0.6577
571.0	1987.0	2372.0	2064.0	2308.0	2169.0	0.644	0.6464	0.6618	0.6577
570.0	1987.0	2372.0	2064.0	2308.0	2169.0	0.644	0.6464	0.6618	0.6577
569.0	1987.0	2372.0	2064.0	2308.0	2169.0	0.644	0.6464	0.6618	0.6577
568.0	1987.0	2372.0	2064.0	2308.0	2169.0	0.644	0.6464	0.6618	0.6577
567.0	1987.0	2372.0	2064.0	2308.0	2169.0	0.644	0.6464	0.6618	0.6577
566.0	1987.0	2372.0	2064.0	2308.0	2169.0	0.644	0.6464	0.6618	0.6577
565.0	1987.0	2372.0	2064.0	2308.0	2169.0	0.644	0.6464	0.6618	0.6577
564.0	1987.0	2372.0	2064.0	2308.0	2169.0	0.644	0.6464	0.6618	0.6577
563.0	1987.0	2372.0	2064.0	2308.0	2169.0	0.644	0.6464	0.6618	0.6577
562.0	1987.0	2372.0	2064.0	2308.0	2169.0	0.644	0.6464	0.6618	0.6577
561.0	1987.0	2372.0	2064.0	2308.0	2169.0	0.644	0.6464	0.6618	0.6577
560.0	1987.0	2372.0	2064.0	2308.0	2169.0	0.644	0.6464	0.6618	0.6577
559.0	1987.0	2372.0	2064.0	2308.0	2169.0	0.644	0.6464	0.6618	0.6577
558.0	1987.0	2372.0	2064.0	2308.0	2169.0	0.644	0.6464	0.6618	0.6577
557.0	1987.0	2372.0	2064.0	2308.0	2169.0	0.644	0.6464	0.6618	0.6577
556.0	1987.0	2372.0	2064.0	2308.0	2169.0	0.644	0.6464	0.6618	0.6577
555.0	1987.0	2372.0	2064.0	2308.0	2169.0	0.644	0.6464	0.6618	0.6577
554.0	1987.0	2372.0	2064.0	2308.0	2169.0	0.644	0.6464	0.6618	0.6577
553.0	1987.0	2372.0	2064.0	2308.0	2169.0	0.644	0.6464	0.6618	0.6577
552.0	1987.0	2372.0	2064.0	2308.0	2169.0	0.644	0.6464	0.6618	0.6577
551.0	1987.0	2064.0	2372.0	2273.0	2354.0	0.644	0.6464	0.6783	0.664
550.0	1987.0	2064.0	2372.0	2273.0	2354.0	0.644	0.6464	0.6783	0.664
549.0	1987.0	2064.0	2372.0	2273.0	2354.0	0.644	0.6464	0.6783	0.664
548.0	1987.0	2064.0	2372.0	2169.0	2308.0	0.644	0.6464	0.6618	0.664
547.0	1987.0	2064.0	2372.0	2169.0	2308.0	0.644	0.6464	0.6618	0.664
546.0	1987.0	2064.0	2354.0	2372.0	2273.0	0.644	0.7346	0.6783	0.6703
545.0	1987.0	2064.0	2354.0	2372.0	2273.0	0.644	0.7346	0.6783	0.6703
544.0	1987.0	2064.0	2354.0	2372.0	2273.0	0.644	0.7346	0.6783	0.6703
543.0	1987.0	2064.0	2354.0	2372.0	2273.0	0.644	0.7346	0.6783	0.6703
542.0	1987.0	2064.0	2354.0	2372.0	2273.0	0.644	0.7346	0.6783	0.6703
541.0	1987.0	2064.0	2354.0	2372.0	2273.0	0.644	0.7346	0.6783	0.6703
540.0	1987.0	2064.0	2354.0	2372.0	2273.0	0.644	0.7346	0.6783	0.6703
539.0	1987.0	2064.0	2354.0	2372.0	2273.0	0.644	0.7346	0.6783	0.6703
538.0	1987.0	2064.0	2354.0	2372.0	2273.0	0.644	0.7346	0.6783	0.6703
537.0	1987.0	2064.0	2354.0	2372.0	2273.0	0.644	0.7346	0.6783	0.6703
536.0	1987.0	2064.0	2354.0	2372.0	2273.0	0.644	0.7346	0.6783	0.6703
535.0	1987.0	2064.0	2354.0	2372.0	2273.0	0.644	0.7346	0.6783	0.6703
534.0	1987.0	2064.0	2354.0	2372.0	2273.0	0.644	0.7346	0.6783	0.6703
533.0	1987.0	2064.0	2354.0	2372.0	2273.0	0.644	0.7346	0.6783	0.6703
532.0	1987.0	2064.0	2354.0	2372.0	2273.0	0.644	0.7346	0.6783	0.6703
531.0	1987.0	2064.0	2354.0	2372.0	2273.0	0.644	0.7346	0.6783	0.6703
530.0	1987.0	2064.0	2354.0	2372.0	2273.0	0.644	0.7346	0.6783	0.6703
529.0	1987.0	2064.0	2354.0	2372.0	2273.0	0.644	0.7346	0.6783	0.6703
528.0	1987.0	2064.0	2354.0	2372.0	2273.0	0.644	0.7346	0.6783	0.6703
527.0	1987.0	2064.0	2354.0	2372.0	2273.0	0.644	0.7346	0.6783	0.6703
526.0	1987.0	2064.0	2354.0	2372.0	2273.0	0.644	0.7346	0.6783	0.6703
525.0	2064.0	2372.0	2264.0	2354.0	2273.0	0.6645	0.6027	0.6275	0.6413
524.0	2064.0	2372.0	2264.0	2354.0	2273.0	0.6645	0.6027	0.6275	0.6413
523.0	2064.0	2372.0	2264.0	2354.0	2273.0	0.6645	0.6027	0.6275	0.6413
522.0	2064.0	2372.0	2264.0	2354.0	2273.0	0.6645	0.6027	0.6275	0.6413
521.0	2064.0	2372.0	2264.0	2354.0	2273.0	0.6645	0.6027	0.6275	0.6413
520.0	2064.0	2372.0	2264.0	2354.0	2273.0	0.6645	0.6027	0.6275	0.6413
519.0	2064.0	2372.0	2264.0	2354.0	2273.0	0.6645	0.6027	0.6275	0.6413
518.0	2064.0	2372.0	2264.0	2354.0	2273.0	0.6645	0.6027	0.6275	0.6413
517.0	2064.0	2169.0	2372.0	2273.0	2247.0	0.6645	0.6306	0.6467	0.616
516.0	2064.0	2169.0	2372.0	2273.0	2247.0	0.6645	0.6306	0.6467	0.616
515.0	2064.0	2169.0	2372.0	2273.0	2247.0	0.6645	0.6306	0.6467	0.616
514.0	2064.0	2169.0	2372.0	2273.0	2247.0	0.6645	0.6306	0.6467	0.616
513.0	2064.0	2169.0	2372.0	2273.0	2247.0	0.6645	0.6306	0.6467	0.616
512.0	2064.0	2169.0	2372.0	2273.0	2247.0	0.6645	0.6306	0.6467	0.616
511.0	2064.0	2169.0	2372.0	2273.0	2247.0	0.6645	0.6306	0.6467	0.616
510.0	2064.0	2169.0	2372.0	2273.0	2247.0	0.6645	0.6306	0.6467	0.616
509.0	2064.0	2169.0	2372.0	2273.0	2247.0	0.6645	0.6306	0.6467	0.616
508.0	2064.0	2169.0	2372.0	2273.0	2247.0	0.6645	0.6306	0.6467	0.616
507.0	2064.0	2169.0	2372.0	2273.0	2247.0	0.6645	0.6306	0.6467	0.616
506.0	2064.0	2169.0	2372.0	2273.0	2247.0	0.6645	0.6306	0.6467	0.616
505.0	2064.0	2169.0	2372.0	2273.0	2247.0	0.6645	0.6306	0.6467	0.616
504.0	2064.0	2169.0	2372.0	2273.0	2247.0	0.6645	0.6306	0.6467	0.616
503.0	2064.0	2169.0	2372.0	2273.0	2247.0	0.6645	0.6306	0.6467	0.616
502.0	2064.0	2169.0	2372.0	2273.0	2247.0	0.6645	0.6306	0.6467	0.616
501.0	2064.0	2169.0	2372.0	2273.0	2247.0	0.6645	0.6306	0.6467	0.616
500.0	2064.0	2169.0	2372.0	2273.0	2247.0	0.6645	0.6306	0.6467	0.616
499.0	2064.0	2169.0	2372.0	2273.0	2247.0	0.6645	0.6306	0.6467	0.616
498.0	2354.0	2064.0	2372.0	2273.0	2169.0	0.599	0.6196	0.6658	0.6685
497.0	2354.0	2064.0	2372.0	2273.0	2169.0	0.599	0.6196	0.6658	0.6685
496.0	2354.0	2064.0	2372.0	2273.0	2169.0	0.599	0.6196	0.6658	0.6685
495.0	2064.0	2169.0	2372.0	2273.0	184.0	0.6645	0.6306	0.6737	0.6467
494.0	2064.0	2169.0	2372.0	2273.0	184.0	0.6645	0.6306	0.6737	0.6467
493.0	2064.0	2169.0	2372.0	2273.0	184.0	0.6645	0.6306	0.6737	0.6467
492.0	2064.0	2169.0	2372.0	2273.0	184.0	0.6645	0.6306	0.6737	0.6467
491.0	2064.0	2273.0	2169.0	2372.0	184.0	0.6645	0.7056	0.6737	0.6507
490.0	2064.0	2273.0	2169.0	2372.0	184.0	0.6645	0.7056	0.6737	0.6507
489.0	2064.0	2273.0	2169.0	2372.0	184.0	0.6645	0.7056	0.6737	0.6507
488.0	2064.0	2273.0	2169.0	2372.0	184.0	0.6645	0.7056	0.6737	0.6507
487.0	2064.0	2273.0	2169.0	2372.0	184.0	0.6645	0.7056	0.6737	0.6507
486.0	2064.0	2273.0	2169.0	2372.0	184.0	0.6645	0.7056	0.6737	0.6507
485.0	2064.0	2273.0	2169.0	2372.0	184.0	0.6645	0.7056	0.6737	0.6507
484.0	2064.0	2273.0	2169.0	2372.0	184.0	0.6645	0.7056	0.6737	0.6507
483.0	2064.0	2273.0	2169.0	2372.0	184.0	0.6645	0.7056	0.6737	0.6507
482.0	2273.0	2372.0	2169.0	2064.0	2354.0	0.6194	0.6126	0.6658	0.6633
481.0	2273.0	2372.0	2169.0	2064.0	2354.0	0.6194	0.6126	0.6658	0.6633
480.0	2273.0	2372.0	2169.0	2064.0	2354.0	0.6194	0.6126	0.6658	0.6633
479.0	2169.0	2064.0	2354.0	2372.0	2247.0	0.6027	0.69	0.6298	0.6492
478.0	2169.0	2064.0	2354.0	2372.0	2247.0	0.6027	0.69	0.6298	0.6492
477.0	2169.0	2064.0	2354.0	2372.0	2247.0	0.6027	0.69	0.6298	0.6492
476.0	2169.0	2064.0	2354.0	2372.0	2247.0	0.6027	0.69	0.6298	0.6492
475.0	2169.0	2064.0	2354.0	2372.0	2247.0	0.6027	0.69	0.6298	0.6492
474.0	2169.0	2064.0	2354.0	2372.0	2247.0	0.6027	0.69	0.6298	0.6492
473.0	2169.0	2064.0	2354.0	2372.0	2247.0	0.6027	0.69	0.6298	0.6492
472.0	2169.0	2064.0	2354.0	2372.0	2247.0	0.6027	0.69	0.6298	0.6492
471.0	2169.0	2064.0	2354.0	2372.0	2247.0	0.6027	0.69	0.6298	0.6492
470.0	2169.0	2064.0	2354.0	2372.0	2247.0	0.6027	0.69	0.6298	0.6492
469.0	2169.0	2064.0	2354.0	2372.0	2247.0	0.6027	0.69	0.6298	0.6492
468.0	2169.0	2064.0	2354.0	2372.0	2247.0	0.6027	0.69	0.6298	0.6492
467.0	2169.0	2064.0	2354.0	2372.0	2247.0	0.6027	0.69	0.6298	0.6492
466.0	2169.0	2064.0	2354.0	2372.0	2247.0	0.6027	0.69	0.6298	0.6492
465.0	2169.0	2064.0	2354.0	2372.0	2247.0	0.6027	0.69	0.6298	0.6492
464.0	2064.0	2273.0	2551.0	2372.0	2354.0	0.6645	0.6045	0.6061	0.6196
463.0	2064.0	2273.0	2551.0	2372.0	2354.0	0.6645	0.6045	0.6061	0.6196
462.0	2064.0	2273.0	2551.0	2372.0	2354.0	0.6645	0.6045	0.6061	0.6196
461.0	2064.0	2273.0	2551.0	2372.0	2354.0	0.6645	0.6045	0.6061	0.6196
460.0	2064.0	2273.0	2551.0	2372.0	2354.0	0.6645	0.6045	0.6061	0.6196
459.0	2064.0	2273.0	2551.0	2372.0	2354.0	0.6645	0.6045	0.6061	0.6196
458.0	2064.0	2273.0	2551.0	2372.0	2354.0	0.6645	0.6045	0.6061	0.6196
457.0	2064.0	2273.0	2551.0	2372.0	2354.0	0.6645	0.6045	0.6061	0.6196
456.0	2064.0	2273.0	2551.0	2372.0	2354.0	0.6645	0.6045	0.6061	0.6196
455.0	2064.0	2273.0	2551.0	2372.0	2354.0	0.6645	0.6045	0.6061	0.6196
454.0	2064.0	2273.0	2551.0	2372.0	2354.0	0.6645	0.6045	0.6061	0.6196
453.0	2064.0	2273.0	2551.0	2372.0	2354.0	0.6645	0.6045	0.6061	0.6196
452.0	2064.0	2273.0	2551.0	2372.0	2354.0	0.6645	0.6045	0.6061	0.6196
451.0	2064.0	2273.0	2551.0	2372.0	2354.0	0.6645	0.6045	0.6061	0.6196
450.0	2064.0	2273.0	2551.0	2372.0	2354.0	0.6645	0.6045	0.6061	0.6196
449.0	2064.0	2273.0	2551.0	2372.0	2354.0	0.6645	0.6045	0.6061	0.6196
448.0	2064.0	2273.0	2551.0	2372.0	2354.0	0.6645	0.6045	0.6061	0.6196
447.0	2064.0	2273.0	2551.0	2372.0	2354.0	0.6645	0.6045	0.6061	0.6196
446.0	2064.0	2273.0	2551.0	2372.0	2354.0	0.6645	0.6045	0.6061	0.6196
445.0	2064.0	2273.0	2551.0	2372.0	2354.0	0.6645	0.6045	0.6061	0.6196
444.0	2064.0	2273.0	2551.0	2372.0	2354.0	0.6645	0.6045	0.6061	0.6196
443.0	2064.0	2273.0	2551.0	2372.0	2354.0	0.6645	0.6045	0.6061	0.6196
442.0	2064.0	2273.0	2551.0	2372.0	2354.0	0.6645	0.6045	0.6061	0.6196
441.0	2064.0	2273.0	2551.0	2372.0	2354.0	0.6645	0.6045	0.6061	0.6196
440.0	2064.0	2273.0	2551.0	2372.0	2354.0	0.6645	0.6045	0.6061	0.6196
439.0	2064.0	2273.0	2551.0	2372.0	2354.0	0.6645	0.6045	0.6061	0.6196
438.0	2064.0	2273.0	2551.0	2372.0	2354.0	0.6645	0.6045	0.6061	0.6196
437.0	2064.0	2273.0	2551.0	2372.0	2354.0	0.6645	0.6045	0.6061	0.6196
436.0	2064.0	2273.0	2551.0	2372.0	2354.0	0.6645	0.6045	0.6061	0.6196
435.0	2064.0	2273.0	2551.0	2372.0	2354.0	0.6645	0.6045	0.6061	0.6196
434.0	2064.0	2273.0	2551.0	2372.0	2354.0	0.6645	0.6045	0.6061	0.6196
433.0	2064.0	2273.0	2551.0	2372.0	2354.0	0.6645	0.6045	0.6061	0.6196
432.0	2064.0	2273.0	2551.0	2372.0	2354.0	0.6645	0.6045	0.6061	0.6196
431.0	2064.0	2273.0	2551.0	2372.0	2354.0	0.6645	0.6045	0.6061	0.6196
430.0	2064.0	2273.0	2551.0	2372.0	2354.0	0.6645	0.6045	0.6061	0.6196
429.0	2064.0	2273.0	2551.0	2372.0	2354.0	0.6645	0.6045	0.6061	0.6196
428.0	2064.0	2273.0	2551.0	2372.0	2354.0	0.6645	0.6045	0.6061	0.6196
427.0	2064.0	2273.0	2551.0	2372.0	2354.0	0.6645	0.6045	0.6061	0.6196
426.0	2064.0	2273.0	2551.0	2372.0	2354.0	0.6645	0.6045	0.6061	0.6196
425.0	2064.0	2273.0	2551.0	2372.0	2354.0	0.6645	0.6045	0.6061	0.6196
424.0	2064.0	2273.0	2551.0	2372.0	2354.0	0.6645	0.6045	0.6061	0.6196
423.0	2064.0	2273.0	2551.0	2372.0	2354.0	0.6645	0.6045	0.6061	0.6196
422.0	2064.0	2273.0	2551.0	2372.0	2354.0	0.6645	0.6045	0.6061	0.6196
421.0	2064.0	2273.0	2551.0	2372.0	2354.0	0.6645	0.6045	0.6061	0.6196
420.0	2064.0	2273.0	2551.0	2372.0	2354.0	0.6645	0.6045	0.6061	0.6196
419.0	2064.0	2273.0	2551.0	2372.0	2354.0	0.6645	0.6045	0.6061	0.6196
418.0	2064.0	2273.0	2551.0	2372.0	2354.0	0.6645	0.6045	0.6061	0.6196
417.0	2064.0	2273.0	2551.0	2372.0	2354.0	0.6645	0.6045	0.6061	0.6196
416.0	2064.0	2169.0	2372.0	2354.0	2273.0	0.6645	0.6306	0.6658	0.6169
415.0	2064.0	2169.0	2372.0	2354.0	2273.0	0.6645	0.6306	0.6658	0.6169
414.0	2064.0	2169.0	2372.0	2354.0	2273.0	0.6645	0.6306	0.6658	0.6169
413.0	2064.0	2169.0	2372.0	2354.0	2273.0	0.6645	0.6306	0.6658	0.6169
412.0	2064.0	2169.0	2372.0	2354.0	2273.0	0.6645	0.6306	0.6658	0.6169
411.0	2064.0	2169.0	2372.0	2354.0	2273.0	0.6645	0.6306	0.6658	0.6169
410.0	2064.0	2169.0	2372.0	2354.0	2273.0	0.6645	0.6306	0.6658	0.6169
409.0	2064.0	2169.0	2372.0	2354.0	2273.0	0.6645	0.6306	0.6658	0.6169
408.0	2064.0	2169.0	2372.0	2354.0	2273.0	0.6645	0.6306	0.6658	0.6169
407.0	2064.0	2169.0	2372.0	2354.0	2273.0	0.6645	0.6306	0.6658	0.6169
406.0	2064.0	2169.0	2372.0	2354.0	2273.0	0.6645	0.6306	0.6658	0.6169
405.0	2064.0	2169.0	2372.0	2354.0	2273.0	0.6645	0.6306	0.6658	0.6169
404.0	2064.0	2169.0	2372.0	2354.0	2273.0	0.6645	0.6306	0.6658	0.6169
403.0	2064.0	2169.0	2372.0	2354.0	2273.0	0.6645	0.6306	0.6658	0.6169
402.0	2064.0	2169.0	2372.0	2354.0	2273.0	0.6645	0.6306	0.6658	0.6169
401.0	2064.0	2169.0	2372.0	2354.0	2273.0	0.6645	0.6306	0.6658	0.6169
400.0	2064.0	2169.0	2372.0	2354.0	2273.0	0.6645	0.6306	0.6658	0.6169
399.0	2064.0	2372.0	2273.0	2169.0	2354.0	0.6645	0.6446	0.6658	0.6281
398.0	2064.0	2372.0	2273.0	2169.0	2354.0	0.6645	0.6446	0.6658	0.6281
397.0	2064.0	2372.0	2273.0	2169.0	2354.0	0.6645	0.6446	0.6658	0.6281
396.0	2064.0	2551.0	2354.0	2372.0	2273.0	0.6645	0.5898	0.6061	0.6228
395.0	2064.0	2551.0	2354.0	2372.0	2273.0	0.6645	0.5898	0.6061	0.6228
394.0	2064.0	2551.0	2354.0	2372.0	2273.0	0.6645	0.5898	0.6061	0.6228
393.0	2064.0	2551.0	2354.0	2372.0	2273.0	0.6645	0.5898	0.6061	0.6228
392.0	2064.0	2551.0	2354.0	2372.0	2273.0	0.6645	0.5898	0.6061	0.6228
391.0	2064.0	2551.0	2354.0	2372.0	2273.0	0.6645	0.5898	0.6061	0.6228
390.0	2064.0	2551.0	2354.0	2372.0	2273.0	0.6645	0.5898	0.6061	0.6228
389.0	2064.0	2372.0	2273.0	2551.0	2354.0	0.6645	0.6446	0.6061	0.6133
388.0	2064.0	2372.0	2273.0	2551.0	2354.0	0.6645	0.6446	0.6061	0.6133
387.0	2064.0	2551.0	2273.0	2372.0	2626.0	0.6645	0.6045	0.6047	0.6221
386.0	2064.0	2551.0	2273.0	2372.0	2626.0	0.6645	0.6045	0.6047	0.6221
385.0	2064.0	2551.0	2273.0	2372.0	2626.0	0.6645	0.6045	0.6047	0.6221
384.0	2064.0	2551.0	2273.0	2372.0	2626.0	0.6645	0.6045	0.6047	0.6221
383.0	2064.0	2551.0	2273.0	2372.0	2626.0	0.6645	0.6045	0.6047	0.6221
382.0	2064.0	2551.0	2273.0	2372.0	2626.0	0.6645	0.6045	0.6047	0.6221
381.0	2064.0	2551.0	2273.0	2372.0	2626.0	0.6645	0.6045	0.6047	0.6221
380.0	2064.0	2551.0	2273.0	2372.0	2626.0	0.6645	0.6045	0.6047	0.6221
379.0	2064.0	2551.0	2273.0	2372.0	2626.0	0.6645	0.6045	0.6047	0.6221
378.0	2064.0	2551.0	2273.0	2372.0	2626.0	0.6645	0.6045	0.6047	0.6221
377.0	2064.0	2551.0	2273.0	2372.0	2626.0	0.6645	0.6045	0.6047	0.6221
376.0	2064.0	2551.0	2273.0	2372.0	2626.0	0.6645	0.6045	0.6047	0.6221
375.0	2064.0	2551.0	2273.0	2372.0	2626.0	0.6645	0.6045	0.6047	0.6221
374.0	2064.0	2551.0	2273.0	2372.0	2626.0	0.6645	0.6045	0.6047	0.6221
373.0	2064.0	2551.0	2273.0	2372.0	2626.0	0.6645	0.6045	0.6047	0.6221
372.0	2064.0	2551.0	2273.0	2372.0	2626.0	0.6645	0.6045	0.6047	0.6221
371.0	2064.0	2551.0	2273.0	2372.0	2626.0	0.6645	0.6045	0.6047	0.6221
370.0	2551.0	2064.0	2169.0	2354.0	2626.0	0.4614	0.5982	0.613	0.6228
369.0	2551.0	2064.0	2169.0	2354.0	2626.0	0.4614	0.5982	0.613	0.6228
368.0	2551.0	2064.0	2169.0	2354.0	2626.0	0.4614	0.5982	0.613	0.6228
367.0	2064.0	2372.0	2551.0	2354.0	2626.0	0.6645	0.5699	0.5941	0.6169
366.0	2551.0	2064.0	2273.0	2626.0	2354.0	0.4614	0.6045	0.6257	0.6342
365.0	2551.0	2064.0	2273.0	2626.0	2354.0	0.4614	0.6045	0.6257	0.6342
364.0	2551.0	2064.0	2273.0	2626.0	2354.0	0.4614	0.6045	0.6257	0.6342
363.0	2551.0	2064.0	2273.0	2626.0	2354.0	0.4614	0.6045	0.6257	0.6342
362.0	2551.0	2064.0	2273.0	2626.0	2354.0	0.4614	0.6045	0.6257	0.6342
361.0	2551.0	2064.0	2273.0	2626.0	2354.0	0.4614	0.6045	0.6257	0.6342
360.0	2551.0	2064.0	2273.0	2626.0	2354.0	0.4614	0.6045	0.6257	0.6342
359.0	2551.0	2064.0	2273.0	2626.0	2354.0	0.4614	0.6045	0.6257	0.6342
358.0	2551.0	2064.0	2273.0	2626.0	2354.0	0.4614	0.6045	0.6257	0.6342
357.0	2551.0	2064.0	2273.0	2626.0	2354.0	0.4614	0.6045	0.6257	0.6342
356.0	2551.0	2064.0	2273.0	2626.0	2354.0	0.4614	0.6045	0.6257	0.6342
355.0	2551.0	2064.0	2273.0	2626.0	2354.0	0.4614	0.6045	0.6257	0.6342
354.0	2551.0	2064.0	2273.0	2626.0	2354.0	0.4614	0.6045	0.6257	0.6342
353.0	2064.0	2551.0	2354.0	2533.0	2626.0	0.6645	0.5898	0.5957	0.6112
352.0	2064.0	2551.0	2354.0	2533.0	2626.0	0.6645	0.5898	0.5957	0.6112
351.0	2064.0	2551.0	2354.0	2533.0	2626.0	0.6645	0.5898	0.5957	0.6112
350.0	2064.0	2551.0	2354.0	2533.0	2626.0	0.6645	0.5898	0.5957	0.6112
349.0	2064.0	2551.0	2354.0	2533.0	2626.0	0.6645	0.5898	0.5957	0.6112
348.0	2064.0	2551.0	2354.0	2533.0	2626.0	0.6645	0.5898	0.5957	0.6112
347.0	2064.0	2551.0	2354.0	2533.0	2626.0	0.6645	0.5898	0.5957	0.6112
346.0	2064.0	2551.0	2354.0	2533.0	2626.0	0.6645	0.5898	0.5957	0.6112
345.0	2064.0	2551.0	2354.0	2533.0	2626.0	0.6645	0.5898	0.5957	0.6112
344.0	2064.0	2551.0	2354.0	2671.0	2533.0	0.6645	0.5898	0.606	0.6182
343.0	2064.0	2551.0	2354.0	2671.0	2533.0	0.6645	0.5898	0.606	0.6182
342.0	2064.0	2551.0	2354.0	2671.0	2533.0	0.6645	0.5898	0.606	0.6182
341.0	2064.0	2551.0	2354.0	2671.0	2533.0	0.6645	0.5898	0.606	0.6182
340.0	2064.0	2551.0	2354.0	2671.0	2533.0	0.6645	0.5898	0.606	0.6182
339.0	2064.0	2551.0	2354.0	2671.0	2533.0	0.6645	0.5898	0.606	0.6182
338.0	2064.0	2551.0	2354.0	2671.0	2533.0	0.6645	0.5898	0.606	0.6182
337.0	2064.0	2551.0	2354.0	2671.0	2533.0	0.6645	0.5898	0.606	0.6182
336.0	2064.0	2551.0	2626.0	2354.0	2671.0	0.6645	0.5903	0.621	0.6061
335.0	2064.0	2551.0	2626.0	2354.0	2671.0	0.6645	0.5903	0.621	0.6061
334.0	2064.0	2551.0	2626.0	2354.0	2671.0	0.6645	0.5903	0.621	0.6061
333.0	2064.0	2551.0	2626.0	2354.0	2671.0	0.6645	0.5903	0.621	0.6061
332.0	2064.0	2551.0	2626.0	2354.0	2671.0	0.6645	0.5903	0.621	0.6061
331.0	2064.0	2551.0	2626.0	2354.0	2671.0	0.6645	0.5903	0.621	0.6061
330.0	2064.0	2551.0	2626.0	2354.0	2671.0	0.6645	0.5903	0.621	0.6061
329.0	2064.0	2551.0	2626.0	2354.0	2671.0	0.6645	0.5903	0.621	0.6061
328.0	2064.0	2354.0	2551.0	2671.0	2626.0	0.6645	0.5898	0.621	0.6182
327.0	2064.0	2354.0	2551.0	2671.0	2626.0	0.6645	0.5898	0.621	0.6182
326.0	2064.0	2689.0	2671.0	2551.0	2354.0	0.6645	0.6417	0.604	0.611
325.0	2064.0	2689.0	2671.0	2551.0	2354.0	0.6645	0.6417	0.604	0.611
324.0	2064.0	2689.0	2671.0	2551.0	2354.0	0.6645	0.6417	0.604	0.611
323.0	2064.0	2551.0	2689.0	2354.0	2626.0	0.6645	0.5684	0.5964	0.616
322.0	2064.0	2689.0	2671.0	2354.0	2626.0	0.6645	0.6417	0.644	0.6358
321.0	2064.0	2689.0	2671.0	2354.0	2626.0	0.6645	0.6417	0.644	0.6358
320.0	2064.0	2689.0	2671.0	2354.0	2626.0	0.6645	0.6417	0.644	0.6358
319.0	2064.0	2689.0	2671.0	2354.0	2626.0	0.6645	0.6417	0.644	0.6358
318.0	2064.0	2689.0	2671.0	2354.0	2626.0	0.6645	0.6417	0.644	0.6358
317.0	2064.0	2689.0	2671.0	2354.0	2626.0	0.6645	0.6417	0.644	0.6358
316.0	2064.0	2689.0	2671.0	2354.0	2626.0	0.6645	0.6417	0.644	0.6358
315.0	2064.0	2689.0	2671.0	2354.0	2626.0	0.6645	0.6417	0.644	0.6358
314.0	2064.0	2689.0	2671.0	2354.0	2626.0	0.6645	0.6417	0.644	0.6358
313.0	2064.0	2689.0	2671.0	2354.0	2626.0	0.6645	0.6417	0.644	0.6358
312.0	2064.0	2689.0	2671.0	2354.0	2626.0	0.6645	0.6417	0.644	0.6358
311.0	2064.0	2689.0	2671.0	2354.0	2626.0	0.6645	0.6417	0.644	0.6358
310.0	2064.0	2689.0	2671.0	2354.0	2626.0	0.6645	0.6417	0.644	0.6358
309.0	2064.0	2689.0	2671.0	2354.0	2626.0	0.6645	0.6417	0.644	0.6358
308.0	2064.0	2689.0	2671.0	2354.0	2626.0	0.6645	0.6417	0.644	0.6358
307.0	2064.0	2689.0	2671.0	2354.0	2626.0	0.6645	0.6417	0.644	0.6358
306.0	2064.0	2626.0	2689.0	2671.0	2599.0	0.6645	0.6176	0.6236	0.6376
305.0	2064.0	2626.0	2689.0	2671.0	2599.0	0.6645	0.6176	0.6236	0.6376
304.0	2064.0	2626.0	2689.0	2671.0	2599.0	0.6645	0.6176	0.6236	0.6376
303.0	2064.0	2689.0	2626.0	2671.0	2226.0	0.6645	0.6176	0.6144	0.6241
302.0	2064.0	2689.0	2626.0	2671.0	2226.0	0.6645	0.6176	0.6144	0.6241
301.0	2064.0	2689.0	2626.0	2671.0	2226.0	0.6645	0.6176	0.6144	0.6241
300.0	2064.0	2689.0	2626.0	2671.0	2226.0	0.6645	0.6176	0.6144	0.6241
299.0	2064.0	2689.0	2626.0	2671.0	2226.0	0.6645	0.6176	0.6144	0.6241
298.0	2064.0	2689.0	2626.0	2671.0	2226.0	0.6645	0.6176	0.6144	0.6241
297.0	2064.0	2689.0	2626.0	2671.0	2226.0	0.6645	0.6176	0.6144	0.6241
296.0	2064.0	2689.0	2626.0	2671.0	2226.0	0.6645	0.6176	0.6144	0.6241
295.0	2064.0	2689.0	2626.0	2671.0	2226.0	0.6645	0.6176	0.6144	0.6241
294.0	2064.0	2689.0	2626.0	2671.0	2226.0	0.6645	0.6176	0.6144	0.6241
293.0	2064.0	2689.0	2626.0	2671.0	2226.0	0.6645	0.6176	0.6144	0.6241
292.0	2064.0	2689.0	2626.0	2671.0	2226.0	0.6645	0.6176	0.6144	0.6241
291.0	2064.0	2689.0	2626.0	2671.0	2226.0	0.6645	0.6176	0.6144	0.6241
290.0	2064.0	2689.0	2626.0	2671.0	2226.0	0.6645	0.6176	0.6144	0.6241
289.0	2064.0	2689.0	2626.0	2671.0	2226.0	0.6645	0.6176	0.6144	0.6241
288.0	2064.0	2689.0	2626.0	2671.0	2226.0	0.6645	0.6176	0.6144	0.6241
287.0	2064.0	2689.0	2626.0	2671.0	2226.0	0.6645	0.6176	0.6144	0.6241
286.0	2064.0	2689.0	2626.0	2671.0	2226.0	0.6645	0.6176	0.6144	0.6241
285.0	2064.0	2689.0	2626.0	2671.0	2226.0	0.6645	0.6176	0.6144	0.6241
284.0	2064.0	2689.0	2626.0	2671.0	2226.0	0.6645	0.6176	0.6144	0.6241
283.0	2064.0	2689.0	2626.0	2671.0	2226.0	0.6645	0.6176	0.6144	0.6241
282.0	2064.0	2689.0	2626.0	2671.0	2226.0	0.6645	0.6176	0.6144	0.6241
281.0	2064.0	2689.0	2626.0	2671.0	2226.0	0.6645	0.6176	0.6144	0.6241
280.0	2064.0	2689.0	2626.0	2671.0	2226.0	0.6645	0.6176	0.6144	0.6241
279.0	2064.0	2689.0	2626.0	2671.0	2226.0	0.6645	0.6176	0.6144	0.6241
278.0	2064.0	2689.0	2626.0	2671.0	2226.0	0.6645	0.6176	0.6144	0.6241
277.0	2064.0	2689.0	2626.0	2671.0	2226.0	0.6645	0.6176	0.6144	0.6241
276.0	2064.0	2689.0	2626.0	2671.0	2226.0	0.6645	0.6176	0.6144	0.6241
275.0	2064.0	2689.0	2626.0	2671.0	2226.0	0.6645	0.6176	0.6144	0.6241
274.0	2064.0	2689.0	2626.0	2671.0	2226.0	0.6645	0.6176	0.6144	0.6241
273.0	2064.0	2689.0	2626.0	2671.0	2226.0	0.6645	0.6176	0.6144	0.6241
272.0	2064.0	2689.0	2626.0	2671.0	2226.0	0.6645	0.6176	0.6144	0.6241
271.0	2064.0	2689.0	2626.0	2671.0	2226.0	0.6645	0.6176	0.6144	0.6241
270.0	2064.0	2689.0	2626.0	2671.0	2226.0	0.6645	0.6176	0.6144	0.6241
269.0	2064.0	2689.0	2626.0	2671.0	2226.0	0.6645	0.6176	0.6144	0.6241
268.0	2064.0	2689.0	2626.0	2671.0	2226.0	0.6645	0.6176	0.6144	0.6241
267.0	2064.0	2689.0	2626.0	2671.0	2308.0	0.6645	0.6176	0.6324	0.6221
266.0	2064.0	2689.0	2626.0	2671.0	2308.0	0.6645	0.6176	0.6324	0.6221
265.0	2064.0	2689.0	2626.0	2671.0	2750.0	0.6645	0.6176	0.6412	0.6437
264.0	2064.0	2689.0	2626.0	2671.0	2750.0	0.6645	0.6176	0.6412	0.6437
263.0	2064.0	2689.0	2626.0	2671.0	2750.0	0.6645	0.6176	0.6412	0.6437
262.0	2064.0	2689.0	2626.0	2671.0	2750.0	0.6645	0.6176	0.6412	0.6437
261.0	2064.0	2689.0	2626.0	2671.0	2750.0	0.6645	0.6176	0.6412	0.6437
260.0	2064.0	2689.0	2626.0	2671.0	2750.0	0.6645	0.6176	0.6412	0.6437
259.0	2064.0	2689.0	2626.0	2671.0	2750.0	0.6645	0.6176	0.6412	0.6437
258.0	2064.0	2626.0	2689.0	2750.0	2308.0	0.6645	0.6176	0.6298	0.6421
257.0	2064.0	2626.0	2689.0	2750.0	2308.0	0.6645	0.6176	0.6298	0.6421
256.0	2064.0	2626.0	2689.0	2750.0	2308.0	0.6645	0.6176	0.6298	0.6421
255.0	2064.0	2689.0	2626.0	2750.0	2308.0	0.6645	0.6176	0.6298	0.6345
254.0	2064.0	2689.0	2626.0	2750.0	2308.0	0.6645	0.6176	0.6298	0.6345
253.0	2064.0	2689.0	2626.0	2750.0	2308.0	0.6645	0.6176	0.6298	0.6345
252.0	2064.0	2689.0	2626.0	2750.0	2308.0	0.6645	0.6176	0.6298	0.6345
251.0	2064.0	2689.0	2626.0	2750.0	2308.0	0.6645	0.6176	0.6298	0.6345
250.0	2064.0	2689.0	2626.0	2750.0	2308.0	0.6645	0.6176	0.6298	0.6345
249.0	2064.0	2689.0	2626.0	2750.0	2308.0	0.6645	0.6176	0.6298	0.6345
248.0	2064.0	2689.0	2626.0	2750.0	2308.0	0.6645	0.6176	0.6298	0.6345
247.0	2064.0	2689.0	2626.0	2750.0	2308.0	0.6645	0.6176	0.6298	0.6345
246.0	2064.0	2689.0	2626.0	2750.0	2308.0	0.6645	0.6176	0.6298	0.6345
245.0	2064.0	2689.0	2626.0	2750.0	2308.0	0.6645	0.6176	0.6298	0.6345
244.0	2064.0	2689.0	2626.0	2750.0	2308.0	0.6645	0.6176	0.6298	0.6345
243.0	2064.0	2689.0	2626.0	2750.0	2308.0	0.6645	0.6176	0.6298	0.6345
242.0	2064.0	2689.0	2626.0	2750.0	2308.0	0.6645	0.6176	0.6298	0.6345
241.0	2064.0	2689.0	2626.0	2750.0	2645.0	0.6645	0.6176	0.6227	0.6361
240.0	2064.0	2689.0	2626.0	2750.0	2645.0	0.6645	0.6176	0.6227	0.6361
239.0	2064.0	2689.0	2626.0	2308.0	2750.0	0.6645	0.6176	0.6298	0.629
238.0	2064.0	2689.0	2626.0	2308.0	2750.0	0.6645	0.6176	0.6298	0.629
237.0	2064.0	2689.0	2626.0	2308.0	2750.0	0.6645	0.6176	0.6298	0.629
236.0	2064.0	2689.0	2626.0	2308.0	2750.0	0.6645	0.6176	0.6298	0.629
235.0	2064.0	2689.0	2626.0	2308.0	2750.0	0.6645	0.6176	0.6298	0.629
234.0	2064.0	2689.0	2626.0	2308.0	2750.0	0.6645	0.6176	0.6298	0.629
233.0	2064.0	2689.0	2626.0	2308.0	2750.0	0.6645	0.6176	0.6298	0.629
232.0	2064.0	2689.0	2626.0	2308.0	2750.0	0.6645	0.6176	0.6298	0.629
231.0	2064.0	2689.0	2626.0	2308.0	2750.0	0.6645	0.6176	0.6298	0.629
230.0	2626.0	2064.0	2689.0	2750.0	2645.0	0.5377	0.6176	0.6227	0.6105
229.0	2626.0	2064.0	2689.0	2750.0	2645.0	0.5377	0.6176	0.6227	0.6105
228.0	2626.0	2064.0	2689.0	2750.0	2645.0	0.5377	0.6176	0.6227	0.6105
227.0	2626.0	2064.0	2689.0	2750.0	2645.0	0.5377	0.6176	0.6227	0.6105
226.0	2064.0	2789.0	2626.0	2645.0	2750.0	0.6645	0.6176	0.6304	0.6153
