clusterID	value
0	-0.24
1	-0.49
2	0.26
3	-0.44
4	-0.84
5	-0.04
6	-0.74
7	-0.56
8	-0.28
9	-0.3
10	0.24
11	0.09
12	-0.48
13	-0.3
14	-0.44
15	0.01
16	-0.83
17	-0.82
18	-0.61
19	-0.03
20	0.31
21	0.37
22	-0.29
23	0.28
24	-0.16
25	0.36
26	0.06
27	0.18
28	0.49
29	0.24
30	0.2
31	0.98
32	0.14
33	0.4
34	0.02
35	-0.68
36	-0.16
37	-0.71
38	-0.89
39	-0.4
40	-0.61
41	-1.16
42	-1.01
43	-0.97
44	-0.91
45	-0.82
46	-0.73
47	-0.57
48	-0.22
49	0.38
50	0.64
51	0.93
52	0.2
53	1.09
54	0.77
55	0.06
56	-0.03
57	-0.59
58	-1.09
59	-1.11
60	-1.53
61	-1.51
62	-1.1
63	-1.62
64	-1.55
65	-0.96
66	-0.07
67	0.04
68	0.06
69	0.09
70	0.02
71	0.67
72	0.81
73	-0.01
74	0.03
75	-0.14
76	-0.47
77	0.38
78	0.42
79	-0.28
80	0.01
81	-0.21
82	-0.05
83	-0.35
84	-0.51
85	0.1
86	0.03
87	0.12
88	0.2
89	0.15
90	0.2
91	0.53
92	0.95
93	1.0
94	1.1
95	1.1
96	0.18
97	0.27
98	0.21
99	0.23
100	-0.15
101	-0.12
102	-0.21
103	0.25
104	0.5
105	0.02
106	-0.11
107	-0.42
108	-0.67
109	-0.7
110	-0.41
111	-0.42
112	-0.48
113	-0.8
114	-0.93
115	-0.51
116	-0.68
117	-1.16
118	-1.56
119	-1.32
120	-0.52
121	-0.55
122	-1.11
123	-0.42
124	0.35
125	0.5
126	-0.21
127	-0.32
128	-1.46
129	-1.43
130	-1.4
131	-1.71
132	-1.12
133	-0.8
134	-1.18
135	-1.28
136	-0.68
137	-0.68
138	-1.14
139	-1.6
140	-1.15
141	-0.68
142	-0.47
143	-0.3
144	-0.15
145	0.07
146	-0.09
147	-0.76
148	-0.63
149	-0.55
150	-1.09
151	-1.06
152	-1.26
153	-1.28
154	-0.98
155	-1.39
156	-1.92
157	-1.89
158	-1.15
159	-1.14
160	-1.09
161	-1.11
162	-0.96
163	-1.18
164	-0.31
165	-0.51
166	-0.33
167	-0.45
168	-0.19
169	0.2
170	0.7
171	-0.58
172	-0.24
173	-0.24
174	-0.96
175	-0.07
176	-0.31
177	-0.76
178	-0.47
179	0.29
180	0.41
181	0.39
182	-0.16
183	0.67
184	0.69
185	1.13
186	0.66
187	0.03
188	0.3
189	0.81
190	0.14
191	-0.2
192	-0.71
193	-0.76
194	-0.79
195	-0.65
196	-1.56
197	-1.18
198	-0.46
199	-0.44
200	-0.52
201	-0.23
202	-0.64
203	-0.51
204	-0.3
205	-1.11
206	-0.72
207	-1.37
208	-1.68
209	-1.4
210	-1.91
211	-2.17
212	-2.14
213	-2.33
214	-1.47
215	-1.53
216	-1.99
217	-1.53
218	-0.67
219	-0.36
220	0.23
221	0.48
222	0.53
223	-0.27
224	-0.13
225	0.46
226	0.99
227	0.55
228	0.49
229	1.07
230	0.68
231	0.3
232	-0.38
233	-0.67
234	-0.88
235	-0.6
236	-0.62
237	-0.54
238	0.23
239	0.41
240	-0.04
241	0.82
242	0.42
243	0.16
244	0.14
245	-0.38
246	-0.76
247	-0.45
248	-0.89
249	-0.69
250	-0.47
251	-0.85
252	-0.32
253	-0.09
254	-0.11
255	0.18
256	-0.77
257	-0.69
258	0.33
259	-0.83
260	-0.78
261	-0.44
262	-0.07
263	0.06
264	-0.21
265	-0.03
266	-0.57
267	-0.69
268	-0.68
269	-0.28
270	0.08
271	-0.32
272	-0.0
273	0.07
274	0.19
275	0.22
276	-0.56
277	-0.15
278	0.13
279	0.67
280	1.08
281	0.28
282	-0.32
283	-0.46
284	-0.89
285	-1.02
286	-0.83
287	-0.7
288	0.11
289	0.27
290	0.62
291	0.8
292	0.1
293	0.12
294	-0.16
295	-0.43
296	-0.49
297	-0.77
298	-0.95
299	-0.85
300	-1.51
301	-0.83
302	-0.44
303	0.22
304	0.14
305	0.19
306	-0.43
307	-0.47
308	-1.03
309	-1.49
310	-1.49
311	-1.05
312	-0.44
313	-0.44
314	0.26
315	1.06
316	0.65
317	0.61
318	0.42
319	0.96
320	0.44
321	0.03
322	-0.3
323	-0.26
324	-0.57
325	-0.25
326	-0.59
327	-0.34
328	-0.63
329	-1.0
330	-1.39
331	-0.96
332	-0.82
333	-0.38
334	-0.65
335	-0.81
336	-0.91
337	-1.47
338	-1.94
339	-1.85
340	-2.32
341	-2.27
342	-1.14
343	-0.43
344	0.19
345	0.58
346	0.37
347	0.6
348	0.78
349	0.29
350	-0.4
351	-0.49
352	-0.48
353	0.33
354	-0.41
355	0.18
356	-0.03
357	-0.03
358	-0.83
359	-0.59
360	-0.67
361	-0.62
362	-0.34
363	0.2
364	0.41
365	0.87
366	0.8
367	0.47
368	0.36
369	0.5
370	0.22
371	-0.81
372	-0.9
373	-0.97
374	-0.95
375	-0.78
376	-1.47
377	-1.15
378	-1.11
379	-1.2
380	-0.91
381	-1.19
382	-1.34
383	-1.29
384	-1.61
385	-0.64
386	-0.81
387	-1.73
388	-0.96
389	-1.02
390	-0.22
391	-0.63
392	-1.26
393	-0.96
394	-1.36
395	-1.85
396	-0.92
397	-1.31
398	-0.67
399	-0.18
400	0.12
401	0.07
402	0.09
403	-0.62
404	-1.04
405	-1.69
406	-2.17
407	-2.66
408	-2.65
409	-2.65
410	-2.45
411	-1.99
412	-1.4
413	-0.04
414	0.25
415	-0.33
416	0.02
417	-0.13
418	-0.44
419	-0.48
420	-0.17
421	-0.21
422	-0.15
423	0.27
424	-0.25
425	0.41
426	0.1
427	-0.26
428	0.34
429	0.41
430	-0.1
431	0.04
432	-0.66
433	-0.55
434	-0.18
435	-0.51
436	-0.99
437	-0.38
438	-0.7
439	-0.78
440	-0.62
441	-0.15
442	-0.55
443	-0.56
444	-1.21
445	-0.31
446	-0.34
447	-0.41
448	-1.04
449	-0.73
450	-0.51
451	-0.31
452	-1.21
453	-1.36
454	-1.03
455	-0.91
456	-1.67
457	-1.76
458	-1.68
459	-1.12
460	-0.79
461	0.17
462	-0.33
463	-0.43
464	-0.55
465	-0.24
466	-1.15
467	-1.21
468	-1.63
469	-1.97
470	-1.96
471	-1.12
472	-1.01
473	-0.72
474	-0.78
475	-0.13
476	-0.24
477	0.61
478	-0.12
479	-0.41
480	0.47
481	0.17
482	0.11
483	0.7
484	0.03
485	0.35
486	0.8
487	0.53
488	0.32
489	0.48
490	0.59
491	0.5
492	-0.11
493	-0.34
494	-0.19
495	0.72
496	0.21
497	0.43
498	-0.56
499	-0.86
500	-0.62
501	-0.04
502	-0.13
503	0.01
504	0.41
505	0.95
506	0.63
507	0.3
508	0.73
509	0.44
510	-0.05
511	-0.24
512	-0.26
513	0.09
514	0.01
515	-0.33
516	-1.11
517	-0.57
518	-0.45
519	-0.86
520	-0.86
521	-0.7
522	-0.94
523	-0.69
524	-0.82
525	-0.69
526	0.03
527	-0.12
528	-0.08
529	-0.36
530	0.04
531	-0.61
532	-0.95
533	-1.32
534	-1.59
535	-1.52
536	-1.58
537	-2.04
538	-2.02
539	-1.04
540	0.13
541	-0.48
542	-0.75
543	-1.02
544	-1.48
545	-1.73
546	-1.68
547	-0.99
548	-0.59
549	0.2
550	0.79
551	0.44
552	0.41
553	0.66
554	0.03
555	0.36
556	-0.08
557	-0.36
558	0.52
559	0.45
560	0.56
561	0.29
562	0.0
563	0.47
564	-0.56
565	-0.73
566	-0.6
567	-0.6
568	-0.75
569	-1.08
570	-1.23
571	-1.22
572	-1.26
573	-0.81
574	-0.43
575	-0.28
576	-0.6
577	-0.32
578	-0.4
579	-0.53
580	-1.16
581	-1.87
582	-2.14
583	-1.32
584	-1.41
585	-1.12
586	-0.71
587	-1.07
588	-0.87
589	0.1
590	-0.33
591	0.14
592	0.49
593	0.94
594	0.84
595	0.44
596	0.06
597	0.24
598	0.23
599	0.24
600	0.26
601	0.09
602	0.26
603	0.99
604	1.6
605	0.68
606	0.75
607	1.15
608	0.26
609	0.51
610	-0.17
611	-0.63
612	-0.07
613	-1.0
614	-0.53
615	-0.87
616	-0.61
617	0.44
618	0.23
619	-0.06
620	0.13
621	-0.64
622	0.09
623	0.49
624	-0.03
625	0.22
626	-0.45
627	-0.49
628	0.32
629	-0.31
630	-0.41
631	-0.53
632	-0.38
633	0.06
634	-0.38
635	-0.3
636	-0.25
637	-0.23
638	-0.22
639	-0.33
640	0.1
641	-1.13
642	-1.56
643	-1.27
644	-1.21
645	-0.88
646	-0.44
647	-0.98
648	-0.36
649	0.37
650	-0.39
651	0.18
652	0.07
653	0.69
654	0.46
655	0.16
656	0.31
657	0.25
658	0.48
659	0.4
660	0.36
661	1.12
662	0.89
663	0.71
664	0.6
665	0.74
666	0.24
667	-0.16
668	-0.84
669	-1.15
670	-1.18
671	-1.0
672	-0.32
673	-0.73
674	-0.6
675	-0.19
676	0.11
677	0.38
678	0.73
679	0.52
680	0.56
681	0.26
682	0.07
683	0.57
684	1.41
685	0.86
686	0.3
687	0.43
688	0.47
689	0.86
690	0.7
691	-0.01
692	0.21
693	0.63
694	0.48
695	0.3
696	-0.52
697	-0.94
698	-0.5
699	-1.5
700	-1.68
701	-0.87
702	-0.79
703	-0.72
704	-0.68
705	-0.98
706	-0.73
707	-0.37
708	-0.87
709	-0.93
710	-0.92
711	-0.64
712	-0.32
713	0.09
714	-0.19
715	0.8
716	1.26
717	1.26
718	1.32
719	0.79
720	0.45
721	0.47
722	0.11
723	-0.35
724	-1.09
725	-0.43
726	-0.41
727	0.02
728	-0.92
729	-0.97
730	-0.8
731	-0.63
732	-0.84
733	-0.55
734	-0.72
735	0.11
736	0.08
737	0.26
738	0.18
739	-0.14
740	-0.86
741	-1.39
742	-1.96
743	-1.78
744	-2.46
745	-1.94
746	-1.63
747	-1.43
748	-1.28
749	-0.99
750	-0.87
751	-0.34
752	-0.49
753	-0.47
754	0.01
755	0.05
756	-0.28
757	-0.82
758	-1.77
759	-1.86
760	-1.64
761	-1.55
762	-1.53
763	-1.6
764	-1.74
765	-0.73
766	-0.93
767	-1.34
768	-1.33
769	-0.79
770	0.05
771	1.05
772	-0.03
773	-0.07
774	0.25
775	0.18
776	-0.22
777	-0.72
778	-1.14
779	-0.26
780	-0.18
781	0.36
782	0.37
783	0.06
784	0.28
785	0.04
786	-0.31
787	0.02
788	-0.64
789	-0.63
790	-0.7
791	-0.97
792	-0.87
793	-0.9
794	-1.46
795	-1.41
796	-1.34
797	-1.71
798	-2.49
799	-2.33
800	-2.37
801	-1.95
802	-1.54
803	-1.59
804	-1.61
805	-0.49
806	0.11
807	0.06
808	-0.43
809	-0.56
810	-0.57
811	-0.34
812	-0.7
813	-0.35
814	-0.1
815	-0.24
816	0.24
817	-0.42
818	-0.66
819	-0.83
820	-1.63
821	-1.92
822	-1.17
823	-1.89
824	-1.42
825	-1.31
826	-0.96
827	-0.46
828	-0.32
829	-0.92
830	-1.41
831	-1.3
832	-0.66
833	-0.79
834	-1.53
835	-1.52
836	-1.72
837	-1.32
838	-0.82
839	-0.97
840	-0.74
841	-1.3
842	-0.84
843	-0.76
844	-0.74
845	-0.79
846	-0.32
847	-0.27
848	0.02
849	-0.28
850	-0.09
851	-0.3
852	-0.17
853	-0.82
854	-0.9
855	-1.4
856	-1.66
857	-1.7
858	-0.97
859	-0.13
860	0.4
861	0.1
862	0.08
863	0.68
864	0.64
865	-0.3
866	-0.77
867	-1.27
868	-1.56
869	-1.5
870	-2.34
871	-1.47
872	-1.15
873	-1.04
874	-1.4
875	-1.35
876	-1.58
877	-1.64
878	-2.35
879	-2.2
880	-2.28
881	-2.2
882	1.37
883	0.55
884	0.24
885	-0.05
886	0.29
887	0.12
888	0.14
889	0.67
890	1.06
891	-0.07
892	-0.18
893	0.06
894	-0.14
895	-0.95
896	-1.68
897	-1.12
898	-0.21
899	-0.4
900	-0.28
901	0.35
902	0.34
903	0.7
904	-0.01
905	-0.39
906	0.48
907	0.21
908	-0.02
909	-0.06
910	0.37
911	0.41
912	0.65
913	-0.19
914	-0.05
915	0.31
916	-0.09
917	-0.62
918	-1.02
919	-1.04
920	-1.17
921	-1.41
922	-1.45
923	-0.87
924	-1.15
925	-1.08
926	-1.53
927	-1.26
928	-0.86
929	-0.01
930	-0.22
931	-0.25
932	-0.12
933	-0.24
934	-0.55
935	-0.31
936	-0.34
937	-0.74
938	-0.09
939	-0.21
940	0.54
941	1.5
942	1.59
943	0.71
944	0.7
945	0.47
946	1.27
947	0.58
948	0.16
949	-0.28
950	0.15
951	-0.03
952	-0.49
953	-0.83
954	-0.91
955	-0.41
956	-0.67
957	-0.84
958	-0.86
959	-0.58
960	0.19
961	-0.3
962	-0.48
963	0.21
964	-0.08
965	-0.28
966	-0.33
967	-1.31
968	-1.0
969	-0.58
970	-1.22
971	-1.08
972	-0.94
973	-1.22
974	-0.32
975	-0.69
976	0.27
977	0.06
978	-0.01
979	0.48
980	-0.01
981	-0.51
982	-0.65
983	-0.93
984	-0.79
985	-1.07
986	-1.23
987	-0.48
988	0.28
989	0.1
990	-0.35
991	-0.07
992	0.58
993	0.28
994	-0.33
995	-1.12
996	-1.15
997	-0.38
998	-0.08
999	-0.49
1000	0.09
1001	0.25
1002	0.65
1003	1.18
1004	1.07
1005	0.6
1006	0.08
1007	-0.54
1008	-0.13
1009	-0.2
1010	-0.76
1011	-1.07
1012	-1.06
1013	-1.12
1014	-1.19
1015	-1.78
1016	-0.9
1017	-0.61
1018	-0.65
1019	-0.87
1020	-0.79
1021	-0.59
1022	-1.15
1023	-0.46
1024	0.22
1025	0.28
1026	0.18
1027	-0.33
1028	-1.29
1029	-0.88
1030	-1.48
1031	-1.56
1032	-0.93
1033	-0.22
1034	0.43
1035	0.06
1036	0.07
1037	0.6
1038	1.22
1039	0.58
1040	-0.21
1041	-0.84
1042	-0.24
1043	-0.14
1044	0.14
1045	0.19
1046	0.13
1047	0.32
1048	0.37
1049	-0.26
1050	0.19
1051	-0.32
1052	-0.8
1053	-1.0
1054	-1.02
1055	-0.93
1056	-1.08
1057	-1.35
1058	-1.14
1059	-1.64
1060	0.22
1061	0.22
1062	0.41
1063	0.62
1064	0.06
1065	0.38
1066	-0.19
1067	0.26
1068	0.62
1069	0.39
1070	-0.31
1071	-0.47
1072	-0.62
1073	-0.49
1074	-0.59
1075	-0.84
1076	0.02
1077	0.15
1078	-0.09
1079	-0.04
1080	0.09
1081	0.39
1082	-0.11
1083	-0.08
1084	0.31
1085	0.25
1086	-0.04
1087	0.44
1088	-0.09
1089	-0.07
1090	-0.32
1091	-0.31
1092	0.4
1093	0.8
1094	0.34
1095	0.19
1096	-0.1
1097	-0.44
1098	-0.75
1099	-0.97
1100	-1.31
1101	-1.47
1102	-1.19
1103	-0.19
1104	-0.93
1105	-0.8
1106	-0.27
1107	-0.83
1108	-0.4
1109	-0.1
1110	-0.4
1111	0.36
1112	0.27
1113	0.43
1114	0.92
1115	1.0
1116	1.23
1117	1.13
1118	1.16
1119	1.52
1120	1.95
1121	0.73
1122	-0.08
1123	-0.37
1124	0.18
1125	0.28
1126	-0.25
1127	-0.48
1128	-0.41
1129	-0.31
1130	-0.36
1131	-1.23
1132	-1.67
1133	-1.66
1134	-1.73
1135	-0.67
1136	0.34
1137	0.74
1138	1.46
1139	1.52
1140	2.37
1141	2.43
1142	2.06
1143	1.44
1144	0.87
1145	-0.92
1146	-1.63
1147	-1.37
1148	-0.93
1149	-1.08
1150	-0.6
1151	-0.6
1152	-0.07
1153	0.55
1154	0.48
1155	-0.16
1156	0.17
1157	0.43
1158	-0.15
1159	0.25
1160	-0.12
1161	-0.61
1162	-0.03
1163	0.12
1164	-0.47
1165	-0.58
1166	-0.56
1167	-0.48
1168	-0.46
1169	-0.87
1170	-1.16
1171	-0.71
1172	-0.38
1173	-0.49
1174	0.38
1175	0.31
1176	0.17
1177	0.38
1178	0.66
1179	1.15
1180	0.93
1181	0.07
1182	0.13
1183	0.83
1184	0.36
1185	-0.4
1186	-0.43
1187	-1.05
1188	-0.53
1189	-0.44
1190	-1.07
1191	-0.65
1192	0.1
1193	0.88
1194	0.37
1195	-0.14
1196	-0.7
1197	-1.23
1198	-0.93
1199	-1.58
1200	-1.74
1201	-1.63
1202	-1.11
1203	-0.41
1204	0.17
1205	-0.14
1206	0.51
1207	0.93
1208	0.71
1209	0.08
1210	-0.32
1211	-0.88
1212	-0.37
1213	-0.45
1214	-0.66
1215	-0.0
1216	0.38
1217	1.08
1218	1.52
1219	1.12
1220	0.4
1221	0.46
1222	-0.23
1223	-0.64
1224	-1.31
1225	-1.61
1226	-0.77
1227	-0.26
1228	-0.27
1229	0.13
1230	0.98
1231	0.88
1232	0.97
1233	0.1
1234	0.53
1235	0.55
1236	-0.14
1237	-0.72
1238	-0.48
1239	-1.0
1240	-0.7
1241	-0.52
1242	-0.51
1243	-1.04
1244	-1.11
1245	-1.6
1246	-1.34
1247	-0.99
1248	-1.3
1249	-1.08
1250	-0.41
1251	-0.94
1252	-0.8
1253	-0.2
1254	-0.7
1255	-0.26
1256	0.58
1257	0.21
1258	0.4
1259	0.57
1260	-0.3
1261	0.28
1262	0.49
1263	-0.1
1264	0.75
1265	0.71
1266	0.31
1267	0.2
1268	-0.33
1269	-0.61
1270	-0.42
1271	-1.28
1272	-1.0
1273	-0.61
1274	-0.97
1275	-0.91
1276	-0.92
1277	-1.07
1278	-0.48
1279	-0.94
1280	-1.16
1281	-0.92
1282	-0.45
1283	0.85
1284	0.76
1285	0.45
1286	0.06
1287	-0.03
1288	-0.68
1289	-0.99
1290	-0.85
1291	-1.14
1292	-0.57
1293	0.02
1294	-0.4
1295	0.59
1296	0.58
1297	1.1
1298	1.74
1299	0.81
1300	0.48
1301	-0.3
1302	-0.66
1303	-0.32
1304	-0.74
1305	-0.59
1306	-0.43
1307	-0.81
1308	-1.18
1309	-0.54
1310	-1.1
1311	-0.32
1312	-1.04
1313	-0.56
1314	0.12
1315	0.28
1316	-0.33
1317	-0.22
1318	-0.61
1319	0.04
1320	-0.46
1321	-0.66
1322	-0.83
1323	-0.67
1324	-1.0
1325	-1.13
1326	-1.7
1327	-0.45
1328	-0.46
1329	-0.01
1330	-0.08
1331	0.39
1332	-0.19
1333	-0.33
1334	-0.05
1335	-0.42
1336	-0.65
1337	-1.01
1338	-1.05
1339	-0.83
1340	-0.58
1341	-1.0
1342	-0.57
1343	-0.23
1344	-0.58
1345	-1.05
1346	-0.79
1347	-1.23
1348	-1.76
1349	-1.76
1350	-1.77
1351	-1.46
1352	-1.09
1353	-0.84
1354	-0.56
1355	-0.24
1356	0.65
1357	-0.06
1358	-0.65
1359	-0.76
1360	-0.51
1361	-0.75
1362	-0.49
1363	-0.07
1364	0.23
1365	0.19
1366	-0.3
1367	-0.52
1368	0.09
1369	0.06
1370	-0.19
1371	-0.39
1372	-1.18
1373	-0.48
1374	-0.5
1375	-0.54
1376	-0.52
1377	-0.69
1378	-0.14
1379	0.1
1380	-0.66
1381	-0.62
1382	-0.56
1383	-0.02
1384	-0.15
1385	-0.76
1386	-0.97
1387	-0.41
1388	-0.24
1389	-0.3
1390	-0.24
1391	0.2
1392	0.19
1393	0.17
1394	0.6
1395	-0.17
1396	0.24
1397	-0.44
1398	-0.88
1399	-1.21
1400	-0.85
1401	-0.87
1402	-0.49
1403	-1.72
1404	-1.02
1405	-0.56
1406	0.09
1407	0.1
1408	0.13
1409	0.58
1410	1.18
1411	0.5
1412	0.87
1413	0.07
1414	-0.02
1415	-0.02
1416	-0.82
1417	-0.35
1418	-1.15
1419	-1.22
1420	-1.15
1421	-0.94
1422	-0.48
1423	-0.42
1424	-1.02
1425	-0.3
1426	-0.02
1427	0.15
1428	0.74
1429	0.0
1430	0.83
1431	1.27
1432	1.34
1433	0.75
1434	0.68
1435	0.58
1436	0.39
1437	-0.48
1438	-0.72
1439	-1.53
1440	-1.4
1441	-1.23
1442	-2.37
1443	-1.31
1444	-1.52
1445	-0.84
1446	-1.08
1447	-0.89
1448	-0.86
1449	-0.4
1450	-0.9
1451	-1.12
1452	-1.08
1453	-1.03
1454	-0.78
1455	-0.82
1456	-0.98
1457	-0.8
1458	0.09
1459	-0.11
1460	-0.57
1461	-0.13
1462	-0.46
1463	0.26
1464	0.32
1465	-0.5
1466	-0.3
1467	0.72
1468	-0.75
1469	-0.88
1470	-0.92
1471	-1.37
1472	-0.45
1473	-0.54
1474	-1.14
1475	0.06
1476	-0.08
1477	-0.28
1478	0.18
1479	0.39
1480	0.94
1481	1.6
1482	0.67
1483	0.79
1484	0.45
1485	-0.03
1486	-0.67
1487	-0.86
1488	-1.82
1489	-1.18
1490	-0.38
1491	0.39
1492	0.78
1493	1.19
1494	0.19
1495	0.78
1496	0.39
1497	0.24
1498	0.03
1499	-0.01
1500	-0.55
1501	-0.61
1502	-0.72
1503	-0.8
1504	-1.09
1505	-0.4
1506	-0.39
1507	0.29
1508	0.96
1509	0.57
1510	1.13
1511	-1.47
1512	-1.04
1513	-0.66
1514	-0.1
1515	0.57
1516	0.68
1517	0.78
1518	1.31
1519	1.25
1520	-0.02
1521	-0.32
1522	-0.85
1523	-1.03
1524	-1.18
1525	-1.08
1526	-0.82
1527	-0.89
1528	-0.43
1529	-0.43
1530	-0.4
1531	-0.16
1532	0.09
1533	-0.56
1534	0.44
1535	-0.44
1536	-0.51
1537	-0.68
1538	-0.76
1539	-1.57
1540	-1.14
1541	-1.14
1542	-0.79
1543	-1.08
1544	-0.65
1545	-0.15
1546	0.44
1547	0.21
1548	0.11
1549	-0.1
1550	-0.04
1551	-0.04
1552	-0.18
1553	-0.15
1554	1.49
1555	1.66
1556	1.96
1557	0.88
1558	0.4
1559	0.15
1560	0.77
1561	0.55
1562	-0.36
1563	-0.96
1564	-1.07
1565	-1.27
1566	-1.98
1567	-2.57
1568	-1.98
1569	-1.74
1570	-1.51
1571	-0.55
1572	-0.77
1573	-0.58
1574	-0.04
1575	-0.3
1576	0.05
1577	-0.52
1578	-1.38
1579	-0.43
1580	0.27
1581	-0.19
1582	0.56
1583	0.42
1584	0.44
1585	0.31
1586	-0.01
1587	-0.14
1588	0.66
1589	-0.29
1590	0.01
1591	0.15
1592	0.72
1593	0.47
1594	-0.15
1595	-0.21
1596	0.29
1597	-0.33
1598	-0.67
1599	-0.47
1600	0.13
1601	0.34
1602	-0.48
1603	-0.8
1604	-0.22
1605	0.81
1606	0.48
1607	-0.19
1608	-0.47
1609	-0.4
1610	-0.59
1611	-0.41
1612	-0.35
1613	-0.43
1614	-0.36
1615	-0.42
1616	-0.96
1617	-0.77
1618	-0.72
1619	-1.15
1620	-0.64
1621	0.1
1622	-0.32
1623	0.05
1624	0.44
1625	-0.34
1626	0.36
1627	-0.1
1628	-1.13
1629	-0.95
1630	-0.82
1631	0.54
1632	0.48
1633	-0.22
1634	0.99
1635	1.31
1636	0.57
1637	0.11
1638	-0.38
1639	-0.45
1640	-0.08
1641	-0.22
1642	0.35
1643	1.1
1644	0.7
1645	0.69
1646	1.55
1647	0.4
1648	-0.06
1649	-1.01
1650	-1.14
1651	-0.91
1652	-0.26
1653	-0.61
1654	0.33
1655	-0.18
1656	0.05
1657	-0.24
1658	-0.0
1659	-0.7
1660	-0.75
1661	-0.06
1662	0.22
1663	-0.14
1664	0.04
1665	0.51
1666	0.16
1667	0.45
1668	-0.23
1669	0.52
1670	0.81
1671	0.31
1672	0.61
1673	0.15
1674	0.02
1675	0.53
1676	0.7
1677	0.23
1678	-0.06
1679	-0.13
1680	0.31
1681	0.82
1682	0.94
1683	0.8
1684	0.6
1685	-0.32
1686	-0.47
1687	-0.13
1688	-0.65
1689	-1.49
1690	-1.55
1691	-0.4
1692	-0.06
1693	-0.57
1694	0.04
1695	0.95
1696	0.58
1697	0.59
1698	0.55
1699	1.31
1700	1.16
1701	0.74
1702	0.76
1703	0.36
1704	0.41
1705	0.36
1706	0.18
1707	0.22
1708	-0.32
1709	-0.99
1710	-0.27
1711	-0.0
1712	0.18
1713	-0.15
1714	-0.44
1715	-0.56
1716	-1.06
1717	-1.3
1718	-1.42
1719	-1.76
1720	-1.92
1721	-1.72
1722	-1.37
1723	0.82
1724	0.03
1725	0.56
1726	0.92
1727	0.29
1728	-0.57
1729	-0.36
1730	-0.49
1731	0.21
1732	0.74
1733	0.37
1734	0.68
1735	0.35
1736	0.24
1737	0.84
1738	-0.17
1739	0.21
1740	0.45
1741	0.26
1742	1.08
1743	0.63
1744	0.15
1745	1.72
1746	1.08
1747	0.34
1748	0.21
1749	-0.74
1750	-1.38
1751	-1.09
1752	-1.9
1753	-1.44
1754	-1.17
1755	-0.38
1756	0.35
1757	0.92
1758	1.97
1759	2.38
1760	2.31
1761	2.19
1762	1.18
1763	1.06
1764	0.87
1765	1.07
1766	1.2
1767	1.57
1768	1.56
1769	1.17
1770	0.29
1771	-0.22
1772	-0.92
1773	-1.37
1774	-2.5
1775	-1.79
1776	-1.85
1777	-1.4
1778	-1.31
1779	-1.21
1780	-0.4
1781	0.02
1782	-0.07
1783	1.17
1784	0.89
1785	1.89
1786	1.09
1787	1.36
1788	1.11
1789	0.98
1790	0.38
1791	1.03
1792	0.26
1793	0.97
1794	-0.0
1795	0.64
1796	0.74
1797	0.31
1798	-0.49
1799	-0.4
1800	-0.96
1801	-0.89
1802	-0.19
1803	-0.53
1804	-0.36
1805	0.11
1806	0.52
1807	0.38
1808	-0.9
1809	-1.1
1810	-0.56
1811	-0.81
1812	-0.79
1813	-0.95
1814	-1.53
1815	-2.1
1816	-0.48
1817	-0.45
1818	-0.56
1819	-0.41
1820	0.04
1821	0.13
1822	0.08
1823	-0.03
1824	-0.62
1825	-0.73
1826	-0.38
1827	-0.46
1828	-0.5
1829	-0.67
1830	-0.02
1831	-0.26
1832	-0.38
1833	-0.74
1834	-0.41
1835	-0.8
1836	-0.92
1837	-0.85
1838	-0.39
1839	0.11
1840	1.12
1841	0.54
1842	0.01
1843	0.27
1844	0.09
1845	-0.27
1846	-0.16
1847	-0.29
1848	-0.19
1849	-0.49
1850	-0.83
1851	-1.32
1852	-1.1
1853	-0.1
1854	-0.14
1855	-1.15
1856	-0.91
1857	-1.46
1858	-1.02
1859	-0.85
1860	-0.01
1861	0.88
1862	1.24
1863	1.24
1864	1.49
1865	2.04
1866	2.01
1867	1.52
1868	0.66
1869	-0.07
1870	-0.29
1871	-0.05
1872	0.57
1873	0.13
1874	-0.61
1875	0.17
1876	0.53
1877	-0.37
1878	0.73
1879	0.29
1880	0.62
1881	1.13
1882	0.36
1883	0.87
1884	0.64
1885	-0.03
1886	0.33
1887	0.42
1888	-0.05
1889	-0.29
1890	-0.91
1891	-1.05
1892	-1.33
1893	-1.18
1894	-1.87
1895	-1.04
1896	-0.1
1897	1.0
1898	0.7
1899	0.89
1900	-0.42
1901	-0.2
1902	-0.2
1903	-0.54
1904	-0.66
1905	-0.67
1906	-1.32
1907	-1.39
1908	-0.99
1909	-1.45
1910	-1.35
1911	-0.36
1912	-0.37
1913	0.02
1914	0.74
1915	0.44
1916	0.94
1917	1.58
1918	0.44
1919	0.86
1920	0.57
1921	-0.4
1922	-0.09
1923	-0.76
1924	-0.61
1925	-0.74
1926	-0.13
1927	-0.08
1928	0.49
1929	0.46
1930	0.65
1931	-0.22
1932	0.42
1933	0.44
1934	0.65
1935	0.71
1936	0.78
1937	0.15
1938	0.79
1939	-0.0
1940	0.24
1941	-0.21
1942	-0.0
1943	0.19
1944	0.16
1945	0.27
1946	1.35
1947	1.32
1948	0.45
1949	-0.36
1950	0.12
1951	0.19
1952	0.52
1953	-0.21
1954	0.08
1955	0.0
1956	0.19
1957	1.01
1958	0.31
1959	0.87
1960	1.08
1961	1.16
1962	0.78
1963	0.54
1964	0.31
1965	0.38
1966	-0.17
1967	0.46
1968	0.11
1969	-0.23
1970	0.88
1971	-0.12
1972	0.04
1973	0.54
1974	0.22
1975	-0.49
1976	0.22
1977	0.13
1978	0.89
1979	0.03
1980	0.13
1981	-0.71
1982	-0.85
1983	-1.01
1984	-0.33
1985	-0.18
1986	-0.26
1987	-0.23
1988	0.17
1989	-0.11
1990	0.28
1991	-0.29
1992	-0.01
1993	-0.01
1994	-0.21
1995	0.1
1996	-0.83
1997	-1.21
1998	-0.71
1999	-0.94
2000	-1.38
2001	-1.3
2002	-1.24
2003	-1.11
2004	-1.22
2005	-0.86
2006	-1.26
2007	-0.39
2008	0.92
2009	0.95
2010	-0.29
2011	0.28
2012	0.5
2013	-0.14
2014	-0.91
2015	-0.6
2016	-1.28
2017	-0.35
2018	-0.87
2019	-0.55
2020	-0.78
2021	-0.27
2022	-0.03
2023	-0.89
2024	-1.85
2025	-1.0
2026	0.02
2027	0.08
2028	-0.73
2029	-0.19
2030	0.33
2031	1.01
2032	0.15
2033	-0.85
2034	-1.61
2035	-1.33
2036	-1.53
2037	-1.45
2038	-2.01
2039	-1.56
2040	-1.55
2041	-1.38
2042	-1.86
2043	-1.89
2044	-2.44
2045	-0.81
2046	-0.72
2047	-0.59
2048	-0.14
2049	-0.5
2050	-0.43
2051	0.09
2052	0.37
2053	1.49
2054	0.18
2055	0.19
2056	0.5
2057	0.82
2058	0.2
2059	-0.15
2060	-0.91
2061	-0.69
2062	-0.89
2063	-1.0
2064	-1.62
2065	0.33
2066	0.08
2067	-0.25
2068	-0.69
2069	-0.41
2070	-0.56
2071	-0.7
2072	-0.94
2073	-0.57
2074	-0.11
2075	0.27
2076	0.47
2077	0.4
2078	-0.04
2079	0.49
2080	0.12
2081	-0.27
2082	-0.5
2083	0.45
2084	1.31
2085	-0.21
2086	-0.6
2087	-1.23
2088	-1.22
2089	-1.43
2090	-2.24
2091	-1.75
2092	-0.41
2093	-0.75
2094	0.17
2095	0.17
2096	-0.67
2097	0.54
2098	-0.06
2099	-0.16
2100	1.47
2101	1.44
2102	1.21
2103	1.22
2104	1.26
2105	1.12
2106	0.58
2107	1.79
2108	0.77
2109	0.6
2110	-0.28
2111	-0.76
2112	-1.15
2113	-2.29
2114	-2.04
2115	-0.73
2116	0.22
2117	-0.32
2118	-0.77
2119	-1.03
2120	-0.59
2121	0.13
2122	0.27
2123	0.11
2124	0.15
2125	0.26
2126	0.22
2127	-0.83
2128	-0.87
2129	-0.08
2130	0.7
2131	-0.21
2132	0.76
2133	0.31
2134	0.04
2135	0.43
2136	0.59
2137	-0.13
2138	0.13
2139	-0.6
2140	-0.28
2141	0.95
2142	-0.67
2143	-1.74
2144	-1.74
2145	-0.69
2146	-0.13
2147	-0.11
2148	0.07
2149	-0.43
2150	-1.54
2151	-1.0
2152	-1.74
2153	-0.42
2154	-0.78
2155	-0.88
2156	0.21
2157	-0.4
2158	-1.11
2159	-1.34
2160	-0.69
2161	-1.48
2162	-1.37
2163	0.17
2164	0.47
2165	0.85
2166	0.75
2167	0.43
2168	0.15
2169	-0.54
2170	-1.5
2171	-1.04
2172	-1.06
2173	-0.98
2174	-0.78
2175	-0.55
2176	1.25
2177	1.43
2178	1.1
2179	-2.65
2180	-0.15407407407407409
2181	-0.26709923664122137
2182	0.26692307692307693
2183	0.41875
2184	-2.5896363636363637
2185	0.36111111111111116
2186	1.0913953488372095
2187	0.38616279069767445
2188	0.4043939393939394
2189	0.11777777777777779
2190	0.2915107913669065
2191	-2.563472222222222
2192	0.060819672131147536
2193	-0.018151260504201683
2194	-1.6385840707964603
2195	-0.2563157894736842
2196	-1.042638888888889
2197	-1.8281632653061224
2198	0.28253731343283583
2199	-1.4675581395348838
2200	0.6745348837209302
2201	-1.2262616822429904
2202	0.12421052631578948
2203	0.8246052631578947
2204	-0.04159999999999999
2205	-1.0463478260869565
2206	0.26491803278688525
2207	-1.5855072463768116
2208	0.9929268292682929
2209	0.4547826086956521
2210	0.24078431372549022
2211	0.0345
2212	-0.355
2213	-0.7908256880733945
2214	0.3344
2215	1.1574545454545455
2216	0.2861538461538462
2217	0.3406172839506173
2218	1.3194160583941605
2219	-0.31214285714285717
2220	-0.19644444444444445
2221	0.414
2222	0.5216339869281046
2223	0.07
2224	0.9741509433962263
2225	-1.4628571428571429
2226	-2.5852688172043012
2227	-0.8227272727272729
2228	0.8492857142857143
2229	-1.3965
2230	-0.6188679245283019
2231	-0.45234375000000004
2232	-0.4065853658536585
2233	-1.2666666666666668
2234	-0.2756
2235	-1.6567857142857143
2236	0.17360655737704916
2237	-0.9464444444444445
2238	-0.16142857142857145
2239	0.7291919191919192
2240	-0.02833333333333332
2241	-0.7663
2242	-1.2254494382022472
2243	0.052941176470588255
2244	1.3537837837837838
2245	0.04360248447204969
2246	0.2504878048780488
2247	1.3822105263157896
2248	0.49526881720430105
2249	-0.4034615384615385
2250	-0.7231147540983607
2251	-1.1196000000000002
2252	-0.4997297297297298
2253	-0.5619999999999999
2254	0.6365420560747663
2255	-0.6134426229508197
2256	-1.163333333333333
2257	-0.2701324503311258
2258	1.6311475409836065
2259	1.2300000000000002
2260	-2.5376923076923075
2261	0.37457142857142856
2262	1.1935294117647057
2263	0.5238157894736841
2264	1.765
2265	-0.05639999999999999
2266	0.7723157894736843
2267	-1.0243243243243243
2268	-0.1176969696969697
2269	-0.2576470588235294
2270	-0.4408955223880597
2271	-0.992888888888889
2272	0.615
2273	1.105681818181818
2274	-0.8125490196078431
2275	0.39
2276	-1.0371428571428571
2277	-0.374468085106383
2278	-0.9107547169811321
2279	-1.3878947368421053
2280	-1.6697727272727272
2281	0.14842105263157895
2282	0.19268292682926833
2283	0.6861061946902655
2284	-0.4430434782608696
2285	-0.7861111111111111
2286	0.40689075630252103
2287	0.17733333333333332
2288	-1.0269230769230768
2289	0.3366101694915254
2290	-0.41418604651162794
2291	0.8368181818181819
2292	-1.4035416666666667
2293	0.41307692307692306
2294	0.38118644067796614
2295	0.6160526315789474
2296	0.30082089552238805
2297	-0.35612244897959183
2298	0.014029850746268658
2299	0.2084057971014493
2300	-1.0291428571428571
2301	-0.7755140186915886
2302	-0.6778688524590163
2303	-0.0035714285714285618
2304	0.5439240506329114
2305	0.861578947368421
2306	0.21523809523809523
2307	-0.526036036036036
2308	-1.626910994764398
2309	0.14967741935483872
2310	-0.15888888888888889
2311	-0.9847183098591549
2312	-1.3264150943396227
2313	0.3112727272727273
2314	-0.34869230769230775
2315	-0.9057894736842105
2316	0.5725
2317	0.3545535714285715
2318	0.33242105263157895
2319	-0.8597894736842104
2320	0.7756521739130434
2321	-0.039166666666666634
2322	-0.5086138613861386
2323	-0.12819277108433735
2324	-0.6773770491803279
2325	-2.0826027397260276
2326	-1.2002142857142855
2327	-0.7485981308411215
2328	-0.653728813559322
2329	-0.6979439252336449
2330	0.2738461538461538
2331	-0.9157258064516127
2332	0.4127906976744186
2333	0.4490909090909091
2334	-0.09957894736842104
2335	-1.536923076923077
2336	-0.9411585365853656
2337	1.2793023255813956
2338	-1.5518702290076336
2339	-1.3054639175257734
2340	0.3881052631578948
2341	-1.6931843575418994
2342	2.3532
2343	-0.25105263157894736
2344	-1.60808
2345	0.3549618320610687
2346	-0.9115584415584416
2347	-0.6719469026548673
2348	0.4952564102564102
2349	1.9266666666666665
2350	-0.16221276595744683
2351	-0.6488888888888888
2352	0.12607142857142856
2353	-1.5642857142857143
2354	-1.6756779661016952
2355	-0.15677419354838712
2356	0.06422535211267605
2357	0.3
2358	0.020625000000000004
2359	-1.7939622641509432
2360	-1.0
2361	-0.631264367816092
2362	-1.3372916666666665
2363	0.2304761904761905
2364	-0.5876923076923076
2365	0.6902678571428572
2366	-1.6705306122448977
2367	0.7564516129032257
2368	-1.0538053097345133
2369	0.3809219858156028
2370	0.09064102564102565
2371	-1.1650588235294117
2372	0.2361607142857143
2373	-0.24705882352941178
2374	-0.1115873015873016
2375	0.4066666666666667
2376	-1.0345578231292516
2377	-1.033010752688172
2378	0.3946511627906977
2379	0.14327868852459016
2380	-0.35795918367346935
2381	0.24641975308641975
2382	-0.576865671641791
2383	-1.2609615384615387
2384	0.3475789473684211
2385	-0.22
2386	1.4196521739130434
2387	-1.6010185185185184
2388	-0.48481012658227846
2389	-1.147922077922078
2390	0.5435643564356436
2391	-0.548955223880597
2392	-0.012711864406779662
2393	-0.6705882352941177
2394	-0.7996347031963471
2395	-1.9173372781065088
2396	0.5196875
2397	0.1779245283018868
2398	-0.016666666666666663
2399	-0.11243636363636365
2400	-0.19230769230769232
2401	-0.6796842105263159
2402	-1.649034090909091
2403	0.42414965986394565
2404	0.06355263157894737
2405	-0.04767441860465116
2406	-0.6858823529411764
2407	0.33686274509803926
2408	0.16719101123595503
2409	-1.7327131782945735
2410	0.8602857142857143
2411	-1.0152631578947369
2412	0.21857142857142858
2413	0.05839080459770115
2414	-0.31363636363636366
2415	-1.0610273972602742
2416	-0.7832407407407408
2417	-0.6572222222222223
2418	-0.45666666666666667
2419	-1.0761797752808988
2420	0.4337735849056604
2421	-1.2685714285714285
2422	1.1348888888888888
2423	-0.4808333333333334
2424	0.00993710691823896
2425	0.8806315789473684
2426	0.6507894736842106
2427	-0.7051724137931036
2428	-1.7345132743362832
2429	-0.5947619047619047
2430	-0.14166666666666664
2431	-0.264020618556701
2432	-0.6627192982456142
2433	-0.023586206896551724
2434	-1.3541269841269838
2435	-1.6448407643312102
2436	-0.2880952380952381
2437	-1.383529411764706
2438	-0.16568181818181818
2439	0.7312500000000001
2440	0.9316666666666666
2441	0.35333333333333333
2442	-0.6220792079207921
2443	0.17452054794520547
2444	-0.08221238938053098
2445	-0.2809090909090909
2446	-0.26482758620689656
2447	0.3966666666666667
2448	-0.6447422680412371
2449	-0.36765624999999996
2450	0.5318840579710146
2451	-0.9685714285714284
2452	-0.8251234567901233
2453	-0.20206896551724135
2454	-1.0232258064516129
2455	0.3143636363636364
2456	-0.16230769230769232
2457	-0.7217985611510791
2458	-1.2510169491525425
2459	-0.7891666666666667
2460	-1.19508
2461	-0.63
2462	-0.08243243243243245
2463	-1.0552173913043479
2464	0.13523255813953486
2465	-0.5094736842105264
2466	-0.44209677419354837
2467	-1.9418274111675125
2468	0.5712048192771084
2469	-0.4085915492957747
2470	1.009718309859155
2471	-0.31
2472	-1.379850746268657
2473	-0.504
2474	-1.2847393364928912
2475	-0.25371681415929204
2476	0.23815217391304347
2477	-0.5819047619047618
2478	0.5421621621621622
2479	-0.3222935779816513
2480	-0.38311475409836065
2481	-0.33490566037735847
2482	0.058958333333333335
2483	0.023396226415094343
2484	-1.4151428571428573
2485	-0.9583333333333334
2486	-0.3667213114754098
2487	-0.49078260869565216
2488	-0.4807216494845361
2489	-0.47802197802197804
2490	-0.14627192982456136
2491	-0.6081132075471698
2492	0.16888888888888887
2493	0.05768000000000001
2494	-0.33466666666666667
2495	-1.965833333333333
2496	0.22185714285714286
2497	0.3641176470588235
2498	-0.15500000000000003
2499	-0.35078014184397166
2500	-1.2816312056737587
2501	-0.6075555555555555
2502	-1.9382608695652173
2503	-0.9198540145985401
2504	-2.33
2505	0.5158823529411766
2506	-1.5333918128654973
2507	-0.3076923076923077
2508	0.20189873417721518
2509	-0.48624999999999996
2510	0.042820512820512815
2511	-0.8624999999999999
2512	-0.10769999999999999
2513	-0.38923076923076927
2514	-0.09966666666666665
2515	0.15936708860759494
2516	-0.47428571428571425
2517	0.14814814814814814
2518	-0.8620652173913044
2519	-1.1036363636363637
2520	-1.9313725490196079
2521	0.1341176470588235
2522	-1.8843243243243246
2523	-1.5665734265734264
2524	-0.12012578616352203
2525	-2.0363636363636366
2526	0.18041666666666667
2527	-0.29631578947368425
2528	0.5627819548872182
2529	-0.6242647058823529
2530	0.2507692307692308
2531	0.24622950819672132
2532	-0.1175892857142857
2533	-0.21587155963302754
2534	-1.0483838383838382
2535	-0.6337662337662338
2536	-0.615595238095238
2537	-0.343015873015873
2538	-0.7482558139534883
2539	0.09625698324022343
2540	-0.019999999999999987
2541	0.08565217391304349
2542	0.4654545454545455
2543	-0.2876923076923077
2544	-1.14
2545	0.11305785123966941
2546	-0.012413793103448279
2547	0.08886363636363637
2548	0.2834883720930233
2549	-0.658134328358209
2550	-0.7661643835616438
2551	0.041421319796954334
2552	0.5332075471698113
2553	-0.20591666666666666
2554	-1.5333980582524271
2555	0.47336
2556	-0.32896000000000003
2557	0.1535483870967742
2558	-1.2236764705882355
2559	-0.2593617021276596
2560	-0.25409448818897634
2561	-0.5133333333333333
2562	0.020188679245283017
2563	0.1274829931972789
2564	0.3850442477876106
2565	-0.03893203883495147
2566	-0.72625
2567	0.09279069767441861
2568	0.4731818181818182
2569	0.47356164383561644
2570	0.4944029850746269
2571	-0.5863870967741937
2572	0.12360294117647061
2573	-1.7950632911392406
2574	-1.2346153846153847
2575	-0.36752212389380534
2576	0.7148076923076924
2577	-0.24175572519083968
2578	0.3212903225806452
2579	-0.11615384615384616
2580	0.23409836065573772
2581	-2.5694618834080716
2582	0.03367088607594937
2583	-0.9669306930693069
2584	0.5679069767441861
2585	-0.06543103448275862
2586	-0.33867924528301885
2587	0.656
2588	0.28860139860139855
2589	-1.0092417061611376
2590	0.5792307692307692
2591	-0.96375
2592	-0.10581081081081084
2593	-0.8164705882352941
2594	0.17897727272727265
2595	-1.0788709677419355
2596	-0.16153846153846155
2597	-0.3064596273291926
2598	-1.7210493827160493
2599	-0.6666964285714286
2600	-0.6791780821917808
2601	-0.7264646464646465
2602	-0.3951612903225806
2603	-0.1088842975206611
2604	-1.3864583333333333
2605	0.35375
2606	-0.3410126582278481
2607	-0.14211538461538462
2608	0.227
2609	-0.5426829268292683
2610	-2.397272727272727
2611	1.4523333333333335
2612	-0.11519230769230769
2613	0.5187272727272727
2614	-0.658953488372093
2615	0.014556962025316455
2616	-0.004210526315789437
2617	0.1531297709923664
2618	-0.4210096153846154
2619	-0.7787786259541984
2620	0.7394736842105264
2621	0.4864596273291925
2622	-0.7517441860465117
2623	0.6496363636363637
2624	0.6716666666666666
2625	0.973529411764706
2626	-0.7014285714285714
2627	-1.2998360655737704
2628	0.821590909090909
2629	-0.2240816326530612
2630	-0.7339805825242718
2631	-0.3921590909090909
2632	-0.3696923076923077
2633	-1.8638502673796793
2634	1.5944954128440367
2635	-0.017289719626168223
2636	-1.5325842696629215
2637	1.9145871559633028
2638	-0.24925619834710744
2639	0.29200000000000004
2640	0.09000000000000001
2641	0.9943298969072165
2642	-0.45701986754966883
2643	-1.471764705882353
2644	-0.7311764705882354
2645	0.9192452830188679
2646	1.0899367088607594
2647	-0.4917948717948718
2648	-0.5896428571428571
2649	-1.9136046511627907
2650	-0.4525925925925926
2651	0.2753846153846154
2652	1.1031764705882352
2653	-0.9123287671232878
2654	-0.9423076923076923
2655	-0.14576923076923076
2656	-0.4363114754098361
2657	-0.08011494252873562
2658	-0.9457364341085271
2659	-0.3495104895104895
2660	0.7273195876288661
2661	-0.5323076923076923
2662	-1.2270769230769232
2663	-0.1519318181818182
2664	-1.5339084507042255
2665	-0.44149999999999995
2666	-0.5633678756476684
2667	-0.25913669064748196
2668	-0.942
2669	0.7332704402515724
2670	0.8022222222222223
2671	-1.1723321554770318
2672	-0.788051948051948
2673	0.9371020408163265
2674	-0.7975806451612902
2675	-0.298448275862069
2676	0.8786813186813188
2677	-0.5340983606557377
2678	-0.8578260869565217
2679	0.43610778443113773
2680	-1.8199999999999998
2681	0.12916666666666668
2682	0.3802439024390244
2683	-1.464421052631579
2684	-1.4585526315789472
2685	-1.152089552238806
2686	-1.0173262032085562
2687	-1.1613934426229509
2688	0.042260273972602735
2689	-0.16449275362318844
2690	-0.27065040650406497
2691	-0.7431404958677685
2692	0.08041420118343197
2693	-2.23
2694	-1.1703370786516853
2695	-0.912
2696	-0.7533333333333333
2697	-0.4142857142857143
2698	-0.8750675675675675
2699	-0.14393442622950822
2700	0.5097297297297297
2701	-0.3806666666666667
2702	0.3097478991596639
2703	1.046875
2704	-0.74
2705	0.5793984962406015
2706	-0.5103809523809524
2707	0.46894736842105256
2708	-1.406084656084656
2709	-0.2717964071856287
2710	-1.7371910112359552
2711	-0.0006617647058823584
2712	1.5432142857142856
2713	0.4069127516778524
2714	0.2233035714285714
2715	-0.2910112359550562
2716	-0.12877906976744186
2717	0.5165665236051503
2718	-1.1046043165467625
2719	-0.7497183098591549
2720	-0.7832653061224489
2721	-0.2838755980861244
2722	0.5887142857142857
2723	-0.6640860215053763
2724	0.8528947368421052
2725	0.6055681818181818
2726	-1.2446153846153847
2727	0.6951612903225807
2728	0.07619718309859155
2729	-0.6147311827956989
2730	-0.947457627118644
2731	-1.529609756097561
2732	-0.07971428571428574
2733	-0.05989473684210528
2734	-0.1867441860465116
2735	-0.8195327102803738
2736	-0.34146666666666664
2737	-0.37664122137404576
2738	-0.2881699346405229
2739	0.004622641509433964
2740	0.865375
2741	0.043206106870229036
2742	-0.5156976744186046
2743	-1.0346753246753244
2744	0.8095744680851065
2745	-0.07761194029850745
2746	-0.6923595505617978
2747	-0.597029702970297
2748	-0.6458878504672897
2749	0.46213333333333334
2750	-1.2938372093023256
2751	0.524820143884892
2752	-0.662716049382716
2753	-0.5048148148148148
2754	-1.6833673469387755
2755	0.3064705882352941
2756	-0.9320879120879121
2757	0.4627737226277372
2758	-0.15705882352941175
2759	0.268359375
2760	-0.007857142857142854
2761	1.5459999999999998
2762	0.28574712643678163
2763	-0.847642857142857
2764	-0.13982248520710058
2765	-0.46666666666666673
2766	0.05215384615384616
2767	0.6322068965517242
2768	-1.5577551020408165
2769	-0.2937362637362637
2770	0.43999999999999995
2771	-0.27493150684931505
2772	-0.8698630136986302
2773	-0.8961224489795919
2774	-0.10664062499999999
2775	-1.0114207650273224
2776	0.4747272727272727
2777	0.38363636363636366
2778	-0.7560714285714286
2779	-0.31433476394849785
2780	-0.922
2781	-1.0422672064777327
2782	-0.3810144927536232
2783	-1.0934351145038168
2784	-0.39290322580645165
2785	-0.9256923076923076
2786	-2.156309012875537
2787	-0.7009638554216868
2788	-0.08670103092783506
2789	0.21466165413533833
2790	0.11578378378378379
2791	0.18595744680851065
2792	-1.90578431372549
2793	-0.7314414414414414
2794	0.009024390243902435
2795	-0.3217307692307693
2796	-0.4155855855855856
2797	-0.28331395348837213
2798	-0.16787401574803149
2799	0.12509433962264152
2800	-1.8123188405797102
2801	-0.9184615384615386
2802	-0.8988785046728971
2803	-1.6361832061068702
2804	0.779873417721519
2805	0.04920792079207918
2806	-0.9339999999999999
2807	0.42918781725888333
2808	0.4857142857142857
2809	-0.07640625000000001
2810	-0.6278260869565218
2811	0.39431818181818185
2812	0.3678947368421053
2813	-0.2481818181818182
2814	-0.08014285714285718
2815	0.4472781065088758
2816	-0.305521472392638
2817	-0.4586792452830189
2818	-0.4414285714285714
2819	0.5695734597156399
2820	-0.6666666666666666
2821	-0.3328260869565217
2822	0.08994082840236686
2823	-1.0456666666666667
2824	0.41215189873417724
2825	0.6240273037542663
2826	-0.04367521367521368
2827	-0.6339
2828	-0.03333333333333336
2829	-1.2342857142857144
2830	-0.07943722943722945
2831	-0.6225531914893616
2832	-0.11602150537634409
2833	-1.4823577235772356
2834	-0.753972602739726
2835	0.4092857142857143
2836	-1.057942857142857
2837	-0.5042857142857143
2838	-0.6959677419354838
2839	-0.805576923076923
2840	0.34614525139664803
2841	-1.2283809523809524
2842	1.294727272727273
2843	-0.6
2844	-1.5132258064516129
2845	-0.62
2846	-0.6649056603773585
2847	-0.30638888888888893
2848	-1.3159210526315788
2849	-2.3287230514096184
2850	0.3403448275862068
2851	0.35428571428571426
2852	0.5346464646464647
2853	-0.8542372881355932
2854	-1.0339583333333333
2855	-0.8811602209944752
2856	0.007272727272727243
2857	0.30949044585987256
2858	-0.9827027027027027
2859	-0.003693693693693707
2860	-0.6333884297520661
2861	0.012650602409638553
2862	0.8368421052631579
2863	-1.1425
2864	-0.6794865525672372
2865	-1.3012000000000001
2866	-0.8216831683168317
2867	-0.1692857142857143
2868	-0.18769230769230769
2869	-0.02586206896551724
2870	-0.4485542168674698
2871	0.6294594594594596
2872	-1.992991452991453
2873	0.391311475409836
2874	-0.17092857142857143
2875	-0.6721875
2876	-0.9427586206896552
2877	-1.4588135593220337
2878	0.11652777777777779
2879	-1.0213917525773195
2880	-0.5757731958762886
2881	-0.27404411764705877
2882	-0.29217948717948716
2883	0.441375
2884	-0.7103278688524591
2885	0.5280575539568345
2886	0.38476923076923075
2887	0.2528275862068966
2888	-0.881869918699187
2889	-0.08753694581280788
2890	-1.3138356164383562
2891	-0.2142608695652174
2892	-2.373333333333333
2893	-0.11411764705882356
2894	-0.8268354430379746
2895	-0.815
2896	0.0010857142857142866
2897	0.8758620689655172
2898	0.30181818181818176
2899	-1.0493333333333335
2900	-0.5918181818181818
2901	-0.02691588785046728
2902	0.4458333333333333
2903	-0.7888888888888889
2904	-0.7853493975903615
2905	-0.28620689655172415
2906	-0.25792592592592595
2907	0.4950406504065041
2908	-1.0042718446601941
2909	-0.29220588235294115
2910	1.0628712871287127
2911	-0.34877551020408165
2912	-1.44296875
2913	-1.111111111111111
2914	-0.4008333333333333
2915	-1.405408653846154
2916	0.8790909090909091
2917	-0.8559770114942529
2918	-1.4497186700767264
2919	-0.15282051282051284
2920	-0.2833009708737864
2921	0.1936842105263158
2922	0.04525179856115112
2923	-1.6606015037593986
2924	-0.7246428571428571
2925	-0.03978947368421054
2926	-1.0586666666666666
2927	-0.3364016736401673
2928	-0.7052525252525251
2929	-1.0192307692307692
2930	-1.2522929936305731
2931	-0.7686633663366336
2932	0.7117647058823531
2933	0.7169620253164556
2934	-0.04823045267489716
2935	0.5631428571428572
2936	-0.3624719101123595
2937	0.30957983193277305
2938	0.48208333333333336
2939	0.31762711864406784
2940	-0.30007968127490037
2941	-0.7502150537634408
2942	0.3211111111111111
2943	-0.1453932584269663
2944	-1.6216666666666666
2945	1.7935443037974683
2946	-0.9613207547169812
2947	-2.04873786407767
2948	-1.1716129032258065
2949	-0.49422222222222223
2950	-0.63275
2951	-1.3132394366197182
2952	0.9426168224299064
2953	0.06790849673202615
2954	0.5842857142857143
2955	-1.250142857142857
2956	0.6599999999999999
2957	-0.9104794520547944
2958	-0.44480769230769235
2959	-0.7315254237288135
2960	0.7700000000000001
2961	-0.42863636363636365
2962	-0.7033695652173914
2963	-1.2610999999999999
2964	0.5646363636363636
2965	0.008526315789473708
2966	-0.6213761467889909
2967	-0.34431372549019607
2968	-0.6254716981132077
2969	-1.2640823970037454
2970	-0.4836094674556212
2971	-0.22600000000000003
2972	0.35893805309734517
2973	-1.8526519337016574
2974	0.26458333333333334
2975	-0.48731481481481476
2976	-0.5914285714285714
2977	-0.850718954248366
2978	0.43651162790697673
2979	0.2391304347826087
2980	-0.7195934959349594
2981	-0.018974358974358976
2982	0.5987654320987654
2983	-0.2822222222222222
2984	-0.41975903614457827
2985	0.24354497354497356
2986	-0.1887309644670051
2987	0.9447580645161291
2988	-0.444672131147541
2989	-1.0178451178451178
2990	-0.9172222222222223
2991	-0.5348039215686274
2992	-0.7547636363636364
2993	0.33734104046242774
2994	-0.2752631578947368
2995	-1.0538235294117646
2996	1.4419753086419755
2997	-0.6757936507936508
2998	0.3724848484848485
2999	0.5151724137931034
3000	0.9081818181818182
3001	-0.8246296296296298
3002	-1.416818181818182
3003	0.6347027027027027
3004	-0.12301775147928996
3005	-0.34861386138613865
3006	-0.07947368421052632
3007	-0.6915172413793104
3008	-1.2116993464052286
3009	-1.423937007874016
3010	-0.5017241379310344
3011	-0.5672251308900523
3012	-2.1620996441281135
3013	-0.6801470588235294
3014	0.33636363636363636
3015	-0.8031
3016	-0.8982778864970645
3017	0.613103448275862
3018	-1.52375
3019	-0.8462500000000001
3020	-0.1153125
3021	-0.7757575757575758
3022	-1.1161333333333334
3023	0.5143795620437956
3024	0.006842105263157889
3025	-0.4004117647058823
3026	0.556375
3027	-0.345036496350365
3028	-0.17564102564102566
3029	-0.14476014760147604
3030	0.06608695652173913
3031	-0.13842105263157894
3032	-0.5302739726027398
3033	0.14981818181818182
3034	-0.11507462686567166
3035	-0.10296296296296295
3036	-0.041916666666666665
3037	0.4891875
3038	0.1418181818181818
3039	-0.23201754385964915
3040	-0.1295505617977528
3041	-0.8819565217391304
3042	-0.22199999999999998
3043	-1.1556557377049181
3044	-0.49203821656050956
3045	-0.562
3046	-0.17404255319148937
3047	-0.027605633802816904
3048	-0.807704280155642
3049	-0.6351515151515151
3050	-0.7984699453551913
3051	0.1461290322580645
3052	-0.41297872340425534
3053	-0.6099152542372881
3054	-0.14928571428571427
3055	1.9046875
3056	0.189
3057	0.7734013605442177
3058	-1.0498802395209579
3059	-0.4438157894736843
3060	-0.3937078651685394
3061	-0.2504109589041096
3062	-0.6906818181818183
3063	0.14767932489451477
3064	-0.013823529411764707
3065	-0.4184745762711864
3066	-1.7080263157894737
3067	0.14488372093023258
3068	1.4290604026845637
3069	-0.4020779220779221
3070	-0.8263975155279504
3071	-0.7077049180327869
3072	0.32280000000000003
3073	0.2430603448275862
3074	0.5175925925925926
3075	-0.45571428571428574
3076	0.4840697674418605
3077	0.20700000000000002
3078	-0.032967032967032975
3079	-0.2730344827586207
3080	0.33558139534883724
3081	-0.7891071428571428
3082	-0.12453781512605042
3083	-0.9722972972972973
3084	-1.6152153110047849
3085	-0.4115384615384616
3086	-0.9822689075630252
3087	-0.37515625
3088	0.26269230769230767
3089	-0.6467015706806282
3090	0.5939130434782609
3091	1.1913600000000002
3092	-1.3328
3093	-1.0981159420289857
3094	-0.5824590163934427
3095	-0.25965116279069766
3096	-0.16029850746268656
3097	0.17614973262032085
3098	-0.3331578947368421
3099	-0.15166007905138343
3100	0.2573846153846154
3101	0.304
3102	-0.41341968911917104
3103	-0.6253731343283583
3104	-1.0112727272727273
3105	0.6256626506024097
3106	-1.443298969072165
3107	0.20746575342465753
3108	-0.20906976744186043
3109	0.3029054054054054
3110	-1.3711038961038962
3111	-1.2928703703703703
3112	-1.2846017699115044
3113	-0.9610344827586207
3114	-0.40265625
3115	0.3014285714285714
3116	-1.436281407035176
3117	-1.4847297297297297
3118	0.00419354838709678
3119	-0.7350000000000001
3120	-0.42250000000000004
3121	-0.014083333333333314
3122	-0.6628865979381444
3123	-0.2610526315789473
3124	0.42684210526315786
3125	-0.4178823529411764
3126	-0.911904761904762
3127	0.8538931297709925
3128	-0.5461780104712042
3129	-0.23725000000000002
3130	-0.7137662337662338
3131	-0.3118253968253969
3132	0.6681751824817519
3133	0.39625
3134	-0.2461290322580645
3135	0.7000990099009902
3136	-0.7044230769230769
3137	-0.7506818181818182
3138	-0.6377310924369748
3139	-1.2117322834645667
3140	-0.8044505494505494
3141	0.25265306122448977
3142	0.8847899159663865
3143	-0.8412000000000001
3144	-1.065
3145	-0.45201183431952663
3146	0.7330985915492958
3147	-1.207179487179487
3148	0.039836065573770514
3149	-0.39129032258064517
3150	-0.6211926605504586
3151	-0.9436842105263158
3152	-0.7538823529411764
3153	-0.24842105263157893
3154	-1.2899636363636362
3155	-0.6269999999999999
3156	0.20926070038910505
3157	-0.3311811023622047
3158	-0.33
3159	0.2123076923076923
3160	-2.098181818181818
3161	-0.028136645962732947
3162	0.1953191489361702
3163	-0.6516666666666667
3164	-0.08557971014492755
3165	-0.2307446808510638
3166	-0.21459459459459454
3167	-0.6826582278481013
3168	0.3818840579710145
3169	0.3891145833333334
3170	1.6660377358490566
3171	-0.6642168674698795
3172	0.0027272727272727444
3173	-0.6263978494623655
3174	-1.2990763052208836
3175	0.6746976744186046
3176	-0.6989175257731959
3177	0.05585585585585588
3178	-0.456403162055336
3179	-0.5769230769230769
3180	-0.9504624277456648
3181	0.6688990825688075
3182	-0.22362962962962962
3183	-0.9044444444444444
3184	0.4297315436241611
3185	0.03412429378531076
3186	0.5480427046263345
3187	-1.2076923076923076
3188	1.44
3189	-1.0232558139534884
3190	-0.24601123595505614
3191	-0.15230769230769228
3192	-1.094101382488479
3193	-0.6145454545454546
3194	-1.3950678733031676
3195	-0.18723076923076923
3196	-1.000544217687075
3197	-0.642625
3198	-0.5517991631799163
3199	-0.10040201005025128
3200	-0.5407142857142857
3201	-0.8562916666666668
3202	-0.6510344827586207
3203	0.08503546099290782
3204	-0.2741772151898735
3205	-0.2208108108108108
3206	0.6669565217391304
3207	-0.5062148760330578
3208	-1.0568867924528302
3209	-0.3353526970954357
3210	-1.0456369426751593
3211	-0.246358024691358
3212	-0.04053435114503815
3213	-0.552
3214	-0.03006211180124223
3215	0.0794642857142857
3216	-0.3941142857142857
3217	-0.7068421052631579
3218	0.4603448275862069
3219	0.28148387096774197
3220	-2.3238461538461532
3221	-0.848478260869565
3222	0.4619736842105263
3223	0.27902912621359227
3224	-1.5063091482649842
3225	-1.306358024691358
3226	-1.7882183908045977
3227	-0.1800854700854701
3228	0.21444444444444444
3229	-0.7053465346534654
3230	-0.2799082568807339
3231	0.061737089201877926
3232	-1.465
3233	-0.6707692307692308
3234	-0.314390243902439
3235	-0.10487654320987655
3236	-1.0226356589147287
3237	0.05456310679611651
3238	1.2610687022900762
3239	-0.37200000000000005
3240	-0.11486486486486483
3241	0.6291692307692308
3242	-1.2276923076923076
3243	-0.7798773006134969
3244	0.4759514170040487
3245	0.39545454545454545
3246	-0.4508045977011494
3247	-0.7628368794326242
3248	-0.8838636363636364
3249	0.8714285714285716
3250	-1.267076923076923
3251	0.5241964285714286
3252	0.061542288557213914
3253	0.012042253521126766
3254	-0.5006944444444446
3255	-0.1085227272727273
3256	-0.5887121212121211
3257	-0.719620253164557
3258	-0.6699999999999999
3259	0.013835616438356148
3260	-0.5205882352941176
3261	-0.1888235294117647
3262	-0.04547619047619049
3263	0.02355029585798817
3264	-0.852548387096774
3265	-2.230882352941176
3266	0.2753846153846154
3267	-0.13178694158075605
3268	-0.062258064516129044
3269	1.4732954545454546
3270	0.20333333333333334
3271	-1.0708121827411168
3272	-0.8365714285714286
3273	-0.9872619047619049
3274	-0.7771940298507463
3275	0.17637209302325582
3276	-1.3862295081967213
3277	-1.6928253968253968
3278	-2.28066985645933
3279	0.08169491525423729
3280	-1.3019620253164559
3281	-0.9441176470588235
3282	-0.4794350282485876
3283	0.060611353711790404
3284	0.5252136752136752
3285	0.37367088607594934
3286	-1.4194642857142856
3287	0.06947368421052631
3288	-0.408
3289	-0.45416309012875533
3290	-1.4130434782608696
3291	-0.1653551912568306
3292	0.5688321167883212
3293	-0.046460481099656344
3294	0.2714423076923077
3295	-1.1509059233449477
3296	0.48715789473684223
3297	0.501484375
3298	-2.5038167938931295
3299	-0.8008965517241379
3300	-0.8654655870445344
3301	1.3378761061946902
3302	-0.37276381909547734
3303	0.1588888888888889
3304	-0.2481767955801105
3305	-0.6933834586466165
3306	0.6576447876447876
3307	-1.4075728155339804
3308	-0.6613382899628252
3309	-0.12052631578947368
3310	0.5030208333333334
3311	0.11523178807947024
3312	-0.3755752212389381
3313	0.5433333333333333
3314	-0.2505882352941176
3315	0.028150684931506895
3316	-0.3377669902912621
3317	1.7110666666666665
3318	-1.0011851851851852
3319	0.04037735849056605
3320	0.7859832635983265
3321	-0.2525581395348837
3322	-1.0525602409638555
3323	0.08753968253968253
3324	0.8094117647058824
3325	0.9295238095238095
3326	0.6607142857142857
3327	-0.7580152671755725
3328	-0.11047619047619049
3329	-0.017049180327868854
3330	1.4448920863309354
3331	-0.18223140495867765
3332	-0.3682078853046595
3333	-0.5106341463414635
3334	-0.34518181818181815
3335	0.2691121495327103
3336	-0.3109420289855072
3337	0.03517241379310345
3338	-0.3751076320939335
3339	-0.1557085020242915
3340	-1.1117169811320755
3341	-0.7556923076923078
3342	-0.14222222222222222
3343	0.3053932584269663
3344	-0.024117647058823532
3345	-0.4105714285714286
3346	0.6053333333333333
3347	-1.4994505494505492
3348	-0.4678378378378379
3349	0.06999999999999999
3350	-0.9827822580645161
3351	-0.24550000000000002
3352	1.1786065573770494
3353	-0.3007692307692308
3354	-0.2871527777777778
3355	-0.16233333333333336
3356	0.45129353233830843
3357	-0.9585786802030457
3358	0.4250710900473934
3359	-0.6776109215017065
3360	0.5988888888888888
3361	0.24467065868263474
3362	-1.758198198198198
3363	-1.1539317507418398
3364	-0.6315384615384616
3365	0.24270676691729323
3366	-0.1198507462686567
3367	0.11772916666666668
3368	-0.2884982935153584
3369	0.11510948905109489
3370	-0.8465217391304347
3371	-1.4288311688311688
3372	-0.0783908045977011
3373	-0.494547803617571
3374	-0.7605102040816327
3375	-0.6494495412844036
3376	-0.6974226804123712
3377	-1.096890380313199
3378	0.48163522012578613
3379	0.5781052631578948
3380	-0.46926829268292686
3381	-0.5086294416243655
3382	-0.5193617021276595
3383	-0.7960975609756098
3384	-0.7293782383419689
3385	0.3284615384615384
3386	-0.7262068965517241
3387	-0.08820338983050846
3388	-0.18321428571428575
3389	-0.9768595041322313
3390	-0.5119266055045871
3391	-0.21517587939698493
3392	-0.9176608187134502
3393	0.6302657807308971
3394	-0.8775000000000001
3395	-1.4100000000000001
3396	-0.3870338983050848
3397	-0.12539393939393942
3398	0.06592485549132951
3399	1.2067027027027026
3400	-0.1970980392156863
3401	-0.3922680412371134
3402	-0.31214285714285717
3403	-1.3190857142857142
3404	-0.6789754098360655
3405	-0.7132692307692308
3406	-0.07996515679442509
3407	-0.5955555555555556
3408	-0.9083076923076924
3409	1.01
3410	0.4769512195121952
3411	0.7917272727272727
3412	0.10624999999999996
3413	-0.8989041095890412
3414	-0.5989375
3415	-0.17453125000000003
3416	0.21500000000000002
3417	-0.41433526011560695
3418	0.4478455284552846
3419	-1.35125
3420	-0.9161616161616162
3421	-0.7581621621621621
3422	0.05924812030075187
3423	0.6809292035398231
3424	0.5263478260869565
3425	-0.6991091954022989
3426	-0.6391855203619909
3427	0.1994347826086956
3428	-0.8816161616161616
3429	-0.24285714285714288
3430	-0.9161658031088082
3431	-0.37271028037383175
3432	-0.4632901554404145
3433	0.2892519685039371
3434	-0.42820105820105825
3435	-0.8174678111587982
3436	-0.4456916996047431
3437	-1.5541538461538462
3438	-0.7297260273972603
3439	-0.3703886010362694
3440	-1.4580254777070063
3441	0.6005444126074498
3442	0.35594142259414224
3443	-1.0212
3444	-1.0697560975609754
3445	-0.3731177829099307
3446	-1.0518461538461539
3447	-2.307333333333333
3448	-0.1902941176470588
3449	0.5570854271356783
3450	-0.7193103448275863
3451	-0.06964705882352944
3452	-1.4902912621359223
3453	0.39436974789915974
3454	0.6921848739495798
3455	-1.1510204081632653
3456	-0.4882222222222222
3457	-0.18102325581395354
3458	0.10983870967741935
3459	-0.112972972972973
3460	0.29777173913043475
3461	-0.4814414414414414
3462	-0.8428915662650602
3463	-0.6340259740259742
3464	-0.2607142857142857
3465	0.7631818181818183
3466	-0.13344186046511627
3467	-1.1601153212520594
3468	-0.059711286089238855
3469	-0.39053191489361705
3470	-0.6451219512195121
3471	-0.17995283018867925
3472	0.6164795918367346
3473	-0.7296835443037974
3474	-0.3147872340425532
3475	0.46608294930875577
3476	-1.5026106194690265
3477	-0.0648214285714286
3478	-0.923103448275862
3479	-0.4213414634146342
3480	0.49563981042654026
3481	-0.2215671641791045
3482	-1.1663091482649843
3483	-1.1150314465408804
3484	-0.5338947368421052
3485	-0.3170796460176991
3486	-0.4021212121212121
3487	-0.464031007751938
3488	0.5916842105263158
3489	-0.04872037914691941
3490	-0.6691428571428572
3491	-0.3772670807453416
3492	0.93088
3493	0.6410236220472441
3494	0.2662773722627737
3495	-0.32640287769784176
3496	-0.7184397163120568
3497	-1.3800000000000001
3498	-0.729811320754717
3499	0.9466037735849057
3500	-2.1911564625850333
3501	-0.2682089552238806
3502	-0.6576870748299319
3503	-0.16949308755760362
3504	-0.6043575418994414
3505	-0.6925
3506	-0.24719999999999998
3507	-1.6594264705882353
3508	-0.043703703703703696
3509	0.5452340425531916
3510	-0.30331250000000004
3511	-1.0308653846153848
3512	1.7781362007168457
3513	0.24527472527472527
3514	0.02436213991769547
3515	-0.26650429799426933
3516	-0.6053937007874016
3517	-0.16473186119873817
3518	0.6466386554621848
3519	-0.5425
3520	-1.2034728033472804
3521	0.9701574803149607
3522	-1.4087804878048782
3523	-0.9668604651162791
3524	0.020877192982456164
3525	-0.3655607476635514
3526	-0.49174224343675416
3527	0.5514696485623004
3528	-0.32257142857142856
3529	0.03578163771712163
3530	-0.8972772277227723
3531	0.9758461538461539
3532	-0.7952906976744185
3533	-0.3771228070175438
3534	-0.25018348623853215
3535	-0.5050769230769231
3536	0.5674705882352941
3537	-0.12471518987341769
3538	-0.013869047619047673
3539	-0.441701030927835
3540	0.08484276729559752
3541	-1.2148235294117646
3542	-0.8786909090909091
3543	-1.5957458563535913
3544	0.4132075471698113
3545	0.2950122249388753
3546	-0.3331560283687943
3547	-0.08567430025445293
3548	-1.7302358490566039
3549	-1.974047619047619
3550	0.3820779220779221
3551	-0.6200943396226416
3552	-0.7993231441048035
3553	-0.8852453987730062
3554	-0.5197938144329897
3555	-2.2626067073170733
3556	-0.8978776978417267
3557	-0.9123762376237624
3558	0.44484210526315787
3559	-0.5397604790419162
3560	-0.26375000000000004
3561	1.0982978723404255
3562	0.26440298507462684
3563	-0.08684210526315791
3564	-0.5553240740740741
3565	0.5568000000000001
3566	0.7915730337078652
3567	-1.1097474167623422
3568	-0.6544277108433735
3569	0.24045283018867925
3570	0.33563106796116504
3571	-0.9970786516853933
3572	0.35184750733137826
3573	-0.22476415094339622
3574	-2.0504123711340205
3575	-0.4807738095238096
3576	-0.2916666666666667
3577	-0.9064676616915422
3578	0.19013215859030838
3579	-0.9298648648648649
3580	-0.45871794871794874
3581	-1.5938172043010752
3582	-0.5684210526315789
3583	-0.2279
3584	-1.7221167883211677
3585	-0.9571428571428572
3586	0.5256542056074767
3587	-0.23999999999999994
3588	0.5183870967741935
3589	-0.23807860262008734
3590	-0.18034920634920634
3591	0.45874015748031494
3592	-0.6391875
3593	-1.0028947368421053
3594	0.27
3595	-0.49350694444444443
3596	-0.7554625550660793
3597	-0.8381028938906754
3598	0.11613953488372092
3599	0.5233333333333333
3600	-0.3987031700288185
3601	0.8102631578947368
3602	-0.8762087912087912
3603	-0.18725190839694658
3604	-1.4382236842105265
3605	-0.6291139240506329
3606	-0.029107981220657282
3607	0.2424675324675325
3608	-0.8398529411764706
3609	-0.3629634464751958
3610	-1.6764401294498381
3611	-0.41174311926605506
3612	0.11130681818181819
3613	-0.55
3614	-0.5585294117647059
3615	0.3587755102040816
3616	-1.1527064220183487
3617	0.17608433734939757
3618	0.777983870967742
3619	0.11711743772241995
3620	-0.5702439024390245
3621	-1.3137037037037036
3622	0.5183842794759825
3623	-0.3286655948553055
3624	-0.19874999999999998
3625	0.19832635983263597
3626	-1.204026548672566
3627	-0.030719999999999997
3628	0.10765765765765764
3629	0.5334275618374558
3630	-1.1776061776061777
3631	-0.7385925925925926
3632	-0.5606642066420664
3633	-0.12827868852459015
3634	-1.5543781094527367
3635	-1.5599016393442622
3636	0.33478527607361963
3637	0.14197674418604653
3638	-0.28885245901639345
3639	-0.8335
3640	-0.8612084063047285
3641	0.21436997319034853
3642	-0.6330845771144279
3643	-0.39296666666666663
3644	-0.27006557377049184
3645	0.4327388535031847
3646	-0.5326829268292683
3647	-1.005344129554656
3648	-0.5177118644067796
3649	0.5257758620689655
3650	-0.003155339805825236
3651	-1.0188636363636365
3652	-0.08496124031007751
3653	0.04590909090909091
3654	0.05881773399014775
3655	0.7183448275862069
3656	-0.7920723684210526
3657	0.38678571428571423
3658	-0.08822085889570552
3659	0.20321138211382114
3660	-0.18330935251798558
3661	-0.905
3662	-1.2833480176211454
3663	0.3414880952380952
3664	0.5455645161290322
3665	0.78006993006993
3666	1.5898522167487685
3667	-1.1340808823529414
3668	-0.3878378378378378
3669	-2.2875294117647056
3670	0.3758575197889182
3671	-0.02315217391304347
3672	-0.4870053475935828
3673	-1.757264957264957
3674	-1.0938725490196077
3675	-0.3509952606635071
3676	-0.35538461538461547
3677	-0.0683333333333333
3678	0.6239440993788821
3679	0.2837451737451738
3680	-0.3999425287356323
3681	1.078617886178862
3682	-0.40128378378378377
3683	-0.5914968152866242
3684	-0.19601941747572818
3685	0.3888235294117647
3686	0.06035211267605634
3687	-0.8409734513274336
3688	-0.7735040983606557
3689	0.03890109890109891
3690	0.8429184549356223
3691	0.4296000000000001
3692	-0.32594871794871794
3693	-0.5581052631578948
3694	-0.34490250696378827
3695	-0.7953896103896103
3696	0.10729729729729733
3697	-0.22456140350877193
3698	-0.10587786259541983
3699	-1.1545585585585585
3700	-0.7068867924528301
3701	0.11649899396378269
3702	-0.004134615384615414
3703	-0.02666666666666667
3704	0.09170434782608697
3705	-0.27940265486725663
3706	-1.151066513761468
3707	-0.2720108695652174
3708	-0.4155333333333333
3709	-0.06104166666666666
3710	-0.5659259259259258
3711	-0.716822429906542
3712	-0.28134897360703814
3713	0.6144175824175826
3714	-0.4449508196721312
3715	-1.3968926553672316
3716	-0.8446601941747572
3717	0.5016085790884718
3718	0.13973799126637554
3719	0.09708609271523179
3720	0.49267094017094026
3721	-0.001437500000000025
3722	0.37431249999999994
3723	0.19894009216589867
3724	-0.1664069264069264
3725	-1.1360555555555556
3726	-0.17899159663865544
3727	-1.1219148936170211
3728	-0.4296330275229358
3729	-0.6092490118577074
3730	-0.20311764705882354
3731	0.010000000000000014
3732	-0.46399999999999997
3733	-0.70937106918239
3734	0.018278145695364234
3735	-0.41855203619909503
3736	0.7154391891891891
3737	0.12132768361581918
3738	-0.4820689655172414
3739	-0.2927272727272727
3740	0.08414285714285713
3741	0.15654320987654322
3742	-0.3825974025974026
3743	-0.6231756756756756
3744	-1.496220472440945
3745	-0.109410071942446
3746	0.5254054054054054
3747	-0.1943850267379679
3748	-0.7178893740902474
3749	0.0443859649122807
3750	-0.3693506493506493
3751	-0.27661870503597125
3752	-0.3548554913294798
3753	0.2997151898734177
3754	0.30384615384615377
3755	0.2087878787878788
3756	0.10657381615598888
3757	-0.33992348890589136
3758	-0.46733766233766233
3759	-1.194199134199134
3760	-0.8412765957446808
3761	-0.38318906605922554
3762	1.06609375
3763	-0.7136226415094339
3764	-0.4915628672150411
3765	-0.18210526315789474
3766	-0.8109104704097116
3767	-0.16437735849056603
3768	-0.34990543735224583
3769	-0.7450714285714286
3770	0.053704918032786896
3771	-1.3395882352941177
3772	-0.11999999999999998
3773	0.11112745098039219
3774	0.5852941176470589
3775	-0.942817589576547
3776	-0.3127777777777778
3777	0.08463917525773193
3778	0.21368191721132898
3779	-0.4512050078247261
3780	-0.2272329246935202
3781	-0.1603409090909091
3782	-0.9203846153846154
3783	-0.749756554307116
3784	-1.5902332361516036
3785	-1.5108040201005024
3786	0.09820512820512818
3787	-0.15992287917737788
3788	-0.035384615384615375
3789	-0.366405529953917
3790	0.4981451612903226
3791	-0.1481760435571688
3792	-1.1304330175913397
3793	0.7075061728395061
3794	-0.8631338028169013
3795	-0.6134412955465587
3796	-0.6942344045368621
3797	-1.0690594059405942
3798	-0.9214948453608246
3799	-0.24987261146496814
3800	0.2780487804878049
3801	-0.691923076923077
3802	-0.3544242424242425
3803	-0.29504545454545456
3804	0.1285714285714286
3805	-0.5161829652996845
3806	0.23898520084566602
3807	0.0740094339622641
3808	-0.21604166666666666
3809	-0.9980659840728101
3810	-1.027455357142857
3811	-1.1325
3812	-0.8935766423357663
3813	0.06479099678456592
3814	0.23511673151750972
3815	-0.44551401869158874
3816	-0.46027500000000005
3817	-0.852879746835443
3818	-0.27739910313901345
3819	0.5494542974079127
3820	0.10946107784431135
3821	-0.174235807860262
3822	-1.6774318658280922
3823	0.4102573529411765
3824	-0.5166887417218543
3825	1.4686192468619246
3826	-0.9335744680851064
3827	0.4123891273247497
3828	-0.08426229508196725
3829	-0.8419791666666667
3830	-0.9070466321243523
3831	-0.25019607843137254
3832	-2.126577266922095
3833	-0.8091105769230769
3834	-0.11354330708661416
3835	-0.4212222222222222
3836	0.7400510204081632
3837	0.03800738007380073
3838	0.5591777188328914
3839	0.06419141914191416
3840	-1.2756941649899396
3841	-0.6564341085271318
3842	-0.05163522012578615
3843	-0.14817777777777777
3844	0.3110986547085202
3845	0.09476190476190477
3846	-0.4190683229813664
3847	0.18970760233918127
3848	0.2508835341365461
3849	-0.5718473895582329
3850	-0.14642857142857144
3851	-0.5631292517006803
3852	1.0037640449438203
3853	-0.3717142857142857
3854	-0.5306280193236714
3855	-0.2835695538057743
3856	-0.4304250559284116
3857	-0.15436960276338513
3858	-0.3223529411764706
3859	-0.4402337023370234
3860	-0.3111194731890875
3861	-0.8289062500000001
3862	-0.242086513994911
3863	0.15446902654867256
3864	0.4576635514018692
3865	-0.456974025974026
3866	0.053964497041420145
3867	-0.6028988326848249
3868	0.15200000000000002
3869	-0.7246902654867257
3870	-0.8871841155234657
3871	-0.3050912408759124
3872	0.11741379310344828
3873	-0.025447154471544706
3874	0.3926589595375723
3875	0.16630514705882352
3876	0.38361702127659575
3877	-0.4151008064516129
3878	-0.09941605839416057
3879	-0.6143333333333334
3880	-0.31880000000000003
3881	-0.8527906976744186
3882	-0.8342960288808665
3883	-0.18578538102643855
3884	0.556609756097561
3885	-1.3227917981072554
3886	-1.4033528550512446
3887	-0.2800931677018634
3888	-0.26932489451476793
3889	-1.139174041297935
3890	1.0497816593886462
3891	-0.6647244094488188
3892	-1.1588803088803088
3893	-0.5099835255354201
3894	-1.2175360230547552
3895	-0.16375706214689265
3896	0.2864717348927876
3897	-0.8357758620689654
3898	-0.34896907216494844
3899	-0.04591397849462365
3900	-0.7651287128712871
3901	-0.230031746031746
3902	-0.6932023575638507
3903	1.0091891891891893
3904	-1.1306995884773663
3905	-0.7734959349593497
3906	-0.48412429378531074
3907	-0.9588235294117647
3908	-1.124295302013423
3909	-0.6620779220779222
3910	0.04511945392491467
3911	-0.2821264367816092
3912	-0.4246110484780158
3913	0.400390625
3914	-0.29392156862745095
3915	-0.36779578606158836
3916	0.047854077253218864
3917	-0.26338174273858916
3918	-0.8125212464589235
3919	-1.4999154929577465
3920	0.0771917808219178
3921	-0.9928187919463087
3922	-0.4975728155339806
3923	-0.6218343195266273
3924	-0.09717391304347829
3925	-0.5787146529562982
3926	-1.0351187904967603
3927	0.10932846715328469
3928	-0.11264150943396226
3929	-0.8556726457399103
3930	-0.4741340782122904
3931	-0.7963958060288335
3932	0.3227272727272727
3933	-0.3780094786729858
3934	-0.46571263035921207
3935	-1.2557940854326397
3936	0.19246153846153843
3937	-0.5648186528497409
3938	0.020418994413407807
3939	-0.4630474040632054
3940	-0.19194484760522496
3941	-1.0001304347826088
3942	-1.2515232722143865
3943	-0.18371980676328503
3944	-0.6302415458937197
3945	0.11263803680981599
3946	-0.6148994515539306
3947	-1.0677702702702703
3948	-0.3955518394648829
3949	-0.8726744186046512
3950	-0.3541552511415525
3951	-0.47624338624338625
3952	0.28755555555555556
3953	0.4072674418604651
3954	-0.7840687679083094
3955	-0.17594315245478034
3956	0.19182033096926715
3957	-0.5069427402862986
3958	-2.1609342039176296
3959	-0.4969278996865204
3960	-0.026762589928057547
3961	-0.886360294117647
3962	-0.546120612061206
3963	-0.2188963210702341
3964	-0.4867567567567568
3965	-0.8273175182481751
3966	0.007084639498432573
3967	-1.4539411283728536
3968	-0.3141098484848485
3969	-1.1242901878914404
3970	-0.24216016859852474
3971	0.47736245954692563
3972	-0.26984057971014497
3973	-0.6705670103092783
3974	0.7021559633027523
3975	-0.6680173661360347
3976	1.1559361393323657
3977	-0.986853725850966
3978	0.4757485029940119
3979	1.2747101449275362
3980	-0.20512048192771082
3981	-0.26743034055727555
3982	-0.9755555555555555
3983	0.07951923076923077
3984	-1.4287951807228914
3985	-0.9448181818181819
3986	0.059574468085106386
3987	-0.4407228915662651
3988	0.34263403263403275
3989	-0.15942028985507245
3990	0.04344339622641508
3991	-0.1694458438287154
3992	-0.43695817490494293
3993	-0.35151162790697676
3994	-0.8559408284023668
3995	-1.2497384987893463
3996	0.36416416416416425
3997	-1.0050765864332603
3998	-0.15145228215767634
3999	-1.0524688279301746
4000	-0.9858992805755397
4001	-0.6835253772290809
4002	-0.679904912836767
4003	-0.9757013945857261
4004	-1.4115230961298377
4005	0.5851651651651653
4006	0.39023041474654374
4007	-0.17201478743068394
4008	0.6572012578616353
4009	-0.6692264150943398
4010	-0.4265635738831615
4011	-0.6961568123393317
4012	-0.18040931545518699
4013	0.6329714285714286
4014	-0.18995288574793875
4015	0.5920658682634731
4016	0.015472127417519918
4017	-0.09243553008595988
4018	-0.2613434022257552
4019	-0.9515624999999999
4020	-0.5093111111111112
4021	-0.13340425531914893
4022	-0.46346666666666675
4023	-0.25759562841530054
4024	0.270184331797235
4025	-0.16953947368421057
4026	-0.32610894941634244
4027	0.5920567375886524
4028	-0.14004716981132073
4029	-0.28375000000000006
4030	-0.7929142011834319
4031	-0.2682236842105263
4032	-0.5316952054794521
4033	0.085995670995671
4034	-0.8891385767790263
4035	0.048372093023255874
4036	-0.13954356846473026
4037	-0.39330757341576505
4038	-0.8558481797056546
4039	-0.1615441176470588
4040	-0.6247457627118644
4041	-0.9934920634920633
4042	-0.36388630009319667
4043	-0.8212500000000001
4044	-0.05064992614475627
4045	-0.17235173824130878
4046	0.2709965635738832
4047	0.9760000000000001
4048	-0.3771551724137931
4049	0.15253799392097264
4050	-0.5035442073170731
4051	-0.26121739130434785
4052	-0.28512820512820514
4053	-0.2170418848167539
4054	-0.5486950732356858
4055	0.44078838174273854
4056	0.246183368869936
4057	0.2475212224108659
4058	-0.2913766730401529
4059	-0.002682926829268292
4060	-1.4022947761194027
4061	-2.157073290703394
4062	-0.28115843270868823
4063	-0.34486111111111106
4064	-0.7502312138728323
4065	0.12093555093555093
4066	-0.24260377358490567
4067	-0.28998777506112466
4068	0.6072715572715572
4069	0.025943204868154112
4070	-0.13695652173913045
4071	-0.9124456958970234
4072	-0.04860465116279073
4073	-0.7281428571428571
4074	-0.5658554873892296
4075	-0.732734693877551
4076	-0.48728070175438587
4077	-0.09456238361266295
4078	-0.8497280701754387
4079	0.8354230769230769
4080	-0.4323076923076924
4081	-0.8035743801652893
4082	-0.5785656565656565
4083	-1.0175899843505478
4084	-0.8088736263736265
4085	0.6480373831775701
4086	-1.0947530864197532
4087	1.6371165644171777
4088	-0.4594058154235145
4089	-0.04523465703971118
4090	-0.9514343434343433
4091	-0.5483150684931507
4092	0.6313232514177695
4093	0.050480225988700556
4094	1.118320610687023
4095	-0.7661093247588424
4096	0.025183887915936964
4097	-0.1058737419945105
4098	-1.049192751235585
4099	0.2084037558685446
4100	-0.962059171597633
4101	-1.101039182282794
4102	0.41595825426944977
4103	-0.49657223796034
4104	-0.38680345572354213
4105	-0.42499121265377854
4106	-0.6120534223706177
4107	-1.2526124401913876
4108	-0.5224167459562322
4109	0.28124242424242435
4110	0.11200883002207504
4111	0.1063030303030303
4112	-0.04936781609195402
4113	-0.3288578088578089
4114	-0.09778501628664499
4115	-0.26734883720930236
4116	-0.03719611021069694
4117	-0.40297266514806385
4118	-0.8284081346423564
4119	-0.591263282172373
4120	-0.7327878103837472
4121	-0.41006034482758624
4122	-0.7036489795918367
4123	0.0341706161137441
4124	-0.149718482252142
4125	-0.2511033274956217
4126	-0.32035308953341746
4127	-0.5863157894736842
4128	-1.1198015435501654
4129	0.24048780487804877
4130	-1.2153461538461536
4131	-0.49724288840262576
4132	-0.04081799591002045
4133	0.43444924406047514
4134	0.04674329501915711
4135	0.5618636363636363
4136	-0.8217624521072796
4137	-0.56
4138	-0.7179584352078241
4139	0.7056377551020409
4140	-0.4415268456375839
4141	-0.9033527357392317
4142	-0.3238191881918819
4143	-0.44086516853932584
4144	-0.6619620253164558
4145	-0.5028136463683053
4146	0.15319623971797885
4147	-0.034731428571428524
4148	0.02231083844580776
4149	-0.7500980392156863
4150	0.3583741935483872
4151	-0.6589228295819936
4152	-0.37938039215686276
4153	-0.056638418079096045
4154	0.2700340715502555
4155	-0.640430463576159
4156	-1.111430155210643
4157	-0.7265919282511211
4158	-0.5228708551483421
4159	-1.4802580645161292
4160	-0.9376712815051472
4161	-0.2996023278370514
4162	0.03854188210961739
4163	-0.77693359375
4164	-0.09197492163009402
4165	0.2243858520900322
4166	0.49401766004415015
4167	-1.1573428571428572
4168	-0.07680203045685277
4169	-0.4505717488789238
4170	0.05285353535353533
4171	-0.8301245901639345
4172	0.8525207296849087
4173	0.16881481481481483
4174	-0.10305963699222125
4175	0.17413793103448277
4176	-0.7329098360655738
4177	-0.538272
4178	-0.16560321715817694
4179	-0.26656028368794327
4180	-0.5462980392156862
4181	-0.14339686098654708
4182	-0.061053921568627476
4183	1.1700591715976332
4184	-0.2519692307692308
4185	-0.4089851485148515
4186	-0.6781602489303774
4187	-0.7640737749057619
4188	-0.25615193026151933
4189	-0.051270860077021835
4190	-0.9499282051282052
4191	-0.17918762088974857
4192	-1.0546453900709218
4193	-0.6079514717581544
4194	0.40857400722021664
4195	-0.25111902766135796
4196	-0.5882680901542111
4197	0.1636060100166945
4198	-0.26028325123152707
4199	-0.5011231393775372
4200	-0.24476038338658146
4201	-0.5565384615384614
4202	-0.5924716624685138
4203	-0.40088323353293415
4204	-0.36022136669874877
4205	-0.5261639091958445
4206	-0.5644896449704142
4207	0.027681660899653942
4208	-0.453370786516854
4209	-1.2368910021945867
4210	-0.20132111861137897
4211	-0.09003468780971256
4212	0.04577868852459019
4213	-0.5133364839319471
4214	-0.06828193832599119
4215	-1.9652604778691734
4216	-0.2553926701570681
4217	-0.06512555391432791
4218	0.021649122807017532
4219	0.2948714953271029
4220	-0.1896713615023474
4221	0.1488182299947006
4222	-0.5139448604492853
4223	0.13874371859296483
4224	-0.23577560975609757
4225	-0.40615537848605576
4226	0.3611952662721894
4227	-0.3626899563318777
4228	0.34544698544698543
4229	-0.4669541029207232
4230	-0.45860999732691804
4231	-0.47804834905660376
4232	-0.5739320388349514
4233	-0.10138592750533042
4234	-0.2698527607361963
4235	-0.6137940218999705
4236	-0.044215686274509836
4237	0.3103549571603428
4238	-0.05978557504873296
4239	-0.3225050505050505
4240	-0.9497799385875128
4241	0.015284658843980916
4242	0.3712704174228676
4243	-0.5355697674418605
4244	-0.7073742138364779
4245	-0.21654430379746833
4246	-0.3726486013986014
4247	-0.21859518348623855
4248	-1.0325970425138633
4249	0.8918880208333334
4250	-0.5396974422956956
4251	0.19044385026737967
4252	-1.5290652256351913
4253	0.23736134453781516
4254	-0.2751135331516803
4255	-0.6609865470852018
4256	0.28184848484848485
4257	-0.28832713754646844
4258	-0.5224079470198676
4259	-0.5954659685863873
4260	0.25362376237623757
4261	-0.4291482889733841
4262	-0.22111561866125765
4263	0.8695714285714286
4264	-0.7087083523505248
4265	-0.1259752321981424
4266	0.08441237113402061
4267	-0.5741414141414142
4268	-0.4491951426150806
4269	-0.25609442060085835
4270	-0.2507392363931762
4271	-0.0966332453825857
4272	-0.11134925758553907
4273	-0.5322279495990837
4274	-0.26375915080527085
4275	-0.15413394919168588
4276	0.8436505681818182
4277	0.22424135910954895
4278	-0.49707417582417585
4279	0.48364000000000007
4280	0.3734589800443459
4281	-0.5037392795883361
4282	0.053081471747700414
4283	-0.06641047659939889
4284	-0.4176942355889724
4285	0.37707116104868915
4286	-0.4278965922444183
4287	-0.1630518345952242
4288	-1.3399178403755867
4289	-0.7144902048085484
4290	0.14663677130044844
4291	-0.5550924583031183
4292	-0.018313253012048183
4293	-0.3116908713692946
4294	0.1922464698331194
4295	-0.10052434456928837
4296	-0.3347190082644628
4297	-0.011853638079261881
4298	0.06957142857142858
4299	0.05651883052527257
4300	-0.08122356495468279
4301	-0.396876050420168
4302	-0.3930092075892856
4303	-0.1130248190279214
4304	-0.386408952187182
4305	0.25270676691729327
4306	0.9313593380614658
4307	-0.22082795698924731
4308	0.8477429227237949
4309	0.01511145442507174
4310	-0.42779776674937964
4311	-0.474002765295541
4312	-0.9732376340366654
4313	-0.2927608655785805
4314	-0.10215634837355714
4315	-0.5777049180327869
4316	-0.23653506869125088
4317	-0.48180420397041657
4318	-0.33283815221003654
4319	0.340543909348442
4320	-0.6975572271226796
4321	-0.27318560380725754
4322	-0.03491041162227602
4323	-0.20239554317548739
4324	0.6433112582781457
4325	-0.40854863612969633
4326	0.09473895582329318
4327	-0.6635133281514333
4328	-0.355773148414571
4329	-0.5272617713004484
4330	-0.519344960953859
4331	-0.2270353373106929
4332	-0.5246512371769974
4333	-0.245238193548387
4334	-0.2689596324253363
4335	-0.5244731196365471
4336	-0.44362647379667947
4337	0.6181138716356107
4338	-0.4518058835244245
4339	-0.4516806836495618
4340	-0.45053789982515674
4341	-0.43734566870931585
4342	-0.43264853390561936
4343	0.4225380710659898
4344	0.42472882968601344
4345	-0.42869739966409903
4346	-0.4301663155063432
4347	-0.3690009675103772
