clusterID	value
0	7.429580035430712
1	7.034749725835555
2	7.653467536769494
3	7.343029385894245
4	7.454694577044046
5	7.378374113845895
6	7.391569995460703
7	7.315107540919206
8	7.509427716222806
9	8.006500575004301
10	7.8383657507354885
11	8.116656733673697
12	8.167457030333873
13	8.373415181768117
14	7.237553643229098
15	6.879790988488172
16	7.108980342343983
17	6.816674435499985
18	7.583926156162869
19	7.717014198957129
20	7.513845630118601
21	8.287620957013349
22	7.98106845270933
23	8.416290520098428
24	8.19012076227972
25	8.531574904115313
26	7.692240622238779
27	8.31446790693506
28	7.729423577280891
29	7.798617833532175
30	7.895687176846145
31	7.752693677568541
32	7.142718982600227
33	7.5782907026163295
34	7.440776224040814
35	7.068536717419539
36	7.31155797600993
37	7.455986365991969
38	6.846803270013547
39	7.028837494256722
40	7.447024577640915
41	7.813914217450928
42	8.184266794395109
43	7.933705364694721
44	7.695081996427248
45	7.907527781810576
46	7.705300449270574
47	8.38570547795396
48	7.937698807150471
49	7.756074586067632
50	7.984106206341153
51	8.330744422093026
52	7.546822055085118
53	7.583582287775895
54	7.8036598301553886
55	7.315452106617164
56	6.480606772670829
57	6.363085846488049
58	5.854094577181925
59	6.13622504925511
60	5.856101643912686
61	6.201565467017402
62	5.995043358288568
63	7.221069046520356
64	7.368545511796395
65	7.774887655634343
66	7.596605998159316
67	7.694483962741064
68	7.428693707573007
69	7.267170379420119
70	7.43445909934007
71	7.894755288739071
72	7.763419029635186
73	7.743347034282771
74	8.009773552291366
75	8.157776249093962
76	8.05430187189644
77	7.869677714628487
78	8.037255043324775
79	6.181362568527716
80	6.260609805868129
81	6.710649581934533
82	6.50697243606949
83	6.516906134170326
84	5.913773312443539
85	6.347508661894901
86	7.4175462293815
87	7.872819309743315
88	7.9432290600503235
89	7.5331233421823915
90	7.220613832210036
91	7.542736844504169
92	7.862804617336999
93	7.752058934327609
94	7.730376439679336
95	8.124238585528133
96	8.01290823776623
97	7.998556544043238
98	7.793017352165805
99	7.553801661632177
100	7.2338248447193365
101	6.90521766006862
102	7.384006006923145
103	7.155318982635622
104	7.423613808348312
105	7.81126367956376
106	7.799329335208749
107	8.17425742113956
108	7.736038442591294
109	7.140611155732935
110	6.740182947856031
111	6.7423635372166455
112	7.258093746134645
113	6.883454045259011
114	6.903118046885561
115	6.937901327191827
116	7.352381458541661
117	7.364620746131067
118	7.099858083080925
119	7.0814146902654915
120	7.100440175986692
121	7.326571223494714
122	6.4652748473735695
123	6.630254326951356
124	6.756132349099233
125	6.617975989704076
126	6.28238249984506
127	6.324084180577348
128	7.291004964239725
129	7.546831064191971
130	7.539510427251114
131	7.414968240139686
132	7.442610528144629
133	8.107912202180682
134	7.234769036518362
135	7.149100045426953
136	7.794189452617589
137	8.301920659116744
138	7.460231502648672
139	7.574356033079834
140	7.987945898392896
141	7.861035263335458
142	6.171369168160768
143	6.038245798121393
144	6.61831547671204
145	6.474720367463815
146	6.917224266064978
147	6.742360587825827
148	6.493687887436238
149	7.895455711905669
150	7.805341770739085
151	8.30195251277884
152	7.71469117575742
153	8.094775577333722
154	7.737251132854171
155	7.33306164185469
156	7.1961512500211535
157	6.935981965234131
158	7.535108772122186
159	7.5875589831148025
160	7.208427722305906
161	7.722294376524759
162	7.764046976444099
163	7.672506348425557
164	7.773023270886134
165	7.791849039924556
166	7.443098827177074
167	7.090264556408912
168	7.492291817319576
169	7.413407741709092
170	7.881933571856743
171	7.254134950778612
172	6.823625074871706
173	6.618833817271436
174	6.185070813414349
175	7.119369357691979
176	6.8672616503886665
177	6.490550066079341
178	6.518342674533904
179	7.360946406658151
180	7.352231419775896
181	7.584397733536129
182	7.131687002520017
183	7.841408633459114
184	7.831867377923819
185	7.88629637268504
186	7.9388549375377835
187	7.302444914113332
188	7.90587488695992
189	8.017956356525124
190	7.465985160197781
191	7.759130055053802
192	7.42409807955104
193	7.17558109762728
194	7.117368772857244
195	7.935563056405349
196	7.027657881851915
197	7.00874195477417
198	7.473868770206511
199	7.503254243061743
200	7.5898499031714035
201	6.7681286718975215
202	6.781628634063175
203	6.444558199082098
204	6.449781980083014
205	6.631741816035582
206	6.754939793857729
207	6.234178109483455
208	6.614412966535031
209	6.303092242792905
210	7.115023011552926
211	6.903929939847834
212	6.934288514403868
213	6.4655352283607055
214	6.978652123324591
215	7.431181373696059
216	7.6536975299754335
217	7.435580722554484
218	7.595976945452649
219	8.025418493758368
220	8.039637163104866
221	8.2053150048122
222	8.4067179964978
223	8.221416278591246
224	8.204124644996627
225	8.662378338478742
226	8.48535162409592
227	7.949938077980492
228	8.1129782609984
229	8.46191945604281
230	7.657701364263641
231	7.6301037245559655
232	7.519202367304387
233	7.350983448563602
234	7.494002957770907
235	7.429633298110701
236	7.231232876884514
237	7.403027797723812
238	7.24099944572694
239	7.549810712692577
240	7.24746978901184
241	8.027059288198537
242	7.208569256091748
243	7.173117238460804
244	7.694138862149281
245	7.346431995141926
246	6.850611023218596
247	7.520580388328543
248	6.870878946656543
249	7.026120805928297
250	6.376961566670421
251	6.170215319303377
252	6.477971581150843
253	6.822733255162625
254	6.966624232884472
255	7.99824892336782
256	7.04076723436927
257	7.056139962231874
258	7.025071009172061
259	6.998815071833149
260	6.57505488716529
261	7.288899465965991
262	7.162295959538251
263	7.169616488282038
264	7.087745117283513
265	7.466689246422636
266	7.512323493099588
267	7.787971715999096
268	8.85241644170213
269	7.943140061662561
270	8.48445889336167
271	8.590775320678244
272	8.42085167333765
273	8.540131033217966
274	8.142249186251377
275	7.5361790491390614
276	8.026604770800073
277	7.722244966822839
278	7.438790515366794
279	7.740728978943917
280	7.810899099807389
281	7.844731132476339
282	8.012935031581092
283	7.29895941721786
284	7.5037994084432995
285	7.5983204345397475
286	7.465878061759945
287	7.706926787949058
288	7.515932877957187
289	7.645186635459979
290	7.306731788400168
291	6.971843254173382
292	6.940094138480122
293	7.0553464784347275
294	6.800345182274469
295	6.983310433403812
296	6.844138318281281
297	6.808479023497046
298	6.764795580180879
299	6.267014339104018
300	5.977811186337152
301	6.022117698544936
302	6.580920412091338
303	6.774278069701536
304	7.204886725238493
305	7.246267607825425
306	6.949019491375976
307	7.267647779281776
308	6.594361754481978
309	7.126856016850397
310	7.528719353679074
311	7.056827054025069
312	7.505180583202646
313	7.776760005833271
314	7.973152102078697
315	7.797582091238823
316	8.190660683998132
317	7.569120723733458
318	8.39669398512515
319	7.733098238146789
320	7.40442252741726
321	7.3359186205870195
322	7.159595783995696
323	7.458711583117662
324	7.913531699917955
325	8.537438957291695
326	7.98120528920173
327	8.083072411178083
328	8.307424016862504
329	7.901648258828923
330	6.063008775381434
331	6.069355110870465
332	6.239764312344783
333	5.760113486390823
334	5.850255883324797
335	6.173410161319656
336	5.9679207909862075
337	6.652543867941819
338	7.415531948035084
339	7.57051114994916
340	6.964827444153247
341	7.269397281972829
342	7.710336979787566
343	8.157964549616521
344	7.302799743539679
345	7.575293599000552
346	7.208487473224135
347	7.549722453627223
348	7.211791346501222
349	6.901359255347641
350	6.373189776257394
351	6.90133878654731
352	6.413508671914913
353	6.655409443091409
354	6.279566842019429
355	6.8475115951301735
356	7.205431916428201
357	7.040225913313201
358	7.1146785141697695
359	7.57236045678716
360	7.426909232732754
361	7.979519820719461
362	6.549524778015666
363	6.864492997104044
364	6.948913621220342
365	6.871715905473082
366	6.177177532691667
367	6.115412328205553
368	6.107415858969624
369	7.1421450646465985
370	7.507169464609859
371	6.644870570159035
372	6.7972153135805335
373	6.653203619262264
374	7.46520852086403
375	7.387503848895719
376	7.720658897214609
377	7.814640559755791
378	7.677829232382104
379	8.100365541928634
380	8.172322357749525
381	7.6489707642704445
382	7.38884717611549
383	7.2209243733796304
384	7.621514501186359
385	7.8031143259810785
386	7.7612598969846
387	7.797248914738227
388	7.97970566993515
389	7.75523500776418
390	7.49643578624704
391	7.347424640510472
392	7.504454644703433
393	7.357712110953466
394	7.134977285271506
395	7.366728959873154
396	7.370088944345289
397	7.853703552700267
398	7.8129069754071825
399	8.018239688659337
400	7.279215849801685
401	7.140496053397529
402	7.6375423595695136
403	7.380147510853924
404	7.315522939700152
405	7.6026635137440985
406	6.982769819677066
407	7.873209264459539
408	8.20433652438509
409	7.934878439070548
410	8.14727735259155
411	7.686806295284667
412	7.361769014236925
413	6.619215222779073
414	7.103506002577262
415	8.072587306056903
416	8.257591288028937
417	7.9201252023199045
418	7.843793098704856
419	8.1715596679098
420	7.7633273498418
421	8.272299765278937
422	8.970130797157829
423	8.48897135744075
424	9.243963727780612
425	9.020625413859701
426	8.095706448336628
427	7.835990601346437
428	7.734097019129565
429	8.349545548412399
430	8.54140982407548
431	8.581526953883966
432	7.907827435824689
433	8.051848273104566
434	7.830361474158426
435	8.034448709443888
436	7.669740234230144
437	7.600213050674868
438	7.709594500372069
439	7.252241087140961
440	7.549780438074247
441	7.444105955349893
442	7.20994321758023
443	7.469938407449082
444	7.524024342766047
445	7.424907154267383
446	8.149192898811982
447	8.245887182550613
448	7.5735066907904205
449	7.7789547315131955
450	7.578803883500001
451	7.28057000238671
452	7.207734571361601
453	6.6891118050302785
454	7.154206076053313
455	7.8226349682122835
456	7.858314458799372
457	7.578009666391269
458	7.628236335745957
459	7.873038864894863
460	8.030488994012607
461	7.315723655238006
462	7.183234916852292
463	7.590759859198858
464	7.762344290040176
465	7.467764779004763
466	7.5706042238526
467	7.2474231366986945
468	7.063276948821953
469	7.225935595652256
470	7.222517643613914
471	7.533551353977458
472	6.943215926023427
473	6.458113518695207
474	6.06451901389245
475	6.917475847161184
476	7.0179207336939005
477	6.530545159190584
478	6.431650362708342
479	7.429828586052004
480	8.288339182794934
481	8.09204436672692
482	7.915128955921373
483	7.688116969087213
484	7.470536548596796
485	7.583779645030376
486	7.7720777515072506
487	7.272294371343474
488	7.478870752006794
489	7.266528155544254
490	7.407044203707282
491	7.506677922267259
492	6.91726990696462
493	6.9022974386637586
494	6.703284280289929
495	7.08856137917895
496	7.0487644490831265
497	8.590583574595694
498	8.29503483947521
499	8.695219160680631
500	8.392882682457717
501	7.927040575665048
502	7.871328426230036
503	8.112983135963507
504	7.98944181399683
505	6.906103662618179
506	6.672262844516988
507	7.016847890987563
508	7.825524228906003
509	6.217403560184851
510	6.619195137965356
511	6.010905691965072
512	5.816394690394141
513	6.427278364144989
514	6.490481598161811
515	6.153707980950234
516	6.310847217328214
517	6.402840365264024
518	7.034927493465373
519	7.159539497456496
520	6.6150766968615065
521	6.723412773151287
522	6.721213085732189
523	6.982881292353785
524	6.32199694790855
525	6.607363473017702
526	6.67323302749246
527	7.08196318500106
528	6.391911373167302
529	6.062475978725752
530	6.222032407903265
531	6.137019998885988
532	6.6180851270756005
533	6.203793078391833
534	6.02528636236274
535	7.185549808040998
536	7.416972029050722
537	7.46971936685658
538	7.8354505429132155
539	7.750574226782215
540	7.526424928277203
541	7.7679776580596185
542	7.652403068222075
543	7.308490853637339
544	6.960110806437827
545	7.02088346504007
546	7.019977755673117
547	7.807025042769934
548	7.028135697948523
549	7.760048597916114
550	8.151432152548743
551	8.23200189806986
552	8.228657680219706
553	8.433039346348487
554	8.099688471018785
555	8.291461295353033
556	7.872962823080023
557	7.720732291332071
558	7.833534950189435
559	8.106612181204536
560	8.257818648926538
561	7.890675164890465
562	7.847958757791255
563	7.8119373592483266
564	6.749234152017587
565	6.901994972849767
566	6.4546260460741856
567	6.629122305800013
568	6.7399059271566495
569	6.118984708612933
570	5.646936776316657
571	6.367059838967272
572	6.051921501548906
573	6.508413000213265
574	6.624622521933269
575	6.649472123261882
576	6.632812131150106
577	7.825596360399384
578	7.883405277358763
579	7.435150406335243
580	7.542555263028946
581	8.111254939339103
582	8.072309321802955
583	8.220876649545575
584	7.023062377319226
585	7.481477354505218
586	7.247590276490934
587	7.18456909059143
588	7.3726492888745145
589	7.88618354597461
590	7.383753217330213
591	7.743418389870335
592	8.157120280609263
593	7.88420085577138
594	7.780375267392142
595	7.391383329853747
596	7.677987602453516
597	8.162656137791176
598	7.769127831425595
599	7.84381368521114
600	8.128477308784479
601	7.847385072830049
602	7.737381013504981
603	8.158172556523526
604	8.369678032152443
605	7.719823797442817
606	8.419427805971807
607	7.792031197251527
608	8.0504344451745
609	8.167833755720288
610	7.991843763698208
611	7.916586876000576
612	8.241381714707323
613	8.627548237140433
614	8.660778219294965
615	7.900781649511737
616	8.327988700650021
617	8.499110478708953
618	7.732857572914927
619	8.334953804229652
620	8.160660849886815
621	8.046907914414101
622	8.561049886032391
623	7.726158498840296
624	7.571104070386741
625	7.136971907252677
626	7.02878983933997
627	6.6336481457662355
628	6.533181092025574
629	6.457133517472252
630	7.25744834841792
631	7.686511102067288
632	7.433404585420101
633	8.11035107514583
634	7.983003322267905
635	8.079889440456851
636	8.428453591084686
637	7.624047626739758
638	7.942290472574006
639	8.032056147916494
640	8.139810695471644
641	6.8441277663321145
642	6.883709893387472
643	7.621496906159572
644	7.8143562044833015
645	7.7267516758275345
646	8.276768983382102
647	8.515379087723112
648	9.156871323978947
649	8.282311343251541
650	7.6201803921826645
651	8.221910206281228
652	8.107448534006679
653	8.24737973040316
654	8.158289205064898
655	7.722765490871092
656	8.186750459645983
657	8.6552147423546
658	7.845889267946573
659	7.4706332314445305
660	7.025789368454566
661	7.010992759216343
662	7.107828070814242
663	7.179134678042056
664	7.118150792987473
665	8.499763618813265
666	8.018793161055822
667	7.7444515132040666
668	8.415927888328818
669	8.30498581045236
670	7.3936197446236935
671	7.0753079402117525
672	7.34539706534855
673	6.9331385552258595
674	6.9074232949137215
675	7.014194292050921
676	6.985976581343239
677	7.4860802354115865
678	7.746778076781268
679	8.796191912493402
680	9.15497034327787
681	8.315769340710986
682	8.71464626367664
683	9.079418187273896
684	8.770946730051488
685	9.017713481125707
686	7.95297735030326
687	8.584017690862963
688	8.84239699534755
689	8.33837815810162
690	9.321555102490809
691	7.8933092087997085
692	7.943315147582288
693	8.14382825908772
694	7.865161636456348
695	7.122303386946239
696	7.149575508508066
697	7.103828339904365
698	7.6213624944214935
699	6.907749043281311
700	7.065556331631187
701	6.47308767475238
702	6.640596962103759
703	7.144315766969988
704	6.713661045070751
705	6.378080824883609
706	6.430313499927247
707	6.851588449914221
708	7.328690685987891
709	7.660855575918156
710	7.668004824801487
711	8.272112346975304
712	8.65760650335598
713	6.277350085486115
714	6.93990538936448
715	6.774327854227504
716	6.810029592312224
717	6.8726040894154705
718	7.138070798754819
719	7.159318412710919
720	7.246652240350501
721	6.962024294853075
722	6.955396067262255
723	6.851792133387019
724	7.052533544510492
725	7.231631589529487
726	7.1301773484603554
727	6.990081905340603
728	7.494592538458365
729	7.482890419346563
730	6.66971379127693
731	6.740838794921118
732	6.693317743903954
733	7.096038013517275
734	6.568584692432507
735	7.204193776385507
736	6.463409986262216
737	7.607582388644937
738	7.957960168302677
739	8.663893910291687
740	8.359900211918472
741	8.048416047772442
742	7.984846599010913
743	7.644890045665835
744	7.661707444133831
745	7.574333079349041
746	7.37230317960025
747	7.212599445539727
748	6.593918467819064
749	6.7571467626013
750	7.085185484759775
751	7.0706128243068385
752	7.758486107076042
753	7.159640541266384
754	6.825942790349339
755	8.092852022183132
756	7.880684349471445
757	8.23378412088156
758	7.2227060662814075
759	8.024753811043498
760	7.587104986421863
761	7.83505521856127
762	8.163440352536945
763	8.262032188064035
764	7.559712946468415
765	7.754670327599269
766	7.531734275887098
767	7.2338394305552605
768	7.795856185025018
769	8.041492266465905
770	7.996833144483537
771	8.640271441461561
772	8.117644340081316
773	8.364495497182293
774	8.580353327113706
775	8.167552452005111
776	8.26637531884117
777	8.103014063290711
778	7.749158062321235
779	7.556036928064842
780	8.18450691276035
781	7.942520549543999
782	8.284747994896765
783	7.60440974927152
784	8.409907871911672
785	7.609023613931541
786	8.013237555856373
787	8.007199062293667
788	7.221829925677332
789	7.402343366719769
790	7.880852084452697
791	7.588482922982685
792	7.061828538110303
793	7.380628187084366
794	6.969994265588127
795	7.179425392297003
796	7.625503395300766
797	8.085699028072998
798	7.803479207122091
799	7.563175247742929
800	7.6244580953852035
801	7.783040964494565
802	8.049609234165992
803	8.052206845279777
804	7.738318642963129
805	8.131330053723259
806	8.448710155141478
807	8.80270638355543
808	8.10295297406734
809	7.599548121289143
810	7.186648651242285
811	7.527530976219308
812	7.076590094028429
813	6.544658614559891
814	6.6808871381011254
815	7.2028219951901225
816	7.619143583997444
817	7.3522522574401
818	7.744456406483492
819	7.159258489927371
820	7.216940246115404
821	7.299554662197715
822	7.237702438164536
823	7.556083865031088
824	7.176940054943602
825	7.180365891947279
826	8.048933023771724
827	8.208662384552925
828	8.077036594893045
829	7.649505025783915
830	7.4069916425749245
831	7.859361167849677
832	8.077539731516838
833	7.938545832013164
834	7.999575673507393
835	8.217699762082308
836	8.098440575199762
837	7.62726782943308
838	8.148266618982657
839	8.042635640567838
840	8.21291335988326
841	7.604044011795667
842	7.711529819005828
843	7.915209474790975
844	7.988408540920696
845	7.5830988063525115
846	7.578910222144506
847	7.338685270213504
848	7.766097973905168
849	8.178648645440283
850	7.762285090364285
851	7.72367353043191
852	7.912357596073999
853	8.397333159298698
854	7.6952539314246575
855	8.339821623843862
856	7.953909728626015
857	7.8244543928246655
858	7.7243675379432215
859	7.716033975249024
860	7.333215138493359
861	7.144273609961848
862	7.021264892786251
863	7.098347283006012
864	7.563041399291185
865	7.607071994314644
866	7.71279977671702
867	8.175000457966611
868	8.22378216532097
869	8.19387891819502
870	7.215018171157772
871	8.119555767367459
872	8.295233184286243
873	8.31713007951024
874	8.418901322245844
875	7.86700605703588
876	7.418570027389217
877	7.645352857082773
878	7.645149452015918
879	7.818712719943423
880	7.3017187690787395
881	6.7766958324883255
882	8.571802073978105
883	8.763089240086028
884	7.977348915043809
885	6.496933703795451
886	6.750509235467252
887	6.855834249944361
888	6.929628150916869
889	6.939244916286692
890	7.056304989089671
891	6.370899183676684
892	7.004162680412714
893	7.260329779883501
894	7.650468890794693
895	7.649427038223466
896	6.920957326284294
897	6.906474708890787
898	7.96165408612328
899	6.956759247828452
900	7.066494806626234
901	7.487524605614951
902	7.67635031212845
903	7.854064383555628
904	8.204243734603864
905	7.986459094226081
906	8.324906867873528
907	7.816647800935862
908	7.6284691567293095
909	7.220249699436025
910	7.746970241312939
911	7.6270739034483395
912	8.24661258030814
913	7.441080445972622
914	7.643846205433406
915	7.943974126087449
916	8.133116085338132
917	8.039806831821954
918	8.649098560991872
919	7.416406181664829
920	8.078192588792266
921	7.409145087293892
922	7.329102323428463
923	7.373705616176909
924	7.676809386222717
925	7.219580861964911
926	8.188997204591661
927	8.553832907285893
928	8.804447985562737
929	9.167481160565499
930	8.777164213471584
931	7.793103159612979
932	7.6994719895636266
933	6.923941984508523
934	6.8868498595095335
935	6.769962090991474
936	7.013634120228454
937	6.933598560961342
938	8.028182352179158
939	7.168482320244166
940	7.774332736866684
941	8.088830794869633
942	8.034262220751987
943	7.974449330598668
944	8.11917197613188
945	7.783777375525214
946	7.782013436279607
947	7.328589545696596
948	7.538614432384241
949	7.603243857972423
950	7.837359017204954
951	6.579701987113513
952	7.107467228235549
953	6.983461339245023
954	6.628047720715973
955	6.662110589899928
956	6.597857388895198
957	6.159453779791071
958	7.285000764281814
959	7.335769181863406
960	6.973626427285536
961	7.380987324549844
962	7.1130696360967525
963	7.8363540737813056
964	7.47234484829758
965	7.498914997788886
966	7.603548366152952
967	7.2504043603497
968	7.382612556978603
969	7.748597433941239
970	7.6813880344056455
971	7.670921335876249
972	8.065118433091424
973	8.231465084346995
974	8.373905034321176
975	8.323561476923278
976	8.39767744188681
977	8.12559316306814
978	8.005677375280918
979	7.9036640490064425
980	7.856193855729732
981	8.093776717870197
982	7.74318116670086
983	7.858569356579716
984	7.983588315186767
985	8.159855832151653
986	7.8422642314084205
987	8.625658748742232
988	8.526411690911491
989	7.887584193135753
990	7.850416249703671
991	7.83691308762336
992	7.425040654455961
993	7.131139244447391
994	7.23779217266074
995	6.937419745049657
996	7.407912951118387
997	7.472337643452898
998	8.551286967081998
999	7.662228109244544
1000	7.355142270089677
1001	7.343099875719609
1002	6.935529801646117
1003	6.57679517240253
1004	6.96512047975008
1005	7.060680079791839
1006	6.2327758453860955
1007	6.77556289854949
1008	7.148487456131079
1009	7.491753503677226
1010	7.991397729788428
1011	8.24382984182242
1012	7.898920437193064
1013	8.185860152373177
1014	7.9759550888488
1015	7.870909964828425
1016	7.603745634076349
1017	7.218367258743299
1018	7.361571299499721
1019	7.187050365370415
1020	7.028574744708823
1021	6.911878746865163
1022	6.758263170904375
1023	7.830145745681765
1024	7.275436948768299
1025	8.054757796961095
1026	7.741686793656574
1027	7.549360994144879
1028	8.033407421382304
1029	8.124206646399127
1030	8.234001700903706
1031	7.4873166564242455
1032	7.017142831845772
1033	7.3143727853407565
1034	7.461668180492849
1035	7.092922500412211
1036	7.243539654092299
1037	7.581011490777879
1038	8.89876970144308
1039	8.537675213452433
1040	8.007665254315324
1041	8.538834261932383
1042	8.087335397253309
1043	7.48311890378376
1044	7.341226902944637
1045	7.201080339267403
1046	7.731563987212252
1047	7.566690976421
1048	7.4224639192879405
1049	7.142539792009867
1050	7.286985635190236
1051	7.6721919845034225
1052	7.398326433223623
1053	7.534303907210443
1054	7.000624467598562
1055	6.966300233103937
1056	7.8694707143909515
1057	7.932031004500309
1058	7.797777842201774
1059	7.771322925404892
1060	8.048841528132026
1061	8.622123672959198
1062	8.335741099826706
1063	8.278546069417843
1064	8.321836410942709
1065	8.582108750413209
1066	7.903711836243652
1067	8.348030383856074
1068	8.188933089667719
1069	7.9436688413096395
1070	8.557581251770761
1071	8.069751120366927
1072	7.811134504182939
1073	8.208919265214014
1074	8.209156679567954
1075	8.18819046179313
1076	8.458011941310856
1077	8.898393741092068
1078	8.926869319548365
1079	8.355920653027914
1080	8.686602938345281
1081	7.790674525472462
1082	7.809371716247167
1083	7.731493084703206
1084	8.068403403698822
1085	7.423405693477017
1086	8.152544737526771
1087	7.934121294144537
1088	8.011908414494776
1089	7.663769511459947
1090	8.133104389759888
1091	8.738532219385712
1092	9.210709447939362
1093	9.00332893686242
1094	7.966766869165337
1095	8.506939436716769
1096	8.123851097947757
1097	8.5262121911625
1098	7.945609164884501
1099	8.0476022797153
1100	7.811419848787434
1101	7.985298269846706
1102	7.6561863808647574
1103	8.119751600465461
1104	8.032945729916538
1105	8.48776970920473
1106	8.037949508175751
1107	8.763799836166163
1108	8.67124833363128
1109	7.445893410654966
1110	6.5841445639842
1111	6.408344125880928
1112	6.2713800662808925
1113	6.217970909190543
1114	6.105877985921341
1115	5.714800559555082
1116	6.835837557866515
1117	6.765189640050696
1118	7.381773586483214
1119	6.854405052796341
1120	7.904975300252431
1121	8.589846004378273
1122	8.37393708604447
1123	7.841773915261497
1124	7.847551447240214
1125	8.151007466132906
1126	8.084400469028221
1127	8.244704571718072
1128	8.027003690240813
1129	7.533490507766691
1130	7.4379425206857155
1131	7.732542470852778
1132	6.9041564871806065
1133	6.7732606550016055
1134	7.057426440954173
1135	7.33315548210267
1136	7.522845047056858
1137	8.618851963800326
1138	7.66538030146662
1139	8.181868441646749
1140	7.939241649672925
1141	8.195452949643258
1142	8.828590230728684
1143	7.958542678997787
1144	7.567424908810649
1145	7.7600797291230315
1146	8.291851195019024
1147	7.76727624528045
1148	8.131070301002477
1149	7.716885606561269
1150	7.702924620848799
1151	7.81541736896604
1152	7.77622664793651
1153	7.791907619953467
1154	8.150266922386383
1155	8.194135986478859
1156	7.936673339769444
1157	8.142882516336485
1158	8.715637059556451
1159	8.798599784269365
1160	8.205587168510952
1161	7.973171445707145
1162	8.594334377126783
1163	7.470408234825664
1164	7.531840719343984
1165	8.29434269212079
1166	7.885812040991738
1167	7.825860715804614
1168	8.573724086077549
1169	8.235916040666838
1170	7.83077690543628
1171	8.346241784342096
1172	8.925931081121432
1173	8.508609024627871
1174	8.507287568831288
1175	8.90936924923123
1176	8.439306220144584
1177	8.215531405123244
1178	8.786624525452423
1179	9.220929455653826
1180	8.008853287355254
1181	8.421414359994671
1182	8.431754393339894
1183	8.226459509535301
1184	8.3869951818193
1185	8.939876128286985
1186	7.9809120076696916
1187	8.26955843362925
1188	8.479340501547616
1189	8.938725744137145
1190	8.09716183583762
1191	8.604898278502544
1192	8.802292841195285
1193	7.208409638025267
1194	8.314623936327358
1195	7.802120244962187
1196	8.086153670633912
1197	7.6523414668145975
1198	8.66396871446853
1199	8.03952247990711
1200	7.618768785840567
1201	7.498012951401277
1202	9.040216994901327
1203	7.681681962788799
1204	8.889343689245349
1205	7.802164826641959
1206	8.339646778782399
1207	7.549856843516422
1208	7.180400255893554
1209	6.994723260850755
1210	6.596527640495726
1211	7.13574724886848
1212	6.764179234330055
1213	6.942296996728285
1214	7.648403809685156
1215	7.321045179235912
1216	6.9919192382112705
1217	6.859856442083551
1218	6.460805178682618
1219	6.9660521508182605
1220	6.917576958360691
1221	6.989695126878463
1222	6.676609523759804
1223	5.87104884137748
1224	6.36222124928002
1225	7.200499558885085
1226	7.7737577873745565
1227	7.230050102667733
1228	8.111821111812496
1229	7.614776506676701
1230	8.147494132274439
1231	8.496156051703782
1232	8.512254514275842
1233	7.87140141147974
1234	8.623194230579882
1235	8.140112146916394
1236	8.12958077784881
1237	8.092201906830136
1238	8.926344078056701
1239	8.882949752730314
1240	8.826522623350625
1241	7.661610452195699
1242	7.933735410822587
1243	7.8280478836052705
1244	7.530509164292982
1245	7.4095111221690555
1246	7.603779429984673
1247	7.478304054598744
1248	8.638264051592765
1249	7.509248749361613
1250	8.468113021486737
1251	8.434157635533987
1252	7.749735422429536
1253	7.017830129374943
1254	7.104097001066233
1255	6.57022190198397
1256	7.071557374763435
1257	6.608314096269718
1258	7.011347967751556
1259	6.921904955167928
1260	6.963845817529559
1261	7.320441816320291
1262	8.289105157917653
1263	8.355920777816682
1264	8.386471443351375
1265	7.927384154032362
1266	7.074008106944511
1267	6.362697992343489
1268	6.250203169224932
1269	6.6182724297410465
1270	6.380532031936586
1271	6.279186825137147
1272	6.834648315182794
1273	8.40867279819533
1274	7.648400840293179
1275	8.4659840566488
1276	8.47629367340096
1277	8.671678335529915
1278	8.2090993556156
1279	8.252064964535947
1280	8.584246337114674
1281	7.530265372953309
1282	7.558267151837057
1283	8.574199536565347
1284	7.382171119791472
1285	8.171790552483106
1286	8.13617779148684
1287	8.008757497571239
1288	6.901837847848293
1289	7.421087610562331
1290	7.436121247915249
1291	7.700779170825088
1292	7.89426472807608
1293	8.131748528193015
1294	7.912303363446846
1295	7.715736593201665
1296	7.705385568576783
1297	8.167112788995695
1298	9.230326699115665
1299	9.182247820711652
1300	8.266912444378148
1301	8.21057068618023
1302	7.848851730185087
1303	8.25678362403909
1304	8.392522757421602
1305	6.591522045286064
1306	6.655425749379545
1307	7.575343842383328
1308	6.772342362871791
1309	8.65715995418903
1310	7.574789326747771
1311	7.178783183931343
1312	8.324011885643277
1313	7.777485285521529
1314	8.388551152441464
1315	8.398062922693503
1316	7.090593762999466
1317	7.615528450114601
1318	7.5091104545166925
1319	7.536882302652829
1320	9.892731656107552
1321	8.756799991064767
1322	8.357456267852438
1323	8.966529705571872
1324	8.469383506963002
1325	8.78089687946871
1326	8.59397571784101
1327	8.133149566748981
1328	8.065409684234654
1329	8.814225079049253
1330	9.522672930477363
1331	8.917132130881136
1332	8.128085384608605
1333	8.654141448860459
1334	8.915236546803593
1335	7.951052505837035
1336	8.50888572244613
1337	7.945288798162451
1338	8.092485881272864
1339	8.10950596685667
1340	7.230342242237729
1341	6.822060867169109
1342	6.24005106443938
1343	5.94949463927731
1344	6.268939180938822
1345	6.575383268875057
1346	6.58646522355696
1347	7.191809909665009
1348	6.496954402935443
1349	7.434589020290428
1350	7.55580220965453
1351	7.08050319034541
1352	8.715937141378939
1353	8.29110626820324
1354	8.601122427840004
1355	8.932620726844146
1356	9.279996301278313
1357	10.19767889589746
1358	8.93328479363836
1359	8.882542942157329
1360	8.93563230126571
1361	8.078976929426382
1362	7.352431801694918
1363	7.18345350236637
1364	7.848054885795869
1365	7.285473059691279
1366	7.19301084622177
1367	7.1128626453909565
1368	7.36714025063795
1369	7.427114065981158
1370	8.011691666019011
1371	7.584102181636545
1372	8.620226964292169
1373	8.53576987265007
1374	8.586672001246729
1375	8.450964879807254
1376	8.960423034610402
1377	8.929992371208339
1378	8.649640782900354
1379	8.81774555029743
1380	8.35593310530167
1381	8.187945658307642
1382	9.300865117121127
1383	8.036983379495503
1384	8.494942503440157
1385	8.305044961155314
1386	8.636823187948544
1387	8.169065283411182
1388	9.523896659069107
1389	8.495739426861956
1390	9.072423150165056
1391	8.007482863796723
1392	8.634436785185013
1393	8.89759963472782
1394	8.399742110969637
1395	8.643268810098158
1396	8.299418949349189
1397	9.059119399949893
1398	8.911400660154584
1399	9.247931969279701
1400	9.198688760467455
1401	8.623941639793337
1402	8.273242995904551
1403	8.685432706583612
1404	9.019306998215244
1405	7.227763297879848
1406	8.107207879587701
1407	8.260088009955593
1408	7.892766750114212
1409	7.6740361277709335
1410	7.244669955458315
1411	7.071495403336472
1412	9.128493740963133
1413	9.609225810340744
1414	8.940311182970007
1415	8.937296467577179
1416	8.191448671910209
1417	8.57316347860946
1418	7.75077956046605
1419	7.630564435874904
1420	7.644823209409742
1421	7.794145489115433
1422	7.330983622193609
1423	8.527101067952586
1424	8.42116199323751
1425	8.13513860899996
1426	8.4270487872115
1427	8.315675355965668
1428	9.133737525243765
1429	8.856969113884967
1430	8.767844112027493
1431	8.689968578027457
1432	7.912798543401228
1433	7.3296138328992555
1434	7.900307793675568
1435	7.566951753277666
1436	7.346346956795273
1437	7.669458528693631
1438	7.0841114615353025
1439	8.66731477204654
1440	8.092271393664902
1441	7.535160729456458
1442	8.466942891517128
1443	8.185039800152685
1444	8.947088902720058
1445	8.826557671434767
1446	9.046475718143604
1447	8.625466371059884
1448	8.566535102317914
1449	9.449951482540072
1450	8.388795623852934
1451	8.975730063936112
1452	8.196232299189237
1453	8.168711468460586
1454	8.694469750434202
1455	8.328257371719793
1456	8.022413416413448
1457	8.329838975105245
1458	9.70497152411915
1459	9.938679380099915
1460	8.83980462705327
1461	8.475059750473005
1462	8.553462626457511
1463	8.25517640951842
1464	7.522634313674666
1465	7.49995808284527
1466	6.83260311447523
1467	6.949133733543526
1468	7.524095170327346
1469	7.6804102634789
1470	6.978937037441272
1471	7.817710577009894
1472	8.771188095620882
1473	8.40546929980285
1474	8.256934702439585
1475	8.722138208734552
1476	8.301605161898276
1477	9.434749279576428
1478	8.7705402018711
1479	8.988774464308024
1480	8.39010092580312
1481	8.433165716161142
1482	8.951944813390549
1483	8.340014961059332
1484	8.356742537645264
1485	8.07480402616898
1486	8.45503977606678
1487	8.770251612956578
1488	8.546372829110187
1489	8.387599235108247
1490	8.89741434186721
1491	8.085853086722242
1492	8.454194318054096
1493	7.621245119901648
1494	8.208723124931396
1495	8.204161889542641
1496	7.844483064872861
1497	7.804822691553985
1498	7.973572007329886
1499	8.16631962449207
1500	7.430067102409309
1501	8.68983339397741
1502	8.876857798668764
1503	9.003602193385294
1504	8.002774457646527
1505	8.378935324106092
1506	8.844118567413759
1507	8.929973146125715
1508	8.632984695774457
1509	8.591574607473255
1510	8.9946153917449
1511	6.567667752011063
1512	6.406464233664392
1513	7.40130572369625
1514	7.399672656969255
1515	7.307703356531546
1516	7.122356935952521
1517	9.136364682892166
1518	8.79487362414896
1519	8.704892734301556
1520	8.843843489357367
1521	7.825025508995742
1522	7.891500675765991
1523	7.414945715165217
1524	6.988914140715762
1525	6.953406579889142
1526	7.132539359385437
1527	7.294347924773881
1528	9.729876796966721
1529	8.539915487591069
1530	9.047594469616785
1531	8.138370925426038
1532	7.857757243790877
1533	8.103926901421895
1534	7.584098391764993
1535	8.104176308776026
1536	8.131894736762908
1537	7.773264687406752
1538	7.286508514421165
1539	7.12033364040335
1540	7.767409628161587
1541	7.474359168745892
1542	7.00026993882696
1543	7.877520840162122
1544	7.346947941562821
1545	8.354205549547284
1546	8.453413666172162
1547	8.241869395468482
1548	8.278756221076558
1549	9.229951298316255
1550	7.545178288856009
1551	6.394177705098018
1552	7.385851182714129
1553	7.21382284025505
1554	7.990266739087911
1555	8.11718291732642
1556	8.943595805145232
1557	9.028321871099843
1558	9.019199654464959
1559	9.175897061452337
1560	8.334456364922122
1561	8.321289924430722
1562	8.573945636229022
1563	7.431840229390904
1564	7.666677342143595
1565	7.294919326168364
1566	7.688261920902548
1567	8.14201017263478
1568	8.11316362373402
1569	7.454099447724126
1570	8.219470309549163
1571	7.6900371934381395
1572	8.114594244013649
1573	8.785544206726444
1574	9.121110923883583
1575	8.198823772097938
1576	8.104777155885593
1577	8.342503038974103
1578	8.894757628642243
1579	9.17168771968684
1580	9.027764481407832
1581	8.807242493856513
1582	8.875761913544663
1583	8.85308606416513
1584	8.328686967250546
1585	8.63031643460251
1586	8.569910174570829
1587	9.234967678409516
1588	9.067555943848172
1589	8.052741147838308
1590	7.508535344268213
1591	7.58090691701668
1592	8.410309291200582
1593	7.659396256470027
1594	8.429124864653451
1595	7.284106602599669
1596	8.552218063720234
1597	8.045257093036513
1598	8.11537616204187
1599	8.383946533503703
1600	8.951817052513967
1601	8.917475829130447
1602	9.035279009822919
1603	8.181255284968804
1604	9.054014781639133
1605	8.458345068360053
1606	8.056214412060406
1607	8.433957680235169
1608	7.940193788646143
1609	8.62191486731333
1610	8.610873730287516
1611	8.611204257615261
1612	9.265984617306783
1613	8.741711927558423
1614	9.223517713736598
1615	8.461076341405436
1616	8.770869824402494
1617	8.4447941806429
1618	8.279939109791885
1619	8.16149972936817
1620	8.931261661279205
1621	8.659400062307142
1622	8.452256643935211
1623	8.242966302070215
1624	8.091718525688094
1625	9.417605583062052
1626	9.462351210185913
1627	9.112818972326385
1628	8.66347047317147
1629	9.201509774115346
1630	9.40527426201122
1631	9.038706649609018
1632	9.26577872498774
1633	9.338796859987553
1634	8.876033182354163
1635	8.143718551067055
1636	7.994295933668873
1637	8.012453581561715
1638	8.531087912020515
1639	7.584846942429158
1640	8.727942506277307
1641	9.095604620860144
1642	8.609772052068548
1643	9.191382022443483
1644	9.220899862586629
1645	9.407085122212397
1646	9.60481277246064
1647	9.068190277942893
1648	9.053466233517883
1649	8.36781153347743
1650	8.362788494046075
1651	8.264971690036969
1652	7.958185661634655
1653	7.808896914425702
1654	6.3294458621247465
1655	6.2978269564302565
1656	6.730076140373472
1657	7.096372198504752
1658	7.117953607821662
1659	8.064489823174021
1660	7.803906174085812
1661	10.304052615914653
1662	8.715855346038484
1663	8.885311702623891
1664	8.360421842422546
1665	8.15717741284833
1666	8.280814457160716
1667	8.717778120388255
1668	8.39547768039209
1669	8.163687459227944
1670	7.788958292689129
1671	8.605889336730055
1672	8.239637975518633
1673	8.05669050060625
1674	7.883262311635763
1675	9.10170318757729
1676	9.269209735118444
1677	9.158301480774862
1678	8.868322680690799
1679	9.17570307419719
1680	9.121827701994652
1681	8.809116110161126
1682	8.352475374018299
1683	7.509496002267081
1684	8.083218516963706
1685	7.618678218207813
1686	8.494813539372025
1687	7.4728177392126005
1688	8.851252431055956
1689	7.803728334643422
1690	8.722044740758227
1691	8.920124781671694
1692	8.474705646307633
1693	8.968425800676966
1694	7.789828192538042
1695	7.4692335175093
1696	8.512152928996338
1697	8.938592259201798
1698	9.065128292542507
1699	9.502351195421092
1700	9.231803786349008
1701	8.253169622450955
1702	8.680472546277796
1703	8.146929405185901
1704	8.450335928793072
1705	8.377408620831028
1706	7.851949278071237
1707	8.60872386557259
1708	6.924969465960486
1709	6.714962954823287
1710	7.739873050400266
1711	8.04066322262619
1712	7.34069445022849
1713	6.90096825573068
1714	7.941097753376529
1715	8.292372689508932
1716	8.887791231153571
1717	8.608440430964537
1718	8.147113230085191
1719	8.95887229067537
1720	9.11472694005715
1721	9.065935692178002
1722	8.638215063064923
1723	9.581054227884236
1724	9.351288281567076
1725	9.747218430188369
1726	9.405115370843816
1727	9.707668986617922
1728	9.688480880003773
1729	9.989061781843295
1730	9.414005609328676
1731	10.102192560120951
1732	8.846477488903421
1733	9.268207256855435
1734	9.246535233427995
1735	9.391290710189605
1736	8.893047665426
1737	9.067679176558284
1738	9.127760443927716
1739	10.14312232842239
1740	8.340296908205515
1741	8.986153329268664
1742	8.442187497852927
1743	9.65976198694704
1744	9.137840223801405
1745	9.879807922307245
1746	10.436698130144828
1747	9.658016716584878
1748	9.972763658036053
1749	9.43310976033071
1750	8.954502786051997
1751	9.4473370181368
1752	7.837851713284614
1753	8.137087918006978
1754	7.792405767585608
1755	7.920916904018916
1756	8.220746997641891
1757	8.113247394925004
1758	8.975557734329023
1759	8.616553398638295
1760	8.826864717040902
1761	9.641762928503535
1762	9.30239521767368
1763	9.672968441063478
1764	10.3508456466007
1765	11.00596060385542
1766	8.55392610581745
1767	7.885765495295351
1768	8.259221843305156
1769	7.965418946646221
1770	7.684260772703004
1771	7.647973758449416
1772	7.870305870812613
1773	7.061797079945462
1774	8.440251631952142
1775	9.50439298894661
1776	8.936358199347652
1777	9.488076062874661
1778	8.631514365099461
1779	10.034001034217232
1780	9.963424927183635
1781	10.93099918540909
1782	9.696246354279438
1783	9.650861689471174
1784	8.818046519600724
1785	9.302742174659743
1786	9.9803582326557
1787	8.748402122158147
1788	8.582914429866346
1789	10.265481153450176
1790	10.223818366842094
1791	9.220567784240146
1792	9.431125981041177
1793	8.935053221633696
1794	9.855003921012823
1795	9.48738864841868
1796	10.145785529165508
1797	9.646797411851246
1798	8.908895586177868
1799	9.724704134715294
1800	8.24827072254476
1801	8.365699391025185
1802	8.423810733248661
1803	8.18399162747222
1804	10.358874574188318
1805	10.022834665932074
1806	9.69327705030568
1807	10.493617494390671
1808	8.367505286767988
1809	8.974702950149512
1810	10.473839544657986
1811	8.596682177918781
1812	8.927736305724695
1813	9.911018255237972
1814	8.362153540468583
1815	7.966727090938692
1816	10.283916386838486
1817	8.84198181419244
1818	8.753928530503423
1819	8.976160308016956
1820	8.998663712028216
1821	9.510665964589641
1822	10.052625288677994
1823	10.010038807865604
1824	9.273754993356974
1825	9.015753284434027
1826	9.3664355487109
1827	10.208436224103755
1828	9.860350132698676
1829	9.904666366208426
1830	9.18348396421592
1831	9.584920932203842
1832	9.718814004690026
1833	9.768347905699388
1834	9.389911497982617
1835	8.754267283929355
1836	9.525879923413385
1837	8.957009014831396
1838	9.329791858266507
1839	9.077246076255244
1840	9.512331110808347
1841	9.786553902054171
1842	8.302816474523823
1843	8.474765056724408
1844	8.929247391447952
1845	8.26587045528419
1846	8.393466489354365
1847	9.896644090279752
1848	9.434941376714862
1849	9.101570092632496
1850	9.207683943255166
1851	9.320501592527288
1852	8.818299741611508
1853	9.093183963224822
1854	8.207185494425278
1855	8.802505886319508
1856	9.754015587097967
1857	9.225876390527208
1858	8.416786432671937
1859	8.701079764690837
1860	8.780881685940845
1861	9.12866689226805
1862	8.87522897747742
1863	10.066405826555714
1864	8.661990466128303
1865	10.475390798948872
1866	10.293226852383004
1867	11.897683232144638
1868	11.388680636148752
1869	10.338175640460506
1870	11.636159979969573
1871	9.984424787896494
1872	10.64536868177239
1873	10.368611416994897
1874	8.75834427405895
1875	9.292334815504143
1876	8.868962447205732
1877	10.180066680109178
1878	9.022507626029011
1879	9.882226116222391
1880	8.324870442878108
1881	10.893376669839604
1882	10.159419314269135
1883	9.138922118891497
1884	9.137336765610923
1885	11.334553653966381
1886	8.544676059979537
1887	8.745686948738431
1888	8.382103339557274
1889	9.449394669827146
1890	9.6016843544077
1891	8.719346717419496
1892	8.453492475820607
1893	9.084228605281623
1894	8.18686179899699
1895	9.627425359980469
1896	9.075140106140983
1897	10.127990691485147
1898	8.685619353430344
1899	8.90120882535549
1900	10.428151424251913
1901	10.675325422265372
1902	10.180935489626904
1903	10.349905834834555
1904	10.565234664913671
1905	10.593888749479236
1906	9.681387914234904
1907	9.523801780865195
1908	9.514037178609135
1909	8.878984546273276
1910	9.420649101155002
1911	9.882323826724411
1912	9.326001271372412
1913	9.918549633008084
1914	9.853997597830734
1915	11.590942040867887
1916	11.18322989487946
1917	10.110855690841753
1918	10.60844708451277
1919	10.61917302136819
1920	10.978102503909104
1921	10.193163076877699
1922	10.454687540605212
1923	10.782452507618569
1924	10.783126510190181
1925	11.527689458920976
1926	10.712266491798307
1927	9.139588850782468
1928	9.742975985199006
1929	9.175985607821884
1930	8.949119788054837
1931	9.210532206620062
1932	8.341571441334528
1933	8.160140169530344
1934	9.70241550989584
1935	9.61005872702545
1936	9.461611270737535
1937	9.05645490735855
1938	11.06084220378519
1939	10.831251634984673
1940	10.629820972537482
1941	10.286263245419912
1942	9.00470150306241
1943	9.362651156751348
1944	11.731887159320937
1945	9.35518929087487
1946	8.626056484175065
1947	10.344347239021948
1948	9.033056872840667
1949	9.247997168015644
1950	8.78071982854259
1951	8.718036749086803
1952	8.967691531891981
1953	9.061065087053755
1954	10.743345895483674
1955	10.683335812719406
1956	9.691638007840675
1957	13.121477768912763
1958	11.389726737809008
1959	9.710832612911286
1960	9.709803770752696
1961	9.109658028218917
1962	9.424207924492269
1963	9.595484658979611
1964	11.40251326868454
1965	12.48496360061795
1966	11.166414099948925
1967	13.089416501082699
1968	11.142773772468466
1969	12.581298878831925
1970	12.252420581882886
1971	11.266784236246263
1972	11.226646438747194
1973	12.43685898308378
1974	11.816525675436148
1975	12.087786470373143
1976	11.150521550382132
1977	12.858557751055903
1978	12.127971262498047
1979	13.690334367727838
1980	10.971017885171188
1981	10.73019932704631
1982	10.06259415692856
1983	11.456537506432712
1984	10.699882525735847
1985	11.66748467601259
1986	10.481445714486165
1987	10.837921221706257
1988	11.139879129378095
1989	11.601343856134603
1990	10.659088089806565
1991	10.49412277292074
1992	10.452633125234032
1993	10.660044083787499
1994	9.893624220189716
1995	11.0649224576181
1996	11.22135249467321
1997	9.832857227058534
1998	11.125254396460562
1999	11.636438472325125
2000	10.486222536810384
2001	12.24237762892431
2002	12.858557751055903
2003	10.251301759518203
2004	10.636086091282683
2005	9.621189860836571
2006	8.62796837080083
2007	10.074235974505953
2008	9.619144172915918
2009	10.32584455057113
2010	9.51121495111027
2011	10.6648939123518
2012	9.976890778756244
2013	9.274017095178209
2014	8.127745539491178
2015	8.84760544337028
2016	8.177485670441733
2017	8.8676949568071
2018	7.850397053474262
2019	8.658502269732509
2020	8.438106326563569
2021	9.213567042910858
2022	9.69704900362523
2023	9.531517813601875
2024	8.43356999655403
2025	8.794535753156739
2026	8.849438242803329
2027	9.957620026371485
2028	9.393088464220572
2029	9.707487154361004
2030	11.116731940021095
2031	9.845938580701208
2032	9.756985548446872
2033	9.571491222492192
2034	9.068568849430854
2035	9.869222070496795
2036	9.80209607221859
2037	10.860817611169066
2038	11.183972507384546
2039	10.511991342932372
2040	10.526642340672318
2041	9.79012211231955
2042	9.665509713151234
2043	10.017563090949771
2044	10.173834968965064
2045	11.102887646212704
2046	13.034269744952006
2047	10.164441428216438
2048	10.462661791082159
2049	10.809293904042093
2050	12.858557751055903
2051	12.256046086475026
2052	12.339940245911405
2053	9.747330209135335
2054	9.35359311548015
2055	9.934401903066156
2056	10.139111677665609
2057	10.756771157842572
2058	11.939817992201197
2059	9.26773300680482
2060	10.617773663086513
2061	10.395081988178603
2062	10.691027087057401
2063	10.628282313776527
2064	9.478010008646727
2065	7.754235023669358
2066	9.071017168613524
2067	9.870416144799396
2068	9.062831709798603
2069	10.18030569459625
2070	10.150400879722199
2071	9.658158869174464
2072	9.453961630481762
2073	11.012082311268186
2074	10.028205424117173
2075	10.129581189755068
2076	9.113337125552714
2077	9.954150291022568
2078	9.145842929117263
2079	11.543733889024086
2080	9.948449489844531
2081	11.617212779507675
2082	10.561104298432738
2083	12.190640068504457
2084	10.908600979961843
2085	11.569941041906052
2086	10.222807958394798
2087	10.077773272055179
2088	9.984994089641187
2089	11.246521886611571
2090	12.089317461848212
2091	11.029156567811693
2092	12.42833058835282
2093	13.967593239951816
2094	9.950927620274
2095	10.189039301357242
2096	10.00137502857651
2097	10.22570836206851
2098	9.50196206689435
2099	9.123215316404556
2100	9.449657859366885
2101	8.661498088657412
2102	9.535280984100064
2103	10.611596530337291
2104	13.63621904681807
2105	10.939718952966713
2106	10.365197106859759
2107	12.16353474628621
2108	10.874778904393237
2109	10.31876364075411
2110	11.029156567811693
2111	13.178110781177896
2112	12.212609778613261
2113	10.639913036469856
2114	11.400111156093717
2115	11.420441572259037
2116	13.067857008561722
2117	12.410651830201816
2118	12.026781134383969
2119	12.963207379808813
2120	11.024357469081927
2121	12.110073504205413
2122	12.34112256439206
2123	11.749704496855387
2124	11.709628937691207
2125	9.737614776500887
2126	11.88106479628668
2127	11.791816420058007
2128	11.791816420058007
2129	10.621181968055309
2130	10.610513118555255
2131	10.488215005180479
2132	10.969349292334684
2133	10.72878242856749
2134	11.099107203905433
2135	13.622374753009678
2136	14.190736791266026
2137	12.026781134383969
2138	11.246521886611573
2139	10.856708177674092
2140	10.6251971300789
2141	10.912716280069555
2142	11.472263389936012
2143	12.521497499198997
2144	11.549230448364366
2145	13.25431054584118
2146	13.30842586675095
2147	11.608594842555888
2148	12.026781134383969
2149	10.912879202530682
2150	12.761108761562738
2151	12.963207379808813
2152	10.249275874970504
2153	13.967593239951816
2154	11.18630358649681
2155	10.084576985934682
2156	12.530059701376091
2157	12.24237762892431
2158	11.89354553308128
2159	9.25928396757508
2160	11.472263389936012
2161	12.408689635360856
2162	9.708692163670301
2163	10.676815947846357
2164	12.485401565025326
2165	11.46898415420058
2166	12.530059701376091
2167	11.550620717692693
2168	12.341122564392062
2169	11.667154178492357
2170	10.999092500639598
2171	11.51865543666874
2172	12.089317461848214
2173	11.939817992201199
2174	13.24046625203279
2175	11.462022424403608
2176	13.41307549550386
2177	12.242377628924311
2178	13.276855716645645
2179	6.919947427894795
2180	10.158556699984869
2181	8.61559783612026
2182	9.160663706439124
2183	8.250180815899645
2184	6.453700948393811
2185	8.265321148091356
2186	7.024963759651597
2187	6.9828139231018564
2188	7.342199562000532
2189	7.396200281077808
2190	7.023031944665341
2191	6.390144007129494
2192	7.546613173347447
2193	7.088947410603551
2194	7.395697226618072
2195	7.802395595293764
2196	6.905056749935387
2197	6.6471063084096835
2198	7.646756169741849
2199	7.324399625565487
2200	7.668602123529842
2201	7.1336671420279245
2202	7.427630694263534
2203	7.118909088769122
2204	8.056255093625314
2205	6.605175049357618
2206	7.611469953128903
2207	7.429613065910893
2208	7.371349191500807
2209	6.798483200269384
2210	7.43059050650473
2211	7.387019348705794
2212	6.9139156617127036
2213	6.934787144983622
2214	8.18007313972383
2215	7.727612538965474
2216	7.444223469895338
2217	7.576042655965756
2218	7.446422942264277
2219	7.248733830668325
2220	8.886423724659931
2221	7.134872816079824
2222	6.989312544440459
2223	5.620903493042869
2224	6.746999795388632
2225	6.682668291610414
2226	6.050701763794744
2227	6.864503585134498
2228	7.870756683827954
2229	6.993200094800226
2230	7.286236567952105
2231	7.565340653132709
2232	5.391651654122759
2233	7.512849808439906
2234	7.552917031358778
2235	6.443609789968683
2236	7.255432448924614
2237	6.841188664737478
2238	6.823716484317153
2239	7.247550928395887
2240	7.773336995707796
2241	6.670528638751648
2242	6.223250199439718
2243	6.394939196533061
2244	7.6770724318833325
2245	6.349354545958398
2246	5.9088037343332065
2247	7.13307228857852
2248	7.1429195463545225
2249	8.782252759731463
2250	6.4307734944883705
2251	8.047308884884313
2252	7.225817488017478
2253	7.185634287423108
2254	6.903064501319508
2255	7.337056251250294
2256	6.878555797782704
2257	8.024194499871943
2258	7.441050265754018
2259	8.062136587449032
2260	6.947556831017179
2261	8.313699374100425
2262	7.30752511166442
2263	7.033193634653614
2264	8.914509558445806
2265	6.311530392213755
2266	7.330099723654584
2267	6.93188861961407
2268	6.49315991594062
2269	6.803282082202738
2270	7.5944723215199925
2271	6.3690343344027465
2272	7.200150631506981
2273	6.849630361353318
2274	7.113327274140046
2275	7.036710347459166
2276	6.610297792864216
2277	6.991097019087194
2278	6.485558951000057
2279	6.419636419793342
2280	7.209611370646191
2281	7.577946655897999
2282	6.858895573866949
2283	7.474612335730471
2284	6.352099416440047
2285	6.842253183789762
2286	6.418972398459088
2287	7.277569454339531
2288	6.549765427359377
2289	7.494358914956484
2290	6.552091137041799
2291	7.2666316915917335
2292	7.5679490247956736
2293	6.674489605964609
2294	7.028219410573245
2295	7.462319004933031
2296	6.668687242171494
2297	7.083341126027665
2298	7.472328372018332
2299	7.924735510694183
2300	6.241510084565741
2301	6.870017274480833
2302	6.615313373679702
2303	7.021012383105867
2304	7.3741312401845756
2305	7.940514480968244
2306	6.569120337114843
2307	6.834476494478759
2308	6.192443773923085
2309	5.9681736249159085
2310	7.133836736954548
2311	6.438852990729238
2312	7.206776893694839
2313	7.247704075557847
2314	6.516597201368777
2315	5.561021191802837
2316	7.116315696343317
2317	6.774798915644317
2318	7.070078429633199
2319	6.526109552461739
2320	6.952808720492179
2321	7.228958623753297
2322	6.699823146501755
2323	6.666320591410369
2324	7.150977852938247
2325	6.399294355636293
2326	6.708889458979037
2327	7.000323901826421
2328	7.90667142763912
2329	6.926326338514148
2330	6.863697993779633
2331	6.167612781869771
2332	6.8799658789051445
2333	8.114118548170868
2334	6.931425819414503
2335	6.898545768526667
2336	5.78853698348828
2337	7.132691180495891
2338	5.724233366092147
2339	6.537823906790474
2340	6.881431841834052
2341	5.992956633123859
2342	7.881191254219482
2343	7.401870057187496
2344	6.700354086040349
2345	6.341073814334188
2346	6.885941944459173
2347	6.49591613259029
2348	6.7417147719326245
2349	7.033092857759129
2350	6.240667665882875
2351	6.902807563981229
2352	6.73945565684946
2353	6.843623128582852
2354	6.0014063327817
2355	6.7210338245470105
2356	6.617472344162525
2357	7.848215174684456
2358	7.318756310167782
2359	6.2536901441126105
2360	6.279170202960627
2361	6.25908415625162
2362	6.847171503031467
2363	8.693329910997853
2364	6.613299006004043
2365	6.278554757642765
2366	6.160440215168186
2367	7.36049282520514
2368	6.945766359089732
2369	6.543302671960117
2370	6.676073186891822
2371	6.753384804628873
2372	6.419958751094401
2373	7.743676997151149
2374	7.375837672172343
2375	7.236404489280992
2376	6.452306668202903
2377	6.394389203769751
2378	7.835642256958835
2379	7.0329803489258165
2380	6.769001961513238
2381	7.106251127438886
2382	7.402378736142973
2383	6.803954242368987
2384	7.090798401972774
2385	7.287863749873489
2386	6.713548531110084
2387	6.442010980259582
2388	7.219019954319181
2389	6.6992538071582155
2390	5.775435536138387
2391	6.771012107717951
2392	7.39745517693968
2393	6.943345937654033
2394	6.25154604665301
2395	5.851072604985127
2396	6.945234700308153
2397	6.975791592947306
2398	6.895714566476771
2399	5.965001098565464
2400	7.007514255321271
2401	6.107726465553926
2402	6.119390359106178
2403	6.792938823835836
2404	6.498694477474741
2405	6.401349455013367
2406	5.99344658543184
2407	6.448685716766489
2408	6.8579888143568795
2409	6.416717460579801
2410	6.859259970282315
2411	6.162306136345516
2412	6.92727129802045
2413	7.0328651727580205
2414	6.3190919818224405
2415	6.783811451353744
2416	5.934770957455904
2417	6.433888586588553
2418	6.660718311743799
2419	6.524304714102822
2420	6.43518630303193
2421	6.538435258923839
2422	6.7818189997930745
2423	6.215998702456034
2424	7.008701643645881
2425	7.365558324825114
2426	8.386670798281585
2427	7.14076923235881
2428	6.3859685437353955
2429	6.571608645745751
2430	6.673171730296375
2431	7.299139593247927
2432	5.348533356684304
2433	6.636741659933763
2434	5.520231084965032
2435	6.202222020656068
2436	6.564931365350965
2437	5.525164944217985
2438	6.484407062258932
2439	6.878243664006467
2440	6.500752907544958
2441	7.422432707027536
2442	7.340949067031478
2443	5.84176502687564
2444	5.245458511718071
2445	7.372828673089775
2446	7.646304307500803
2447	6.584085991720451
2448	6.511970768701761
2449	5.317417971352662
2450	6.600727648051886
2451	6.286021249583308
2452	5.835358031877973
2453	7.118667962054969
2454	5.221378029521885
2455	8.105250855332306
2456	6.737548324104477
2457	6.613398417076741
2458	6.221873378388425
2459	6.643461841508447
2460	5.64237561766193
2461	7.502759223825977
2462	6.479005473747177
2463	6.031847536596688
2464	6.800940968143942
2465	5.305711641228561
2466	5.261503215190925
2467	5.884169061616351
2468	6.893386246750794
2469	6.71885822711764
2470	7.648790124014159
2471	7.37495405428301
2472	6.469304353415394
2473	7.013496641445226
2474	5.975935454496867
2475	6.439940208472185
2476	6.853864962106329
2477	7.4367920932211575
2478	7.636800078773749
2479	6.686744509097952
2480	7.864854864472766
2481	7.999463721495395
2482	6.742960486044166
2483	6.916133179593306
2484	6.499090715436004
2485	7.655667309118949
2486	7.3292678120983386
2487	6.29210636385579
2488	5.74950236651427
2489	6.555669505909904
2490	6.0612728550715875
2491	7.169177904033468
2492	7.4224377800200845
2493	6.511125056152624
2494	7.091329610836393
2495	6.1927236694073695
2496	6.996035234093766
2497	7.1934511524218365
2498	6.120862673802952
2499	6.495402798338117
2500	6.566753510725041
2501	6.346523273409918
2502	7.238747152329107
2503	6.903210441644761
2504	5.914277498253625
2505	7.3171558453423575
2506	6.200478155162615
2507	6.412027690646751
2508	7.000787799040917
2509	6.662985391416439
2510	6.516285397202621
2511	6.574348063742849
2512	6.593594006966246
2513	7.104804602059749
2514	7.378999182026467
2515	7.499775535850654
2516	6.091856146732269
2517	6.857297892403315
2518	6.721521929576881
2519	8.210717278732542
2520	6.029608243710155
2521	6.322151699918924
2522	6.636886869893015
2523	6.063723211480006
2524	6.595292785734978
2525	6.9959597146506
2526	6.902465031877913
2527	6.737857724793683
2528	6.467212174226361
2529	5.108957232983784
2530	6.2274218186697885
2531	4.8634057278205844
2532	6.424180719787213
2533	6.5730667195995345
2534	6.619618614590749
2535	6.667737163020464
2536	6.473291937352313
2537	6.08077999964067
2538	6.68686748467602
2539	5.969647649443101
2540	5.641563325099302
2541	7.297707648028514
2542	7.293911356764086
2543	6.267283042844761
2544	6.481122195642361
2545	6.561064982930387
2546	6.924392321796388
2547	6.571207881172349
2548	7.747221299576973
2549	6.210239593966653
2550	7.212108462490832
2551	6.164995034672721
2552	6.681211769589515
2553	5.863201220786446
2554	6.2925176622898915
2555	6.198423142226366
2556	6.067761670407444
2557	7.1244716268981705
2558	7.119369812991055
2559	6.615208666041509
2560	5.92837595148181
2561	7.376953371340962
2562	6.425723732936544
2563	5.884986257487913
2564	6.353851590947218
2565	6.260668513015812
2566	7.006848625643833
2567	6.7040988070072025
2568	6.6036047378492135
2569	6.7105863800245675
2570	6.469673067526813
2571	6.372882073922801
2572	6.325581425368698
2573	6.458662257199233
2574	6.771913050515712
2575	6.381300691202763
2576	7.072178598558732
2577	6.447795497209752
2578	7.607622423396857
2579	6.570209298007489
2580	6.472539250314574
2581	5.59148559315453
2582	7.289223370155183
2583	6.767212556428589
2584	6.345587804435498
2585	6.2025808550150865
2586	6.236632892470483
2587	6.757367574300995
2588	5.851113246751055
2589	5.628645574663219
2590	6.655753644101588
2591	6.6368098066555765
2592	6.644381524139613
2593	6.763833148282953
2594	6.027050384524395
2595	6.194938363238236
2596	7.653812174897668
2597	6.361550279191475
2598	5.634217075029147
2599	6.743637444703072
2600	7.14376668614277
2601	6.612460472207596
2602	6.776728876552284
2603	5.942709194194181
2604	6.793501805529013
2605	7.508970714176686
2606	6.755985787140224
2607	6.561759999354484
2608	6.473077937549312
2609	6.203684087777272
2610	5.865687084939999
2611	6.809007802927811
2612	6.844884754017141
2613	7.005974532599775
2614	5.891744970708944
2615	6.43595756958739
2616	6.385623087317256
2617	6.471038382262806
2618	6.465967780042934
2619	5.99040216633402
2620	6.4258948737365
2621	6.164797587854661
2622	6.064507623887113
2623	6.412043995863474
2624	6.737458320779998
2625	6.801317401877957
2626	7.213560998622751
2627	5.820666533406316
2628	5.553323640387067
2629	6.06928225615453
2630	6.585440445317263
2631	6.821045849251549
2632	7.054677994549788
2633	5.718609316061841
2634	7.246092502649624
2635	6.315437114283602
2636	6.653666902260724
2637	6.784912644638652
2638	6.062152203663195
2639	6.581743600933466
2640	6.1110346646113305
2641	6.795788950023563
2642	6.175306361838839
2643	7.255682676817186
2644	5.2577899342552925
2645	7.2306487738581655
2646	6.366001744001736
2647	6.772037940511
2648	6.830764618687408
2649	5.7860564816176865
2650	4.9983425159582735
2651	6.76818156821842
2652	7.196981859188199
2653	6.391721009852459
2654	6.739210216762192
2655	6.115677935138881
2656	5.20923718019157
2657	6.212902194966578
2658	4.839975795717443
2659	6.075061723733274
2660	7.286500297337135
2661	6.2532338078902745
2662	5.7905888092079625
2663	6.468446170167276
2664	5.5299879000286
2665	5.75522517480917
2666	5.898245905037413
2667	6.543693775099378
2668	6.681902183811998
2669	6.081801823138251
2670	7.118016350044108
2671	5.3836682224050865
2672	6.900543121467697
2673	6.013483717291573
2674	7.748730507066316
2675	6.037941197845693
2676	6.8251591464620684
2677	6.3437993329841476
2678	5.188124065739312
2679	5.903277808396227
2680	5.741462161796262
2681	6.219879755211084
2682	6.772549256890137
2683	5.765895243259171
2684	6.799068999851789
2685	5.8879571322389985
2686	5.846508415942668
2687	5.472349621449164
2688	5.058858539778802
2689	7.058450572146567
2690	6.233733718802132
2691	5.401438341994743
2692	6.522794788711662
2693	6.374634159026522
2694	6.938387994450726
2695	6.4921515010383
2696	6.413872407238648
2697	6.586530880647772
2698	4.572434081218568
2699	6.56759279809969
2700	5.879903061036331
2701	6.959369785788289
2702	6.914394366663709
2703	7.934665885690398
2704	6.622029319236395
2705	6.627201512243547
2706	5.746109301945118
2707	6.836797551068755
2708	5.777811584255325
2709	4.674583459432107
2710	5.385020981073145
2711	6.137112274492193
2712	6.554545490732296
2713	6.0768072208809745
2714	6.656729273389839
2715	6.498739638961986
2716	5.9506110911437355
2717	6.178426818420837
2718	6.6557751526726605
2719	6.964512505086782
2720	6.024546318637096
2721	5.373193764844885
2722	7.000413160578425
2723	5.53291866608442
2724	6.320621211425804
2725	7.423901450331772
2726	6.050570769731401
2727	6.7834978737720935
2728	7.417822569531271
2729	4.502307956128703
2730	7.063532053087135
2731	5.732751427964454
2732	7.1172402561835675
2733	6.475119383851184
2734	6.742036257150781
2735	6.270163494074544
2736	6.644604706233304
2737	6.425025858339005
2738	6.088734460093143
2739	6.420405251642656
2740	5.822225649320211
2741	6.3719888224198105
2742	6.384344930242104
2743	7.107566989716675
2744	7.288545983114897
2745	7.604990754313063
2746	6.535023493289828
2747	5.817964125428703
2748	5.392720829717409
2749	5.591089998392992
2750	6.959597050348265
2751	6.271494218832679
2752	5.370647317757918
2753	4.808811926305202
2754	6.944553736800641
2755	5.896468602613472
2756	5.938357471788718
2757	6.160114028230083
2758	7.258816756487628
2759	6.299951613639915
2760	7.283210025106174
2761	6.382848758266564
2762	7.087260162818
2763	6.340645247725588
2764	5.584280700512428
2765	6.076479972997402
2766	6.944621444473441
2767	6.149562714903393
2768	5.920075871631536
2769	7.720448128387053
2770	6.068063619578762
2771	7.0507784363004635
2772	6.375218690782534
2773	6.110968333440324
2774	6.043827738266074
2775	5.531306255994983
2776	6.275742828568825
2777	6.006290743059791
2778	6.415653443624225
2779	5.434392136403025
2780	7.642220170694552
2781	5.3284228754185134
2782	6.197722588332672
2783	5.980835527468365
2784	6.4886949891626315
2785	5.791044743601574
2786	5.523073927964886
2787	6.05958581811838
2788	5.821203215538963
2789	6.008270766044864
2790	6.136403718486559
2791	5.690027817569176
2792	5.368489473944271
2793	5.853355394844876
2794	6.514165612666664
2795	6.899946631005353
2796	6.474480832471281
2797	4.8027660053947825
2798	6.2610450024843285
2799	5.951159379395785
2800	6.999340943117878
2801	7.20229052764677
2802	6.217577253880139
2803	6.270270011561137
2804	6.00442723582789
2805	6.474062868393446
2806	6.568712511829187
2807	5.736044516148405
2808	6.995052118020753
2809	5.955110551763042
2810	6.234703607595373
2811	5.646028030593216
2812	6.426173171774874
2813	6.697149687410191
2814	6.5490161051633
2815	5.9384204214892495
2816	5.973410416589788
2817	6.473233219919674
2818	7.56420914224062
2819	5.554227853734953
2820	5.043570360385651
2821	6.237895415888294
2822	5.656822038246478
2823	5.859100202513735
2824	6.923458625400686
2825	5.289278125296844
2826	6.046080292086984
2827	6.216794608429584
2828	6.437322466961049
2829	5.728337439208136
2830	5.757278494932499
2831	7.206778183840166
2832	6.931058947978131
2833	5.916244602625373
2834	7.315558026090637
2835	5.779933596260731
2836	5.706857752104446
2837	6.554710219781468
2838	6.5384816534662935
2839	5.510035673805051
2840	6.10397131749955
2841	6.041399224438633
2842	6.319904292990753
2843	6.081772395817481
2844	5.972444709013757
2845	6.767814004417305
2846	6.089808347911134
2847	5.835364106698475
2848	5.695120337760396
2849	5.128943272159382
2850	7.026817123238569
2851	6.6692598442173265
2852	6.829560350514247
2853	6.483867810381436
2854	5.290041784191956
2855	6.005351290824742
2856	6.356561062699869
2857	6.2455163274146255
2858	5.219400489593648
2859	6.113340428524845
2860	6.468683422315429
2861	6.323410508181467
2862	6.850958700756989
2863	7.451982698182646
2864	5.071431437308158
2865	6.983670774169917
2866	6.170818730219661
2867	6.780991257635783
2868	8.15523385172323
2869	5.44094187524124
2870	6.13874915407451
2871	5.740035787438165
2872	5.671307373800653
2873	6.382969396079275
2874	5.772583587167114
2875	6.554764586032384
2876	5.7423353576008855
2877	6.066777917600408
2878	7.230205273724616
2879	5.466320919408607
2880	5.845913892627642
2881	6.342046606921894
2882	6.246584371239967
2883	5.458291033402361
2884	6.07847906125089
2885	5.711706610080732
2886	7.4344659116244065
2887	6.146522767396442
2888	5.7654051806840005
2889	4.50817813114707
2890	6.613579254519001
2891	7.071171246555826
2892	8.093886789192801
2893	5.99157524151833
2894	6.192970581217155
2895	5.65518480339151
2896	5.699737664847792
2897	6.014705341505188
2898	6.195486706265553
2899	5.409911251693689
2900	6.165042790287104
2901	5.507487873426908
2902	5.791776444119939
2903	7.0820607717638735
2904	5.091149496745554
2905	7.591812295767529
2906	5.935885569905845
2907	6.088689769718044
2908	6.239716512024407
2909	6.390510283126802
2910	6.048959971716036
2911	6.382086205212502
2912	6.054783788688054
2913	7.429539403989396
2914	6.750846730991906
2915	4.898558273897879
2916	5.3877306841965344
2917	6.730822913534386
2918	5.024923181269923
2919	5.695732207949748
2920	6.553701609676937
2921	6.097614496134174
2922	6.400374392654207
2923	5.848947241364284
2924	6.395835532570439
2925	6.672412637133054
2926	5.7445743576611115
2927	4.285683015140154
2928	6.789715608722391
2929	6.804308149917411
2930	5.518696204127046
2931	5.437641487425639
2932	6.93841603583107
2933	6.467482000555316
2934	5.493752205211788
2935	6.1507708306800986
2936	6.662527430639006
2937	6.34269360470448
2938	7.116384603206546
2939	6.716680259395163
2940	5.562749960743013
2941	5.493709193433299
2942	6.450567526677349
2943	6.265712628166041
2944	6.004496277919726
2945	7.0574219330637735
2946	6.981440531089733
2947	6.1696353774401675
2948	6.353780266640944
2949	6.291916662437066
2950	6.351363919305095
2951	5.772031086284876
2952	7.265091068357429
2953	6.023577112358541
2954	8.217119862049154
2955	5.355369256675683
2956	6.141232524496763
2957	5.756808734437032
2958	7.157486478934548
2959	6.335792652083475
2960	5.527641173661865
2961	6.051323951125481
2962	5.910685228563116
2963	5.384608755489667
2964	6.31832269311833
2965	6.239232274619258
2966	6.127242455061865
2967	5.786994309158567
2968	6.218636452227596
2969	5.226538716892488
2970	5.385467523934011
2971	5.225737889918005
2972	5.532410811649506
2973	5.3905295324536215
2974	5.877353894822502
2975	6.183951064489964
2976	5.807509198264439
2977	4.516122420031447
2978	6.995152782065733
2979	6.474712991662361
2980	5.274603568304586
2981	5.913885036512415
2982	6.950362635113681
2983	6.304904337755822
2984	5.061338948293459
2985	5.731698144235254
2986	6.310643908008641
2987	6.612158673507735
2988	5.572127650696329
2989	4.828792099499033
2990	5.902804251603166
2991	5.9336807219806795
2992	5.28264472226422
2993	5.708098184496288
2994	8.747635308669501
2995	4.891768286258481
2996	6.779812961273851
2997	5.912185809737537
2998	5.751156138889281
2999	6.962531213872982
3000	7.317448961078898
3001	5.889636748124583
3002	5.829777874688971
3003	5.704957710831554
3004	6.1474608398124655
3005	5.9627766373420785
3006	5.9463504455485685
3007	4.646029222392592
3008	6.261346048764055
3009	5.754010663189955
3010	6.1206554410844785
3011	5.95585837748154
3012	5.71050727725474
3013	6.246873480679072
3014	5.824316863200567
3015	6.24181993536527
3016	4.828422249568204
3017	6.049759465367615
3018	5.050107680940895
3019	6.411164696145979
3020	5.245977819037974
3021	5.294506721879712
3022	5.147626184655125
3023	5.157938464414929
3024	6.787325768813416
3025	5.623530173107216
3026	6.445067787593383
3027	5.79393843388814
3028	6.047087606149198
3029	5.398387599349502
3030	6.980928431521454
3031	6.442910730201543
3032	7.005938997808013
3033	5.764241972685335
3034	6.796486151913635
3035	6.150730888728641
3036	6.226189886253646
3037	5.530750455088223
3038	5.791035314856773
3039	5.679186131900671
3040	6.299995373558209
3041	6.003649946178291
3042	6.104540995961148
3043	5.618817273504536
3044	5.42006936042566
3045	5.984986469513794
3046	6.051582411876635
3047	5.137477813623461
3048	5.590207751723504
3049	6.3863512391406765
3050	5.434405015790668
3051	6.734074200069079
3052	5.516666488827916
3053	5.865590287396801
3054	6.265412683759924
3055	6.358381777726425
3056	6.675409082792698
3057	6.0226979534338
3058	6.03282478326201
3059	6.803995283304615
3060	6.36477327480128
3061	5.954756688396993
3062	6.486467681842255
3063	5.452565734108765
3064	6.357720689460084
3065	6.3314552434547515
3066	4.723471525957896
3067	6.268584780333614
3068	5.946692682801098
3069	6.456288056940139
3070	5.48262019282916
3071	6.7748522744514785
3072	5.2193725269405995
3073	5.337888093120711
3074	4.921013033131802
3075	6.503563119125449
3076	5.879440146953809
3077	5.249653376676919
3078	5.561872722600889
3079	5.652065383711214
3080	5.683836068156551
3081	4.088446769637037
3082	5.583539359928785
3083	5.441351073072065
3084	5.420038069724352
3085	5.911701734360693
3086	5.668428425387038
3087	5.388356967615721
3088	5.334950822899264
3089	5.536110920923661
3090	5.474782986405896
3091	6.00854539186515
3092	5.123456673530184
3093	6.482760298963621
3094	5.932672321924267
3095	5.8377351445121555
3096	5.581788448023989
3097	5.746633788748264
3098	6.393872819288134
3099	5.4792211452573465
3100	5.8967642882335625
3101	6.794388014558037
3102	5.4374222247847745
3103	6.282927273614689
3104	5.828163541747514
3105	7.5689400925080825
3106	6.44074655811281
3107	5.732494773022392
3108	5.513186891980852
3109	6.13956543033459
3110	5.841677371304547
3111	5.437050103209344
3112	5.706815198950307
3113	5.103843334566337
3114	6.228715447124235
3115	6.613786555528818
3116	5.580554851117576
3117	5.730080242862177
3118	6.103254454895168
3119	4.710083786782928
3120	5.314465112228682
3121	5.264064084682289
3122	5.73405262584861
3123	5.5941804786547165
3124	5.925476163912089
3125	5.853636232014539
3126	5.845994711198802
3127	5.789896022654823
3128	5.662287601091671
3129	4.6472488275607535
3130	6.112505396578032
3131	5.711794677262267
3132	5.99346289199336
3133	7.005160885011145
3134	6.687973142142647
3135	6.368886890230568
3136	6.1815966184563615
3137	5.566841796367695
3138	3.9244820200352386
3139	5.681558162442817
3140	5.790749260981759
3141	6.242540322969641
3142	6.344376554876899
3143	6.2842537144268285
3144	5.609383246314605
3145	5.865294406636227
3146	5.678914692646073
3147	5.108595518846609
3148	5.593808813525079
3149	5.170169805444021
3150	5.308161651489925
3151	8.692122288127601
3152	5.78092939526781
3153	6.2147145734462494
3154	5.334902192590567
3155	5.710314234907713
3156	5.630350563407179
3157	5.750037568003255
3158	5.040922488397188
3159	6.101905348133671
3160	6.446469550029683
3161	5.137927865141636
3162	7.033800801736735
3163	5.93020421912497
3164	6.161049624473003
3165	5.6011933782040355
3166	5.802419494284155
3167	5.967595441528257
3168	5.801678412972377
3169	5.582558398325289
3170	6.000810310298007
3171	4.050363816181575
3172	5.710214595609992
3173	4.802894781598067
3174	4.686877190236338
3175	5.296392672246098
3176	5.51258026131006
3177	5.393652874189414
3178	5.8784387182678195
3179	6.633202680020078
3180	5.05588122393554
3181	5.360129964213569
3182	5.789141942347369
3183	5.777572554803781
3184	5.727168824745606
3185	5.662622831784558
3186	5.301106760108901
3187	6.329953125624005
3188	7.278398475440757
3189	6.97689064900065
3190	5.240410615020998
3191	6.107709505363126
3192	5.3984439051528055
3193	5.191951715691742
3194	5.46967432140689
3195	5.568424337824301
3196	4.977189376943363
3197	4.9568234760745895
3198	3.9721237921884605
3199	5.509109103896417
3200	6.270135587809016
3201	5.192785303566467
3202	5.4455220408859475
3203	5.8975078146838875
3204	7.04498754642251
3205	6.153904570855538
3206	6.411688207656112
3207	4.41586371060136
3208	6.070103397871171
3209	5.436659781344096
3210	4.752475201319026
3211	5.616493464484183
3212	5.627432473099146
3213	5.677503592043003
3214	6.148914701876771
3215	6.123662851241228
3216	5.61109429525686
3217	5.590650757118053
3218	5.415545524761708
3219	6.307888141988833
3220	5.392840998974222
3221	5.830280122086036
3222	6.253994346496421
3223	6.166342394446988
3224	4.9368232780346695
3225	5.224317425528935
3226	4.677863026158879
3227	6.487323369613193
3228	5.138877296976972
3229	6.270493082266899
3230	5.090667873290167
3231	5.272415165386211
3232	6.131071316651978
3233	5.6568120464798355
3234	5.1257373024773605
3235	5.5581867837132926
3236	4.692349859786052
3237	5.408617170325897
3238	5.404598829622529
3239	6.1544234128693525
3240	5.985607402904405
3241	5.026994044011144
3242	5.707783732472717
3243	4.5394751382281875
3244	5.96824468000699
3245	6.099337117728847
3246	5.9298226736401745
3247	5.5260648737729
3248	5.467199390120305
3249	6.724722102241448
3250	6.781020128890647
3251	6.007686133820485
3252	5.49535864984138
3253	5.545480109795702
3254	5.171591283930919
3255	4.171887589989556
3256	6.304999763446986
3257	5.5011088909156065
3258	6.602238070077496
3259	5.97415166551392
3260	5.729530105060423
3261	7.52093298129383
3262	6.164196261354736
3263	5.526900878439891
3264	5.228558589537036
3265	4.733814170439336
3266	6.270179848558042
3267	5.382447138602467
3268	6.262072023554017
3269	6.302029202242696
3270	8.71003215060242
3271	4.835160582745415
3272	3.956289668236338
3273	6.145002891545024
3274	4.9316685469553185
3275	5.684522415928024
3276	5.154894201047224
3277	4.818104732772072
3278	4.565651626706794
3279	5.703101853538319
3280	4.715636282877478
3281	6.514310053262017
3282	5.447544557072492
3283	6.230345688804763
3284	5.842780444142302
3285	5.70934395679858
3286	5.256215092238012
3287	7.593378471294798
3288	5.3933646473649075
3289	5.187436290568148
3290	5.004940557709302
3291	5.689825129984
3292	5.2897846696686965
3293	5.338599387921608
3294	4.771718952783111
3295	5.067766555669738
3296	5.607682610198497
3297	5.462990441568445
3298	6.0078691403939635
3299	4.987964295772598
3300	4.920421115137467
3301	6.045255453290145
3302	5.119737747351987
3303	7.0631866059388795
3304	5.2462220607904655
3305	5.717167476713536
3306	5.564188739047998
3307	6.163141114570745
3308	5.061089612172775
3309	6.399566216060297
3310	4.675381021555691
3311	4.804791314788408
3312	6.041558692756141
3313	5.15712962695542
3314	5.360322342702178
3315	5.5751202267409035
3316	5.591470767534647
3317	5.910402240168695
3318	5.355295802911426
3319	6.406662967697711
3320	5.630853414375425
3321	6.257035343417366
3322	5.338571331108495
3323	5.718659870401423
3324	6.035339373447166
3325	7.864023388478638
3326	5.026408330982353
3327	5.19548558259274
3328	5.573556652912407
3329	7.13324355036859
3330	5.529617847977296
3331	5.488679647525053
3332	4.79581826806972
3333	4.714009019101727
3334	5.177491471786441
3335	5.4557413743788015
3336	5.238840772867794
3337	6.449777342513321
3338	4.794082972115015
3339	5.667242678773022
3340	4.488257760257445
3341	4.044667693436926
3342	5.754810914495183
3343	4.884769020368569
3344	6.9594746382378645
3345	5.224881984861693
3346	5.433983300532953
3347	6.04140416007678
3348	7.227429887941233
3349	5.085381367646523
3350	4.795907469434637
3351	5.282333239819026
3352	5.494414097197305
3353	6.31448470157523
3354	5.287180299423535
3355	5.7170831550447385
3356	5.587603364146796
3357	5.395878725115967
3358	5.405397015682207
3359	4.820150660145717
3360	7.115078972950071
3361	5.700158648056686
3362	6.008882751696652
3363	4.438395061453759
3364	5.4897692371446185
3365	6.155995297741108
3366	5.442579052569581
3367	4.733837019684211
3368	5.03085119547233
3369	5.692277410687021
3370	5.4604548108562465
3371	5.2211386477826744
3372	6.004123458640527
3373	4.675151993962414
3374	4.910805087979419
3375	5.484734716880396
3376	5.165010321606369
3377	4.560289468696281
3378	5.249048060182947
3379	5.910680012311243
3380	5.353415791416074
3381	5.51886960430093
3382	4.280707336071954
3383	3.743012192101578
3384	5.193315071940205
3385	5.350413104818532
3386	4.803569190781566
3387	5.147105259235945
3388	5.081804769556191
3389	5.1731906543337045
3390	5.253328110353124
3391	5.144004312327313
3392	5.58888758895569
3393	5.068068913081744
3394	6.362062460028589
3395	5.871334861046677
3396	5.007671567018803
3397	5.8588527406269915
3398	4.930398872207853
3399	5.921278520250574
3400	4.780186108915592
3401	3.765631421257649
3402	5.0317652803792186
3403	5.361419567519076
3404	4.488955515527513
3405	4.738392263120973
3406	4.948088008614318
3407	5.272972511096808
3408	5.563043157572061
3409	5.353947948225575
3410	6.802889714888258
3411	6.228470199980814
3412	5.77405914891621
3413	6.620327614274827
3414	5.455669597002817
3415	4.834308327635326
3416	5.643723631878073
3417	5.631305403594565
3418	5.293411688839167
3419	7.095572328345279
3420	4.909667500212523
3421	4.437291773029998
3422	4.995511956627463
3423	5.165173236032087
3424	5.281147650370503
3425	4.385087426707082
3426	5.347051507623679
3427	5.183578165152267
3428	6.134180443956264
3429	5.7066173932276145
3430	4.970473842762059
3431	4.7265160175657455
3432	5.932674940090481
3433	5.192741222387593
3434	4.856941135952493
3435	4.833750666176414
3436	5.2521252239205936
3437	5.344303200990546
3438	5.485433027288079
3439	4.561289095894477
3440	5.1628340084313376
3441	5.24754967536553
3442	5.125888988760365
3443	5.615564231860426
3444	5.54601045033875
3445	5.064701797291736
3446	4.178330635440996
3447	4.775243882671068
3448	5.753348767484073
3449	5.11992000426325
3450	5.609983959764424
3451	5.5759686008069895
3452	5.247663639695389
3453	6.053743272102514
3454	5.576730265245679
3455	5.319104785389633
3456	4.906124064242274
3457	5.202059567940466
3458	4.994087873235882
3459	5.044392961609186
3460	5.356485145515933
3461	5.044197355024567
3462	4.83215386943556
3463	5.575022567415897
3464	5.341708226313537
3465	4.9257401892616075
3466	4.310734214800505
3467	4.430719078305126
3468	4.677381326754249
3469	4.631981457099993
3470	5.4321521903892815
3471	5.4476994245883095
3472	5.468743733476918
3473	4.89269130608167
3474	5.1489818699551675
3475	5.814163373339317
3476	4.384328634577924
3477	6.0513775368944
3478	5.196274940216634
3479	5.633423964078038
3480	5.018196877560444
3481	5.765753153326473
3482	4.34141090679309
3483	5.202785648809787
3484	3.9765926400601517
3485	5.173735135162402
3486	5.747373002485287
3487	5.236539861304497
3488	6.231267459988501
3489	5.131422850689484
3490	6.74682287964297
3491	4.89115755840756
3492	6.418007610381581
3493	6.383263975948649
3494	5.381121906375471
3495	4.882596732007356
3496	4.690613999385858
3497	6.366010633525103
3498	4.925586469149655
3499	6.037038177445625
3500	4.4285277185484215
3501	5.461742958726944
3502	4.584538376342005
3503	5.120446946361911
3504	3.412340084842002
3505	4.246180342200659
3506	7.622155847367372
3507	4.237398191602899
3508	4.605189375901144
3509	4.76962437853323
3510	5.0888958955583945
3511	5.419841233834498
3512	5.458673068290482
3513	4.928908259304208
3514	4.7730531026012795
3515	4.944234032609901
3516	5.116191525077153
3517	5.083363102316419
3518	5.141768971413522
3519	5.343615488595072
3520	4.7601104223565365
3521	6.364440980000447
3522	5.2021910023155495
3523	6.507677470826099
3524	5.775065551284202
3525	4.797035306333413
3526	4.047152301430389
3527	5.024090823326195
3528	5.503350878463699
3529	4.426235911934377
3530	5.4142141038494085
3531	5.177459381754389
3532	5.2274865126812315
3533	3.5824473910693957
3534	5.936493480956521
3535	5.315503989467931
3536	5.0371447436511785
3537	4.887650488109861
3538	4.308806435759163
3539	3.6193272039963325
3540	5.99016666008064
3541	4.624764809921642
3542	4.397716983037762
3543	5.1431232575216725
3544	5.404646011546341
3545	4.701603658177957
3546	4.900990966120537
3547	4.605480193619474
3548	4.766488049226714
3549	5.738386606584411
3550	5.197045309635134
3551	6.210608169242065
3552	3.8404616029439613
3553	4.4197159441642775
3554	5.630210065425195
3555	3.873257098395917
3556	4.682435657291662
3557	5.198846424341292
3558	4.757687112487675
3559	3.443501833318428
3560	8.028716267154365
3561	5.323974259967759
3562	5.193205296625235
3563	4.957356206237675
3564	5.207405209672965
3565	5.293028635496968
3566	5.323981727680532
3567	4.004949574969261
3568	4.682108287174436
3569	5.359150741295472
3570	5.950275461149701
3571	4.57203774197518
3572	4.729544508426493
3573	5.219074765192627
3574	6.072589254736822
3575	5.057712866040889
3576	4.92435869662539
3577	4.319413192287481
3578	5.017576834671299
3579	5.10445891387356
3580	4.749189761001681
3581	4.484773923600013
3582	5.673017961563406
3583	5.481216391615238
3584	5.176114570377816
3585	5.16172531316889
3586	4.964814763583533
3587	5.657280819334609
3588	5.146624023430534
3589	4.072406281347207
3590	4.570589465815394
3591	5.677891356017909
3592	4.874919088824298
3593	4.602205137077046
3594	6.1536905595009666
3595	4.976388946069955
3596	4.444550530867314
3597	3.4709348773997584
3598	4.499932652251774
3599	4.553403886333905
3600	4.530271764355643
3601	5.176771298325669
3602	5.166053365914557
3603	4.682612298172721
3604	4.798738543639413
3605	5.466413883290128
3606	5.530543406359568
3607	5.490526092538564
3608	5.600343112771078
3609	4.976124428434656
3610	4.490600172648626
3611	5.112134424770641
3612	4.47005255904305
3613	5.063747669058039
3614	4.934205967769284
3615	4.855751089127663
3616	5.0429324056310945
3617	4.380220744262264
3618	5.878360636916058
3619	4.327714346013517
3620	3.4153695332952383
3621	4.30465285943303
3622	5.384863969232962
3623	4.436042038100723
3624	7.239728897480353
3625	4.80527242640468
3626	4.757943966429416
3627	5.719445874808782
3628	5.754321583862002
3629	4.778569997355344
3630	3.9868294502003274
3631	5.005309794697903
3632	4.97103467723074
3633	5.08494673473309
3634	4.890052675004677
3635	4.180937818926699
3636	5.144388846488498
3637	6.237876508353088
3638	4.49160354727643
3639	4.7789546187237395
3640	4.334450261014043
3641	4.974073830505703
3642	5.121660845971459
3643	4.991485425068353
3644	4.680877990491602
3645	4.993840444746283
3646	5.811800449172448
3647	4.819615305400304
3648	4.83776795709486
3649	4.658985337183836
3650	5.427649008584922
3651	5.436469014408158
3652	4.648976635634028
3653	5.43436752127188
3654	5.395967319387825
3655	5.4942686467003625
3656	4.628240677835922
3657	4.423249697262263
3658	5.131107032315944
3659	5.089838160972828
3660	4.573476827763834
3661	4.434135155020317
3662	4.077425308031922
3663	5.478319247991581
3664	5.042549519958017
3665	5.204244654781838
3666	4.86713785072701
3667	4.3126817335459915
3668	5.221491751751845
3669	3.932189240587959
3670	4.729275131426774
3671	6.2561047678943895
3672	5.589778618791544
3673	5.741300399711321
3674	4.892009414913688
3675	4.6277534542270224
3676	5.3768877140143
3677	4.375038467555461
3678	4.9819909542517244
3679	4.9805658206602
3680	4.159881790725903
3681	5.3119979280665035
3682	4.869142912593666
3683	4.578872404452637
3684	5.470812528989127
3685	5.766835719349036
3686	5.042554508269033
3687	5.668306894602564
3688	4.3728808354470825
3689	5.332016960468257
3690	4.630464444687011
3691	6.002748700323064
3692	4.06965827279107
3693	5.706223904497538
3694	3.3843344530006902
3695	4.344244897382279
3696	5.18161690784286
3697	4.513314722751402
3698	5.598785386486426
3699	3.9733655920693707
3700	6.440994372892533
3701	4.5656536488658475
3702	6.1330202477415074
3703	7.005723428247416
3704	4.3864042360513675
3705	3.3273264400652276
3706	3.8018571770235727
3707	4.606926072835389
3708	4.589429981771586
3709	4.553653946835488
3710	3.549297279847721
3711	4.265360895105806
3712	4.5768363422825935
3713	4.356530398065843
3714	4.493079965029681
3715	4.145049076309476
3716	5.171320899777976
3717	4.533188579852297
3718	4.903451835937098
3719	4.585106224131252
3720	4.3814580877300875
3721	5.186518463247626
3722	4.467591855112737
3723	4.844142634787731
3724	5.386831806942102
3725	4.47435050287528
3726	4.688203811307967
3727	4.063412153101661
3728	5.005463132851567
3729	4.26041718659578
3730	3.8765141908462604
3731	5.235866791397327
3732	5.97348445200052
3733	3.6749072553474242
3734	5.713827316500019
3735	3.0992589230861585
3736	4.698981132059844
3737	4.628265821461541
3738	5.105840575098828
3739	4.765199965627531
3740	5.976862115926404
3741	5.200704512251842
3742	5.236677402295263
3743	4.949379555592685
3744	4.130911148636052
3745	4.057114912985772
3746	4.945923476112899
3747	4.213842014197084
3748	4.121310749812281
3749	3.937568577217149
3750	3.4392704508780665
3751	3.595595592578994
3752	5.21686302345234
3753	4.587569904489425
3754	5.958491128324114
3755	5.040287687822305
3756	4.3281527890726075
3757	3.8517171393655727
3758	5.122881819634232
3759	4.690303404507906
3760	4.951419620226252
3761	5.013631975516301
3762	4.829651237253923
3763	4.197109439902583
3764	4.016114603140217
3765	5.6255345194393875
3766	4.072238318935062
3767	4.587070603280422
3768	4.42856806807389
3769	5.701543296713423
3770	4.734639946733552
3771	4.9713779735488135
3772	6.324479206186882
3773	4.88486492071144
3774	5.736884638943707
3775	3.7727793848742004
3776	4.874538189427063
3777	5.06244808930964
3778	4.460412242234012
3779	2.9705467256263924
3780	4.268971585270709
3781	4.316022199957972
3782	5.10941092047535
3783	4.217391175950546
3784	4.417036881148408
3785	4.482762486548618
3786	5.514974853809763
3787	4.556648374737662
3788	4.510863295503322
3789	4.7028560832912865
3790	4.326527842874725
3791	4.460758245962818
3792	3.5584327239373774
3793	4.742535071954607
3794	4.636036744500385
3795	4.081145672749116
3796	4.059592267619224
3797	4.78145765405604
3798	4.192139748121862
3799	4.604541256698585
3800	4.640014377627274
3801	3.7303786645725663
3802	4.230631029095925
3803	4.495387224645242
3804	5.574915437805284
3805	4.245869407894176
3806	4.266926953468097
3807	4.154232903937407
3808	4.888265683824507
3809	3.775154717874866
3810	4.547576199688579
3811	4.804788373425845
3812	4.881055236833928
3813	4.7828955110078555
3814	4.315348888106419
3815	4.155662891260436
3816	3.994958016606616
3817	5.145724773316352
3818	4.0764076968837575
3819	4.160927526579778
3820	4.88599563924387
3821	3.7909388543759754
3822	3.7617441394936173
3823	5.127041156571948
3824	4.211652554936196
3825	5.06029329187776
3826	4.418352321320457
3827	4.040298768084115
3828	5.073917079004574
3829	3.751617235782082
3830	4.599616164164005
3831	4.631397621444615
3832	3.598465358664146
3833	4.110516329115351
3834	5.411416298085127
3835	4.21329385033861
3836	4.553377226656215
3837	4.996918548284471
3838	4.6154922408355645
3839	4.565271235549418
3840	4.044061809678521
3841	5.349795708611053
3842	4.468156892760806
3843	4.739959703443921
3844	4.5885496375859764
3845	5.233299692975805
3846	4.4866700314023085
3847	4.247502184553344
3848	3.873952566429953
3849	4.253663408198371
3850	4.508072583254272
3851	5.063363734060746
3852	4.800324730411557
3853	6.077580765643549
3854	3.445938871101214
3855	4.111420744255197
3856	3.074997510544298
3857	4.360679101729353
3858	4.150405001671246
3859	2.6711229532282292
3860	3.788135480717324
3861	4.467572024059267
3862	3.6590023483927707
3863	4.114697730464535
3864	5.209809617289091
3865	2.8132077698973066
3866	4.104003033251571
3867	3.8323077827112595
3868	3.7198550583127723
3869	4.415940392411031
3870	4.773622052326576
3871	4.139505267768454
3872	4.748088754133704
3873	4.883595299335882
3874	4.430214089036312
3875	4.1847814735189015
3876	5.551100986705034
3877	4.178182010511133
3878	5.164087459702037
3879	3.8337499900932337
3880	4.95789092220763
3881	6.040084356201799
3882	4.161455334108124
3883	4.105594591898836
3884	4.348772560887891
3885	3.7627188439021073
3886	3.642954066070814
3887	4.365410363945544
3888	4.018742733637204
3889	3.6638065343110258
3890	5.247667089120978
3891	3.9794691347259894
3892	3.746123804612895
3893	4.075676688098267
3894	3.5526758694441107
3895	4.610932042227432
3896	4.199125673862743
3897	4.639678371789923
3898	4.476230976134322
3899	4.9413735512271
3900	4.04827941748651
3901	3.914544382651704
3902	3.8410207082889207
3903	5.631119939875111
3904	3.4885323842859552
3905	3.8081047803785775
3906	4.308318829785739
3907	4.451849683569005
3908	4.358284981059619
3909	4.534571979049787
3910	4.5399487204311555
3911	4.532796000880314
3912	3.5823886984661604
3913	5.306272908991875
3914	3.917358154946248
3915	2.712223039039196
3916	4.9481024852357285
3917	3.0349653203781575
3918	4.7047101016255475
3919	4.047557879388525
3920	5.427311826246687
3921	3.751144359346397
3922	3.895047721307088
3923	4.352769867741305
3924	4.4061814764752985
3925	4.414807068410022
3926	3.0061436294544173
3927	3.82933870437469
3928	4.797518803829404
3929	3.9570316354593538
3930	2.9063491686295944
3931	3.8223111251582464
3932	5.525700117009846
3933	4.902821270199958
3934	2.6102746706967612
3935	3.276879238230872
3936	3.8040164901664255
3937	2.6745301784605786
3938	4.380762738934183
3939	4.194162423973209
3940	3.8595120076182288
3941	4.692146932719503
3942	3.659997866150445
3943	5.471048283385664
3944	4.4933462348620825
3945	4.511215165444565
3946	4.176194844624822
3947	3.5104790853104384
3948	4.499319457685457
3949	4.130503982244242
3950	3.37522455324165
3951	4.653941809527494
3952	5.02769147217095
3953	5.039547824108004
3954	4.161660140801105
3955	3.981643837474321
3956	3.9541973845960703
3957	2.5931451201600093
3958	3.163401197390405
3959	3.5590655737846206
3960	3.5520737589672353
3961	4.307094095925608
3962	3.7173295349776896
3963	3.6221007599361146
3964	4.420230435869705
3965	3.8036581344284777
3966	3.605956560167905
3967	3.4894146200825293
3968	3.926809656942931
3969	3.5909342584880894
3970	3.7765745258266943
3971	4.023833566810437
3972	3.9055552223236174
3973	3.9726859688078373
3974	4.767512644606571
3975	3.7223125846495235
3976	4.016216790604082
3977	3.297267229513539
3978	4.013748785101978
3979	5.517856392832272
3980	4.272207372648722
3981	4.520658913089147
3982	4.789485849583078
3983	3.898188007382376
3984	4.175301407900569
3985	4.574593968026201
3986	5.110168947024247
3987	4.0693172842431835
3988	3.61980491245666
3989	4.749231075780196
3990	4.575963130637589
3991	4.188251438901947
3992	3.572180797956733
3993	2.6609040211195047
3994	3.5852071205828144
3995	3.0913185836829817
3996	3.6629411167343524
3997	3.3978439893613337
3998	4.2646737807844985
3999	3.6675073621147902
4000	3.88701863495478
4001	3.495210712639943
4002	3.7721666654387436
4003	3.154296951262109
4004	3.4162191459972946
4005	4.180329036890821
4006	4.0515266877652145
4007	3.896277922315826
4008	4.100942490017989
4009	3.781495155820256
4010	4.098813639471672
4011	3.5221078786787685
4012	3.3941124443870097
4013	4.184496663625502
4014	3.770457453225899
4015	3.9725747181382385
4016	3.7741218103558216
4017	4.631330983602279
4018	3.476176794374464
4019	3.174354399034895
4020	2.5485475342210187
4021	4.447764200195616
4022	4.825915407772583
4023	5.105077284057558
4024	4.350045107674915
4025	5.045278283276123
4026	3.674018828176365
4027	4.244473671318392
4028	3.6837988052388093
4029	3.986645310207113
4030	3.655740641997608
4031	2.610125183182065
4032	3.732454311165085
4033	4.445123447471332
4034	4.121463969634704
4035	3.789463988503044
4036	4.725577387358314
4037	3.77627696677998
4038	3.132003115826167
4039	3.9876790936481683
4040	3.564502493081244
4041	4.4056812394654195
4042	2.462528660272725
4043	3.8466343434652495
4044	3.6374049138028512
4045	4.148776249860638
4046	3.5794395977725046
4047	4.105941521112191
4048	3.7589889236324177
4049	4.001179558198633
4050	3.4888589575975923
4051	3.8619510340197962
4052	4.294346493883389
4053	3.246840513101405
4054	3.3609587080129057
4055	5.1305387331528305
4056	4.164276008909786
4057	3.9276441031653833
4058	3.6801684463651747
4059	3.618046878493143
4060	3.331305555126372
4061	3.105205130686169
4062	3.860189573194416
4063	5.105527032523959
4064	2.6427292832733276
4065	4.046668609010829
4066	2.57239138186106
4067	3.2379984613251014
4068	3.7183846350724763
4069	3.4772416886011066
4070	4.686361513133967
4071	3.018450028055232
4072	4.1289735578947715
4073	4.766265426009676
4074	3.2396480902394456
4075	4.314947271265121
4076	3.6452288187375697
4077	3.2865892959985525
4078	3.1186642586707505
4079	4.070258685244385
4080	4.843352038555679
4081	3.3976015900526515
4082	3.900499852740783
4083	3.1129576360488644
4084	2.9405606825976665
4085	4.182531590799168
4086	3.3790771594878617
4087	4.8623885981852535
4088	2.736858273825869
4089	3.4029733127502775
4090	2.980418158345543
4091	3.511085227676084
4092	3.9537607936452526
4093	4.118230626439496
4094	4.872079214501058
4095	3.9170280455267683
4096	3.634645064114737
4097	3.370281147207451
4098	3.053345173501486
4099	4.763664213806532
4100	2.9382413050754757
4101	2.9450859651165895
4102	3.1786246608201583
4103	3.753457673557141
4104	4.055408224084192
4105	3.687066536337331
4106	3.528585239467807
4107	3.057213266152474
4108	2.512226292050528
4109	3.4444150456366804
4110	3.6835061248823995
4111	3.9512563067774757
4112	3.9630428348088134
4113	2.9767265441844066
4114	4.518920157871555
4115	2.498708724057675
4116	3.632831316495973
4117	3.2083782442904063
4118	2.9278180433949146
4119	3.0405187024882223
4120	2.4306569167326586
4121	3.1227510880027305
4122	3.2445861766324895
4123	3.6542453393243814
4124	3.165465214457937
4125	2.3101309151785814
4126	3.2131516578947417
4127	4.561779666870945
4128	2.7930817093348046
4129	3.2514400701401054
4130	3.740310151838788
4131	3.640635918630958
4132	3.682775544028274
4133	3.1550854733069893
4134	3.715925956497442
4135	3.678062167480408
4136	3.2835434084011226
4137	3.8716929799757422
4138	2.9079959573105985
4139	4.34012226408802
4140	3.9420112543296195
4141	2.9353434254938713
4142	3.430694470741689
4143	2.5529824280530415
4144	3.5220467837335185
4145	2.795032858033853
4146	3.128359764505318
4147	3.12763196290115
4148	3.7532410394865146
4149	3.7324447984852753
4150	3.834547093579713
4151	3.8975256438041823
4152	3.2187087085507002
4153	3.5592456076555683
4154	3.736330339324846
4155	3.7705037858067953
4156	3.1728396387179174
4157	3.6524458187490327
4158	2.2401200077028336
4159	3.563599720637517
4160	2.8056996022564467
4161	2.3784162464199254
4162	3.336865897041453
4163	2.737492728478663
4164	3.405487436515507
4165	3.0505657438800875
4166	3.442139609772935
4167	2.635918185418676
4168	3.8095785470199504
4169	2.5483838555706155
4170	3.28089286591833
4171	2.950296397896301
4172	3.397075847678467
4173	3.551142196900367
4174	3.0020667109002632
4175	4.032800007333623
4176	3.408699281526148
4177	2.7585636415322456
4178	3.3259713725792857
4179	2.2928904778689247
4180	2.8220829956870346
4181	3.539717683187534
4182	4.0878866196207415
4183	4.721210786682737
4184	2.326590689184228
4185	3.2306773621189304
4186	2.603104416882955
4187	2.6530934944766402
4188	3.1971199199526614
4189	3.3981193125276596
4190	2.6972167792349278
4191	3.7672834140829305
4192	3.8632767996665844
4193	2.601999521672097
4194	3.421457682824741
4195	2.894912126348298
4196	3.2992622324752614
4197	3.529220447170361
4198	3.5549707484139472
4199	3.0559468116655504
4200	3.250032748224621
4201	2.907491978094354
4202	2.6125038260974014
4203	3.422196065586205
4204	3.224332794351271
4205	2.6242729230316373
4206	2.692700424009037
4207	3.8222201651195418
4208	2.4351344282834373
4209	2.603725162063062
4210	3.247328383771968
4211	2.6665413831723677
4212	3.3944989135815167
4213	2.504413719662966
4214	2.897810342757549
4215	2.761208368604169
4216	3.8478466979600134
4217	3.284896960931996
4218	2.857545855949583
4219	3.4463778672627288
4220	3.07107616447054
4221	2.815684159451677
4222	2.549334512138566
4223	2.93568034336485
4224	2.309366574102094
4225	3.5097579965044394
4226	2.8255798144929307
4227	2.348142111160633
4228	4.0950920884493565
4229	2.751209477322318
4230	2.4065174849160273
4231	2.412307583466759
4232	2.795093656608018
4233	3.2571452380637305
4234	3.1516098797093983
4235	2.4170388157433913
4236	4.093686177166541
4237	3.1612541002876906
4238	3.898726691645737
4239	3.3050078704361305
4240	2.4996476807633004
4241	2.8374422859251123
4242	3.049537536156065
4243	3.3629449823741577
4244	3.0042604822766683
4245	2.7973721548891612
4246	2.2261624966491405
4247	2.7093344759017035
4248	2.3961672274463997
4249	3.4723805786270328
4250	2.517357686034928
4251	2.8761684456585086
4252	2.274389712003847
4253	3.905102624915308
4254	3.0644120126204837
4255	2.902130030015008
4256	2.6043574887676617
4257	2.9187471704086163
4258	2.407935510313419
4259	2.6488339577971907
4260	2.8151158104753105
4261	2.3767954225504315
4262	2.819604596449379
4263	3.2762931857875235
4264	2.4374779354591443
4265	2.7128642529357387
4266	3.275556936830536
4267	2.4272139255420577
4268	2.486592025491964
4269	2.7610014105086553
4270	2.698487223136083
4271	2.6711203904855068
4272	3.045095208601822
4273	2.269514128395721
4274	2.4174592758029814
4275	2.4107013049080965
4276	3.0205860200536043
4277	2.669013140505078
4278	2.8958096898031087
4279	3.165113376560564
4280	2.8165641445241234
4281	2.63450574541684
4282	2.3916643158142405
4283	2.6765202958965797
4284	2.6844366386430116
4285	2.9543083119754443
4286	2.200017815671216
4287	2.570993555540832
4288	1.9532799389393127
4289	2.380190802767458
4290	2.333296175121359
4291	2.2056366570669206
4292	4.016618156023339
4293	3.169815887777606
4294	3.17446053107573
4295	2.107390506209728
4296	2.1430396440874784
4297	2.2718383270670173
4298	2.34642748492335
4299	2.2275780131681278
4300	2.6162116188162483
4301	2.191775412802657
4302	1.9627289096873728
4303	2.589467869337106
4304	1.9425438630426837
4305	2.416103440886161
4306	3.3298345667208467
4307	2.6783961368400173
4308	2.5460642098992152
4309	2.089973853691218
4310	1.9813304205356503
4311	1.8122814671382916
4312	1.7257761530689413
4313	1.6706795354708843
4314	2.235014114512233
4315	2.5617444616398646
4316	1.7891558353985677
4317	1.7384250270519193
4318	1.5979459296784886
4319	2.2796527373975572
4320	1.4396988373872857
4321	2.0125440673790074
4322	2.4501944929274098
4323	1.4891657596665402
4324	1.9384166731889914
4325	1.9804490084129864
4326	2.0018800766685403
4327	1.348149971643009
4328	1.4858208441269598
4329	1.1762264744420396
4330	1.1653305342837545
4331	1.4191941575788127
4332	1.1434921433885736
4333	1.3234113163190977
4334	1.7322553559035976
4335	1.1102606519624594
4336	1.008968935393725
4337	1.7815342097995694
4338	0.9906013168744181
4339	0.9748128827168441
4340	0.9549133667390621
4341	0.9362928503630692
4342	0.9292295651305444
4343	1.5778995237134361
4344	2.2211449469829505
4345	0.9215944568490677
4346	0.8889500412233025
4347	0.8705307604392476
