1 18 13 2 1 0
1 19 8 0 3 1
1 11 9 8 0 0
1 23 12 0 0 0
1 32 5 2 0 0
1 17 11 5 1 0
1 23 7 3 2 3
1 15 6 5 2 2
1 23 6 2 0 2
1 21 10 1 1 1
1 19 7 3 1 1
1 21 12 3 0 0
1 15 7 2 0 0
1 22 12 1 4 2
1 22 14 3 1 1
1 15 6 10 2 2
1 20 5 9 2 1
1 22 2 4 1 3
1 19 6 1 3 2
1 23 7 1 0 4
1 23 7 0 2 2
1 28 7 0 0 2
1 17 10 2 0 1
1 19 9 2 1 0
1 15 8 3 2 1
1 18 9 3 1 2
1 18 8 5 1 2
1 16 5 5 2 1
1 18 4 1 2 1
1 22 7 1 0 3
1 24 10 2 0 1
1 14 9 1 2 3
1 22 8 0 1 1
1 19 3 1 1 1
1 17 8 3 2 2
1 21 9 3 4 4
1 28 9 0 2 1
1 9 10 3 2 0
1 16 12 2 1 2
1 20 11 2 2 1
1 10 7 3 2 4
1 16 12 2 1 2
1 15 10 3 4 1
1 15 5 1 3 1
1 21 7 5 3 0
1 13 10 1 2 3
1 15 14 1 3 3
1 25 10 3 1 1
1 19 9 3 0 0
1 16 6 2 1 2
1 12 5 3 1 1
1 24 9 1 1 4
1 30 10 3 0 2
1 15 6 5 3 5
1 17 5 3 4 5
1 15 7 1 2 0
1 15 6 0 5 1
1 16 6 2 0 3
1 10 7 5 2 0
1 16 8 2 4 2
1 24 7 1 2 2
1 13 9 5 2 4
1 23 9 0 1 2
1 21 13 4 0 0
1 24 4 3 4 5
1 16 6 4 3 1
1 24 8 3 0 1
1 21 13 1 1 1
1 18 10 3 0 0
1 19 5 4 4 1
1 10 14 5 1 0
1 14 9 7 4 2
1 16 6 5 5 2
1 19 4 3 1 2
1 17 9 6 2 3
1 19 7 1 4 3
1 19 6 2 1 2
1 20 8 1 1 1
1 19 8 2 3 3
1 20 6 2 1 1
1 23 6 1 3 0
1 18 7 3 4 0
1 22 9 4 0 0
1 17 5 2 3 5
1 22 7 3 4 1
1 18 8 3 2 3
1 16 10 6 0 2
1 16 10 2 1 0
1 14 12 4 1 2
1 13 9 2 2 3
1 15 10 1 1 1
1 15 7 1 4 3
1 18 8 7 1 1
1 18 7 2 1 1
1 21 8 2 0 2
1 25 10 5 1 1
1 19 6 5 3 3
1 22 4 2 2 0
1 18 6 2 3 0
1 7 10 3 3 1
1 23 12 2 0 0
1 11 10 4 3 3
1 14 9 0 2 4
1 25 7 2 1 1
1 15 11 2 2 2
1 24 4 1 4 3
1 17 7 2 3 2
1 15 7 5 2 0
1 15 9 2 3 2
1 14 10 6 3 2
1 26 6 4 2 1
1 13 10 3 2 2
1 18 6 3 1 3
1 17 13 2 3 2
1 15 10 2 3 2
1 14 7 2 2 2
1 22 4 1 3 2
1 15 8 3 2 2
1 25 5 1 1 2
1 15 9 3 5 3
1 18 11 3 1 2
1 17 9 2 1 2
1 16 10 3 2 2
1 15 8 4 1 3
1 15 10 4 0 0
1 15 7 2 2 4
1 13 6 4 2 4
1 18 5 1 5 1
1 19 4 0 2 5
1 17 8 3 4 4
1 22 3 1 2 3
1 21 7 3 0 1
1 34 4 2 0 1
1 16 8 5 1 0
1 19 9 4 3 0
1 19 10 1 1 1
1 14 12 2 3 0
1 17 9 2 3 3
1 13 6 2 2 1
1 17 6 3 4 2
1 17 6 3 2 1
1 15 7 2 1 2
1 20 4 4 3 2
1 23 9 0 1 0
1 14 5 5 4 1
1 15 6 6 2 1
1 23 10 2 1 0
1 24 4 1 1 1
1 22 10 0 1 2
1 16 7 4 2 2
1 18 9 3 1 2
1 19 8 1 2 4
1 21 12 2 3 2
1 19 5 4 4 2
1 13 8 1 1 1
1 24 11 2 0 1
1 25 5 3 1 2
1 23 9 3 1 1
1 14 6 2 4 4
1 13 11 5 0 0
1 24 10 2 0 0
1 18 9 1 1 3
1 20 12 2 0 1
1 21 6 3 2 0
1 27 5 6 2 3
1 16 3 5 5 3
1 25 0 0 16 0
1 19 0 0 13 0
1 18 0 0 12 0
1 23 0 0 15 0
1 20 11 1 1 3
1 12 5 2 2 2
1 7 6 1 1 1
1 21 9 1 2 2
1 17 5 6 1 2
1 17 7 2 3 5
1 12 8 4 4 1
1 23 7 5 0 0
1 19 8 4 1 0
1 16 6 4 1 1
1 14 13 5 0 2
1 24 14 0 1 0
1 16 10 2 1 1
1 24 7 2 1 3
1 21 10 2 0 2
1 12 8 3 1 2
1 15 10 3 2 1
1 11 8 1 2 1
1 13 7 2 2 1
1 12 4 7 2 0
1 17 8 2 6 3
1 17 2 2 4 4
1 16 6 0 3 5
1 19 5 3 3 8
1 17 4 3 2 2
1 10 8 5 3 2
1 21 9 1 1 2
1 10 13 2 3 2
1 13 7 4 2 3
1 13 7 2 4 3
1 10 7 5 2 0
1 17 5 4 3 2
1 24 6 6 2 2
1 14 8 5 2 2
1 14 9 3 2 3
1 23 9 2 1 1
1 13 9 4 1 1
1 14 3 0 2 1
1 21 5 4 1 1
1 14 10 4 1 3
1 17 8 2 2 2
1 17 6 0 3 3
1 14 9 0 4 2
1 19 15 2 1 0
1 14 8 0 2 1
1 21 5 2 1 2
1 18 12 5 1 1
1 25 11 1 0 1
1 11 10 3 1 4
1 21 6 0 2 5
1 9 8 8 1 3
1 8 7 7 1 2
1 11 7 7 1 3
1 14 6 2 2 2
1 19 10 0 3 1
1 20 7 3 2 1
1 15 7 2 3 7
1 19 5 1 3 2
1 16 9 3 3 3
1 21 8 1 2 1
1 22 11 0 1 0
1 21 6 3 2 2
1 22 11 2 2 2
1 18 12 5 0 2
1 22 6 3 1 1
1 24 7 1 3 1
1 17 7 3 4 2
1 21 8 2 2 5
1 17 9 3 1 4
1 23 6 2 1 2
1 15 10 3 3 2
1 16 7 2 0 5
1 20 6 3 0 3
1 16 11 3 2 1
1 16 8 3 2 1
1 23 8 2 1 1
1 19 5 0 2 1
1 15 8 5 0 2
1 14 8 4 2 4
1 20 7 4 0 3
1 23 4 3 2 1
1 18 6 2 0 2
1 21 7 3 1 2
1 15 12 0 1 1
1 17 8 3 2 2
1 21 9 2 0 1
1 18 9 2 3 2
1 18 8 1 3 1
1 21 9 1 4 2
1 19 6 1 5 4
1 20 6 5 2 1
1 16 6 2 2 1
1 10 9 3 3 0
1 10 6 2 1 3
1 22 7 4 1 1
1 15 10 2 3 2
1 16 4 4 2 5
1 14 11 3 0 1
1 14 3 5 2 4
1 14 3 6 2 4
1 12 8 2 3 0
1 22 10 2 0 1
1 27 7 1 1 1
1 15 8 1 2 3
1 11 10 2 3 6
1 22 3 2 2 2
1 16 9 1 1 1
1 21 1 2 3 3
1 22 6 2 1 0
1 24 8 2 0 1
1 20 8 2 1 2
1 21 4 1 3 3
1 23 8 1 3 1
1 16 9 3 2 4
1 18 3 4 4 2
1 21 8 3 2 3
1 20 6 1 1 3
1 16 6 7 1 4
1 23 7 0 2 3
1 18 9 1 2 1
1 13 6 2 2 3
1 12 9 4 4 2
1 17 13 1 2 0
1 17 3 2 6 8
1 16 9 1 2 4
1 22 4 5 3 3
1 24 11 1 1 0
1 14 7 3 4 2
1 15 10 5 1 3
1 22 8 1 1 2
1 19 9 5 4 1
1 17 7 0 3 2
1 21 7 0 2 2
1 18 13 4 2 1
1 16 14 2 1 1
1 11 5 4 0 5
1 12 13 2 0 2
1 23 9 0 1 2
1 17 9 2 3 3
1 15 7 5 2 1
1 22 6 1 1 2
1 16 4 3 1 4
1 20 8 3 1 0
1 19 8 6 0 1
1 22 9 5 1 0
1 24 5 2 2 2
1 27 2 1 3 3
1 22 10 2 2 1
1 18 10 0 3 1
1 17 10 3 3 2
1 22 7 3 3 1
1 11 8 6 2 1
1 26 10 0 0 1
1 21 8 0 1 0
1 17 13 4 0 3
1 9 14 6 2 0
1 18 7 4 3 0
1 19 7 2 4 4
1 24 7 1 0 2
1 14 8 2 2 1
1 16 7 6 1 2
1 19 7 6 0 1
1 19 5 0 1 1
1 24 8 4 1 0
1 19 8 4 2 1
1 16 6 3 1 3
1 19 7 4 1 4
1 16 7 0 3 3
1 16 13 0 3 2
1 25 6 2 0 1
1 22 8 4 1 1
1 12 9 3 2 1
1 21 6 2 0 3
1 10 12 3 1 1
1 9 11 6 1 1
1 22 7 2 1 2
1 16 7 2 1 3
1 22 5 4 5 3
1 18 8 3 3 2
1 18 6 0 3 1
1 24 12 1 1 0
1 21 9 3 2 2
1 13 6 3 3 5
1 14 6 1 4 3
1 27 6 1 1 1
1 22 4 3 3 1
1 14 7 5 3 2
1 14 8 1 1 0
1 19 10 1 1 2
1 20 6 5 0 3
1 13 6 6 0 2
1 20 1 0 5 4
1 22 7 3 1 5
1 22 13 3 0 1
1 16 9 3 0 0
1 9 8 7 1 0
1 17 6 7 2 0
1 18 5 4 2 0
1 15 10 4 2 1
1 17 12 1 0 1
1 21 10 3 0 0
1 19 9 1 1 0
1 20 8 4 1 2
1 15 7 3 1 3
1 18 6 4 3 1
1 29 10 3 0 0
1 13 11 5 0 1
1 25 11 0 1 3
1 25 5 1 0 2
1 13 10 6 1 0
1 19 10 1 0 0
1 23 7 3 1 1
1 17 12 2 0 2
1 15 10 4 0 2
1 16 7 5 0 3
1 23 9 2 2 1
1 21 9 1 1 3
1 21 7 6 0 1
1 20 5 2 2 1
1 20 10 1 3 2
1 20 10 4 3 2
1 10 10 2 0 4
1 16 4 1 2 4
1 22 7 4 2 1
1 25 11 0 1 1
1 23 10 1 1 0
1 14 6 4 3 1
1 12 6 3 2 2
1 28 10 2 1 1
1 20 7 5 1 2
1 11 10 2 4 4
1 12 10 2 6 2
1 25 7 1 3 1
1 18 8 3 0 1
1 17 13 2 4 1
1 15 8 2 2 3
1 23 12 3 0 0
1 23 4 0 5 3
1 12 4 2 0 1
1 20 8 1 3 4
1 18 12 1 2 2
1 18 4 1 4 4
1 19 7 5 1 1
1 15 7 5 2 2
1 19 6 0 2 3
1 14 11 2 1 3
1 23 8 1 1 1
1 13 4 3 1 3
1 19 6 1 2 2
1 19 4 1 1 2
1 24 11 3 0 1
1 15 8 3 2 4
1 20 11 4 0 0
1 16 9 4 1 1
1 21 12 1 4 2
1 13 12 1 0 1
1 13 10 2 3 1
1 16 8 3 2 1
1 11 6 2 1 0
1 15 4 1 3 2
1 7 6 3 1 0
1 8 5 3 1 1
1 16 9 5 2 0
1 10 7 5 3 3
1 19 6 1 4 3
1 19 8 3 3 2
1 23 8 6 2 2
1 25 10 1 1 2
1 18 6 2 2 3
1 14 5 4 4 3
1 15 8 2 5 2
1 14 14 3 2 2
1 19 8 2 0 0
1 20 6 0 3 2
1 17 6 0 4 2
1 10 14 3 2 1
1 18 8 3 0 2
1 17 6 2 4 4
1 13 10 3 3 0
1 17 7 3 2 4
1 23 9 3 1 1
1 14 6 4 3 3
1 21 6 3 3 2
1 15 7 8 2 1
1 15 7 2 2 2
1 13 8 5 1 2
1 9 10 2 0 1
1 20 9 2 0 0
1 16 11 1 1 1
1 20 4 2 3 3
1 22 8 1 0 0
1 10 8 5 1 2
1 20 10 4 1 2
1 14 3 2 4 1
1 15 6 2 1 0
1 19 10 1 0 1
1 19 6 3 2 1
1 10 8 3 1 4
1 20 4 2 1 2
1 15 6 4 2 2
1 23 3 0 2 3
1 18 7 2 1 3
1 20 2 1 1 1
1 21 7 2 2 2
1 30 6 0 0 3
1 21 6 2 0 2
1 15 6 4 2 2
1 24 7 5 2 1
1 20 6 1 1 1
1 22 5 2 2 4
1 16 6 2 1 5
1 17 6 3 2 1
1 20 8 3 2 1
1 18 7 4 4 2
1 21 8 4 2 1
1 19 7 7 3 2
1 17 9 4 1 1
1 19 8 4 1 2
1 14 6 2 3 3
1 13 4 3 4 4
1 22 8 2 2 1
1 27 4 3 3 1
1 28 7 0 3 2
1 16 7 1 2 1
1 26 8 1 1 2
1 13 8 5 1 0
1 22 6 4 4 2
1 23 9 0 1 1
1 15 3 3 4 2
1 20 6 5 3 1
1 15 7 5 2 3
1 24 4 0 6 3
1 27 10 1 2 0
1 17 9 3 2 1
1 14 7 1 2 3
1 16 7 3 2 4
1 12 12 5 2 3
1 14 10 5 3 3
1 23 5 3 1 2
1 20 7 4 2 1
1 26 9 1 1 1
1 9 12 10 0 0
1 15 10 2 1 3
1 30 10 5 0 1
1 22 5 4 2 1
1 16 6 2 2 1
1 18 7 3 1 2
1 16 7 2 1 2
1 14 5 2 1 1
1 20 7 1 3 2
1 21 8 5 0 0
1 16 5 2 2 1
1 18 6 2 2 0
1 21 5 4 2 3
1 22 6 1 2 1
1 25 9 1 3 2
1 23 3 2 0 1
1 17 7 4 4 5
1 16 7 1 2 2
1 19 6 3 3 2
1 13 9 4 1 1
1 14 10 7 3 1
1 13 12 2 2 0
1 15 11 2 2 0
1 22 7 2 1 2
1 20 9 2 1 0
1 20 6 4 2 0
1 17 6 2 3 5
1 14 4 1 2 5
1 15 8 3 2 1
1 18 7 4 4 1
1 15 5 0 5 0
1 16 9 3 1 1
1 22 11 1 0 1
1 13 8 7 3 1
1 13 11 2 1 1
1 20 5 0 3 1
1 19 7 1 4 1
1 16 7 2 1 1
1 18 5 3 1 2
1 23 7 4 1 2
1 20 6 4 0 0
1 19 9 2 1 2
1 12 6 2 3 3
1 19 10 2 1 1
1 17 12 3 2 1
1 17 9 4 2 0
1 20 9 1 3 2
1 22 8 3 3 3
1 19 10 1 2 1
1 25 3 2 3 4
1 15 13 2 2 1
1 13 12 6 1 0
1 14 10 4 1 0
1 20 6 2 4 1
1 12 5 7 2 1
1 18 9 1 0 2
1 29 5 1 2 1
1 15 7 5 0 1
1 21 5 4 1 2
1 22 8 6 1 2
1 19 5 5 2 1
1 28 7 2 0 1
1 20 10 4 2 1
1 17 9 2 2 2
1 21 3 0 3 2
1 18 2 1 3 1
1 15 9 3 1 2
1 15 11 2 2 0
1 13 8 1 2 2
1 15 9 5 1 3
1 16 8 7 0 1
1 21 7 5 0 1
1 11 9 6 0 0
1 24 8 1 1 1
1 21 10 2 1 1
1 20 8 2 2 0
1 22 8 1 3 2
1 23 10 0 2 2
1 14 11 4 0 2
1 18 10 0 1 0
1 12 11 2 2 1
1 19 13 0 0 0
1 16 6 3 2 3
1 24 5 1 0 0
1 19 8 3 0 1
1 16 3 0 5 5
1 13 8 1 1 3
1 19 9 1 2 3
1 24 11 2 0 0
1 25 7 1 2 1
1 14 9 6 0 0
1 28 9 4 4 1
1 25 8 3 3 1
1 15 8 2 1 3
1 23 7 1 1 0
1 15 9 3 0 1
1 17 5 3 3 1
1 15 7 5 2 1
1 18 8 2 3 5
1 15 8 0 3 3
1 12 7 5 1 1
1 25 7 0 1 1
1 24 13 0 0 2
1 39 8 3 2 0
1 20 2 0 3 5
1 15 3 0 1 3
1 21 2 2 0 2
1 15 11 3 1 2
1 22 11 3 2 2
1 25 11 1 0 0
1 19 5 1 3 4
1 14 5 3 1 3
1 18 10 1 2 4
1 20 6 0 2 3
1 22 8 3 4 1
1 15 12 3 3 1
1 23 7 3 0 0
1 15 7 5 1 1
1 22 6 2 1 2
1 18 4 2 3 2
1 25 6 3 0 2
1 22 5 2 1 2
1 22 8 1 1 2
1 20 6 3 3 2
1 21 9 4 3 0
1 24 7 2 2 1
1 24 7 2 0 1
1 17 9 3 0 1
1 16 9 3 2 1
1 20 8 2 3 1
1 21 10 5 2 1
1 21 5 0 2 6
1 21 2 0 4 4
1 14 9 3 1 2
1 16 6 2 2 2
1 14 10 2 2 0
1 18 13 3 2 0
1 16 9 1 2 3
1 14 11 2 3 2
1 21 8 2 3 3
1 18 7 4 1 1
1 13 8 8 1 0
1 10 7 8 0 0
1 16 11 0 0 0
1 13 6 2 2 0
1 17 10 1 1 1
1 19 14 2 1 2
1 16 11 1 0 0
1 17 8 1 2 0
1 13 10 5 3 2
1 12 10 3 3 4
1 19 7 2 2 1
1 19 6 2 1 2
1 18 9 3 5 3
1 18 7 3 3 4
1 21 8 1 0 1
1 20 13 3 1 1
1 24 7 1 3 1
1 6 11 3 0 3
1 22 9 5 0 3
1 26 6 0 2 0
1 14 11 7 0 1
1 15 10 7 0 2
1 14 5 3 3 1
1 17 6 4 0 1
1 16 9 4 1 0
1 22 10 1 2 0
1 11 10 4 1 3
1 29 5 0 1 3
1 20 8 5 2 1
1 19 6 1 0 2
1 20 9 6 1 2
1 19 9 2 1 2
1 11 8 5 2 1
1 21 5 5 1 1
1 17 9 7 1 1
1 17 5 3 2 1
1 16 10 2 0 1
1 15 8 7 1 0
1 11 8 3 2 2
1 11 7 4 1 1
1 19 7 3 4 2
1 11 8 4 2 2
1 17 10 3 2 3
1 16 10 3 1 2
1 17 9 5 0 0
1 16 10 2 4 3
1 20 9 5 1 1
1 20 10 0 0 2
1 14 6 2 3 3
1 14 8 1 4 1
1 26 6 2 3 1
1 18 6 2 3 2
1 12 9 3 2 0
1 21 11 3 0 1
1 15 2 3 3 5
1 23 7 2 2 2
1 19 5 0 2 3
1 16 6 2 3 3
1 20 8 2 2 2
1 16 5 1 3 3
1 12 6 2 1 4
1 18 9 2 0 1
1 16 9 2 1 1
1 24 9 2 0 2
1 21 5 2 4 3
1 15 8 3 2 2
1 21 10 1 0 1
1 23 7 2 0 0
1 21 6 1 1 2
1 17 6 1 2 3
1 14 9 3 0 2
1 9 7 1 2 1
1 15 9 4 0 0
1 15 9 6 2 2
1 15 10 4 3 1
1 28 4 1 1 1
1 20 7 0 1 1
1 18 9 3 2 1
1 11 9 3 1 1
1 10 10 1 1 1
1 22 9 3 1 2
1 13 10 4 1 2
1 25 8 2 0 1
1 14 7 5 3 2
1 27 9 5 0 1
1 25 8 5 0 0
1 26 7 5 0 1
1 11 6 3 2 3
1 18 8 2 2 1
1 19 6 2 1 2
1 15 11 2 1 1
1 24 6 3 1 2
1 15 7 4 2 0
1 19 12 3 1 1
1 18 8 3 0 1
1 18 6 2 3 1
1 18 9 1 3 1
1 15 7 3 0 0
1 19 6 1 1 1
1 26 8 0 1 1
1 29 11 0 0 0
1 17 13 2 1 2
1 20 6 3 0 1
1 24 8 4 1 2
1 19 6 1 2 2
1 23 1 1 5 4
1 20 8 2 2 2
1 14 5 4 3 1
1 27 7 1 0 1
1 22 11 2 0 1
1 24 9 2 2 3
1 20 6 4 0 6
1 21 5 1 2 2
1 11 6 5 1 2
1 13 10 3 1 2
1 17 8 2 3 2
1 20 9 1 3 2
1 13 5 4 3 2
1 18 7 1 2 1
1 25 4 5 1 0
1 21 6 3 2 2
1 17 6 3 1 5
1 15 5 3 5 4
1 20 8 5 1 1
1 17 9 5 0 1
1 19 7 3 2 1
1 20 11 4 1 2
1 14 14 1 0 1
1 17 7 3 2 1
1 18 7 2 1 0
1 17 4 4 1 0
1 13 10 0 2 1
1 14 6 4 0 1
1 17 9 1 1 1
1 25 8 1 3 2
1 19 7 3 5 1
1 19 10 4 3 2
1 14 8 5 2 0
1 22 8 3 0 1
1 19 3 5 5 2
1 31 12 0 2 5
1 20 1 0 2 3
1 20 0 0 4 3
1 18 8 3 1 1
1 30 9 1 0 1
1 22 9 1 2 3
1 25 8 3 1 1
1 18 9 5 2 1
1 17 11 0 1 2
1 17 9 4 4 3
1 26 3 1 0 1
1 15 10 3 3 5
1 16 7 5 1 2
1 13 6 0 4 2
1 16 8 6 0 2
1 12 6 3 1 3
1 10 13 1 3 1
1 16 5 2 3 0
1 18 10 3 2 0
1 18 9 5 1 0
1 20 9 3 1 1
1 17 8 2 2 2
1 19 5 0 1 3
1 13 7 3 3 4
1 17 8 2 2 2
1 16 9 1 2 2
1 14 8 2 4 4
1 15 13 5 4 3
1 16 9 4 3 2
1 14 11 4 2 2
1 15 12 3 1 1
1 11 14 4 0 0
1 20 12 1 2 1
1 18 4 3 3 2
1 17 6 2 0 1
1 25 1 3 3 2
1 24 8 3 2 1
1 20 9 7 0 1
1 20 7 1 1 2
1 20 6 4 2 3
1 20 12 3 0 1
1 20 11 2 2 0
1 18 11 1 3 2
1 18 6 2 1 4
1 17 11 5 0 2
1 16 9 1 3 2
1 17 10 1 1 1
1 19 8 4 2 0
1 12 6 5 1 0
1 14 13 3 0 1
1 15 5 2 1 0
1 20 8 4 2 1
1 12 5 1 2 2
1 16 8 5 0 0
1 13 8 2 1 0
1 13 8 2 1 0
1 18 6 1 2 2
1 18 8 1 2 1
1 11 11 2 1 1
1 23 8 0 1 3
1 21 6 2 0 0
1 20 7 10 1 4
1 24 9 3 1 1
1 19 8 1 2 3
1 21 5 2 1 2
1 15 8 2 1 3
1 11 5 4 4 2
1 13 9 3 3 1
1 13 4 3 0 1
1 20 11 0 3 1
1 15 2 1 4 2
1 19 10 3 0 1
1 22 8 3 6 3
1 21 10 2 2 2
1 17 7 6 0 1
1 15 10 1 2 1
1 20 8 0 2 1
1 15 12 2 4 1
1 15 9 2 3 2
1 20 10 4 3 1
1 19 5 3 2 2
1 10 7 1 0 1
1 27 7 4 1 2
1 16 3 7 1 1
1 15 11 4 1 1
1 16 4 6 1 1
1 16 9 3 1 1
1 19 7 4 3 3
1 16 6 6 0 0
1 20 11 5 0 0
1 13 11 2 3 3
1 13 8 5 1 2
1 21 7 2 0 0
1 29 8 2 0 0
1 34 3 0 3 1
1 16 9 3 3 1
1 15 2 0 3 4
1 21 6 2 2 3
1 25 6 1 1 1
1 22 10 1 2 0
1 14 10 1 1 2
1 15 7 5 2 1
1 20 11 2 2 1
1 20 10 2 2 1
1 19 6 2 4 1
1 10 8 1 1 4
1 20 12 1 0 1
1 14 9 2 3 0
1 11 9 2 4 1
1 15 7 1 6 1
1 17 10 4 2 1
1 15 8 1 3 4
1 19 12 5 1 1
1 17 11 3 0 1
1 17 6 2 2 4
1 21 10 2 0 0
1 16 14 0 3 2
1 21 6 2 0 1
1 16 8 0 0 0
1 13 5 3 2 1
1 19 11 1 2 1
1 19 11 4 2 1
1 16 11 4 2 1
1 13 7 0 0 3
1 17 10 1 2 1
1 16 5 1 4 5
1 17 10 2 0 0
1 16 8 3 6 3
1 24 13 4 1 1
1 14 8 4 2 1
1 19 8 3 0 0
1 22 10 2 0 0
1 18 12 0 3 2
1 23 4 3 2 1
1 16 13 4 1 1
1 19 6 4 1 3
1 8 6 1 1 0
1 17 11 3 2 2
1 17 8 3 0 1
1 23 5 3 3 5
1 18 6 5 2 1
1 14 13 1 1 3
1 24 10 3 1 1
1 21 7 3 3 2
1 17 10 1 4 1
1 27 5 3 0 1
1 21 5 6 2 0
1 32 6 2 1 1
1 24 8 3 2 0
1 22 6 3 1 1
1 11 5 7 4 4
1 17 5 1 2 2
1 19 9 4 1 0
1 18 6 1 2 2
1 15 5 3 1 1
1 17 6 5 1 2
1 18 8 2 1 1
1 17 6 1 1 2
1 19 13 3 0 2
1 23 6 1 2 1
1 18 9 2 0 1
1 26 4 2 2 4
1 14 10 1 1 0
1 19 10 3 2 1
1 15 6 3 4 3
1 22 11 3 1 1
1 20 8 0 0 2
1 10 7 3 3 2
1 21 7 1 1 1
1 13 6 3 4 4
1 19 6 1 3 3
1 18 10 5 1 3
1 13 11 1 3 2
1 19 6 1 3 3
1 16 6 3 3 3
1 14 5 2 2 4
1 19 4 0 3 4
1 21 4 0 3 2
1 13 5 7 1 2
1 17 5 2 2 1
1 21 9 2 1 2
1 18 11 3 1 2
1 15 13 1 1 2
1 18 13 1 2 2
1 13 5 2 3 2
1 15 5 0 6 4
1 24 7 2 0 2
1 23 8 0 4 2
1 22 10 0 1 2
1 7 9 1 0 0
1 19 4 5 1 2
1 17 9 3 2 1
1 21 12 2 3 1
1 14 8 4 2 0
1 13 8 6 1 3
1 15 13 5 2 2
1 19 6 3 2 2
1 16 10 1 2 2
1 19 8 3 1 2
1 15 3 4 2 3
1 17 11 2 1 0
1 20 7 3 1 1
1 14 11 2 1 2
1 8 5 5 1 2
1 14 6 1 1 1
1 21 8 4 1 2
1 21 12 0 1 2
1 13 10 5 1 2
1 13 6 8 1 1
1 14 7 5 1 0
1 18 7 2 2 2
1 25 7 0 2 2
1 15 7 3 2 2
1 14 12 1 1 1
1 23 11 0 1 1
1 16 9 2 2 0
1 14 8 3 3 0
1 20 11 1 0 2
1 31 6 2 0 1
1 17 5 4 3 2
1 17 11 5 4 2
1 23 5 2 1 1
1 17 10 2 1 1
1 14 8 4 1 1
1 19 10 3 1 0
1 14 7 2 2 2
1 18 13 4 2 0
1 11 9 3 3 3
1 16 9 5 3 1
1 17 9 4 0 0
1 22 4 2 1 1
1 12 10 4 2 3
1 12 7 3 2 3
1 19 4 3 2 3
1 14 10 3 3 2
1 14 6 8 0 1
1 14 12 1 2 2
1 11 15 3 1 1
1 22 6 2 1 2
1 14 5 4 4 4
1 12 11 3 3 1
1 18 10 2 2 1
1 25 7 3 2 3
1 15 8 3 3 2
1 27 9 1 3 0
1 23 10 1 1 2
1 26 11 1 2 2
1 19 10 0 2 1
1 15 11 4 0 2
1 22 11 1 3 2
1 14 9 4 2 3
1 15 6 3 3 1
1 23 11 1 0 0
1 24 9 1 0 0
1 14 8 5 2 1
1 26 3 5 1 4
1 14 6 2 2 3
1 26 5 2 2 2
1 12 8 3 0 2
1 12 11 2 1 2
1 13 9 5 3 1
1 15 6 4 4 4
1 23 6 6 2 2
1 23 6 6 1 2
1 11 12 5 1 1
1 20 10 5 1 1
1 19 9 0 2 1
1 19 6 4 4 2
1 12 7 6 2 2
1 12 6 8 2 2
1 20 8 1 1 1
1 16 18 1 0 2
1 19 14 3 0 2
1 14 10 1 1 4
1 23 12 4 2 1
1 18 7 2 3 1
1 16 10 2 1 0
1 18 10 2 1 4
1 15 9 3 2 1
1 19 12 1 0 3
1 20 7 3 1 2
1 21 12 5 1 0
1 18 10 2 2 2
1 18 10 3 3 2
1 14 8 1 1 2
1 13 2 0 8 5
1 17 11 0 2 0
1 23 10 1 1 3
1 21 10 3 4 0
1 9 11 6 0 1
1 16 8 1 1 4
1 20 10 0 1 1
1 12 6 3 0 2
1 21 3 3 2 3
1 19 5 3 2 2
1 19 14 2 2 3
1 17 12 5 2 2
1 25 9 2 1 0
1 28 9 5 1 0
1 23 7 2 2 1
1 23 10 2 3 1
1 8 5 8 1 1
1 22 4 1 2 1
1 23 3 3 0 0
1 26 9 1 2 0
1 16 11 1 2 3
1 14 8 3 0 1
1 18 4 3 1 2
1 16 8 7 1 1
1 16 6 1 2 4
1 22 5 0 1 2
1 15 6 4 2 0
1 15 5 3 4 5
1 18 3 3 2 0
1 24 8 3 2 2
1 27 12 2 2 0
1 23 9 1 2 1
1 20 10 0 1 2
1 14 5 2 4 3
1 12 4 2 4 2
1 17 7 3 1 2
1 20 8 4 5 2
1 20 12 3 0 0
1 17 9 0 0 3
1 11 5 4 2 4
1 20 6 1 4 2
1 18 8 2 0 3
1 17 5 1 3 2
1 23 7 1 0 3
1 23 10 2 2 2
1 12 7 3 3 1
1 17 9 1 3 1
1 18 8 1 4 2
1 13 7 3 3 7
1 16 3 4 3 6
1 20 9 2 1 1
1 8 7 7 0 3
1 6 10 5 1 2
1 8 10 5 1 2
1 18 8 5 0 0
1 20 10 0 1 1
1 13 10 1 3 2
1 16 10 1 5 2
1 16 8 3 3 3
1 12 10 3 2 0
1 13 7 1 3 1
1 24 7 0 1 3
1 11 10 2 2 0
1 24 7 5 0 0
1 26 5 0 2 3
1 22 8 0 4 4
1 27 7 0 4 3
1 18 4 3 2 2
1 21 6 1 1 1
1 14 6 3 2 0
1 15 7 2 2 0
1 17 8 4 3 4
1 12 8 3 3 2
1 18 10 1 0 1
1 16 11 1 1 3
1 20 5 3 1 1
1 21 6 4 1 4
1 10 4 3 2 1
1 22 6 1 1 1
1 23 9 2 0 1
1 17 11 4 2 1
1 10 10 4 1 3
1 17 4 1 2 3
1 23 6 0 2 1
1 18 9 5 2 2
1 18 12 3 3 1
1 23 6 4 3 1
1 26 7 5 0 1
1 19 9 4 0 1
1 20 7 3 1 2
1 24 8 2 1 2
1 10 7 3 3 1
1 19 15 1 2 1
1 14 3 1 3 4
1 23 1 1 5 3
1 13 11 2 1 2
1 19 6 3 2 3
1 15 5 2 5 3
1 14 12 2 0 2
1 25 11 1 2 0
1 27 9 1 3 1
1 11 6 5 1 2
1 18 7 2 3 2
1 20 6 3 0 1
1 21 9 2 2 2
1 17 9 3 0 1
1 18 9 2 2 2
1 15 3 1 4 3
1 21 3 3 1 3
1 17 7 3 4 1
1 18 6 4 2 1
1 21 10 3 1 1
1 25 9 0 0 0
1 19 7 2 1 4
1 19 3 1 3 4
1 12 6 2 0 0
1 23 9 3 1 1
1 13 9 1 0 1
1 20 11 3 1 2
1 21 10 3 0 2
1 22 9 5 0 1
1 25 9 5 0 1
1 22 8 2 1 1
1 15 13 1 2 4
1 13 12 3 1 4
1 16 9 2 3 1
1 17 4 3 3 1
1 19 4 1 0 2
1 18 12 5 0 1
1 20 10 6 1 2
1 17 8 1 5 2
1 20 9 1 2 1
1 17 9 2 3 1
1 20 6 0 3 1
1 19 6 3 3 6
1 21 6 2 3 3
1 13 7 6 2 2
1 24 12 2 1 3
1 17 10 4 2 2
1 11 13 1 0 0
1 23 7 2 1 1
1 22 6 0 4 3
1 21 6 0 5 3
1 32 3 2 2 3
1 14 9 1 2 1
1 22 6 2 3 3
1 28 7 2 1 0
1 16 12 2 1 0
1 15 5 0 2 0
1 13 4 1 1 1
1 22 2 5 1 1
1 18 12 1 0 0
1 16 8 6 2 2
1 17 9 2 2 2
1 21 13 3 0 0
1 15 4 3 1 5
1 16 6 5 2 1
1 20 3 2 3 0
1 24 5 1 1 2
1 20 8 1 3 1
1 19 8 0 2 6
1 17 9 6 2 0
1 20 10 4 0 2
1 17 10 3 1 0
1 24 9 5 2 1
1 25 10 5 0 1
1 20 9 5 0 1
1 14 5 2 5 4
1 13 6 0 2 4
1 17 8 3 2 0
1 17 11 4 0 0
1 21 10 3 2 1
1 15 12 4 1 2
1 10 11 5 0 2
1 21 3 2 4 3
1 25 2 1 2 1
1 19 3 1 4 1
1 15 3 2 7 4
1 19 9 2 2 2
1 19 14 3 0 1
1 27 8 1 1 0
1 11 8 3 2 2
1 13 6 4 2 0
1 22 9 0 2 3
1 16 6 2 1 0
1 14 6 4 2 2
1 19 7 2 1 3
1 18 11 4 1 3
1 20 11 2 3 4
1 11 9 5 0 3
1 18 11 4 1 2
1 23 10 0 1 0
1 18 11 2 0 1
1 16 9 2 1 2
1 14 11 3 1 2
1 12 11 6 1 1
1 16 13 7 1 1
1 16 10 1 2 2
1 21 11 0 1 0
1 23 8 0 1 1
1 19 9 2 5 1
1 20 8 5 1 3
1 11 7 2 1 1
1 13 8 2 1 2
1 11 6 1 0 2
1 16 6 4 3 0
1 18 5 3 1 2
1 17 14 1 2 1
1 13 5 5 3 1
1 24 10 3 2 0
1 19 6 3 3 0
1 23 4 3 4 2
1 26 9 1 1 0
1 20 9 4 0 1
1 16 10 3 3 1
1 12 10 0 2 3
1 13 8 0 1 2
1 13 4 3 4 2
1 14 6 6 3 2
1 23 8 2 2 1
1 23 6 3 3 2
1 13 5 5 2 1
1 11 6 5 2 1
1 18 7 1 2 0
1 21 5 7 0 1
1 20 6 4 1 1
1 20 5 2 2 2
1 20 3 0 2 3
1 12 5 4 1 4
1 19 10 4 4 0
1 17 13 2 0 2
1 18 4 4 3 3
1 17 4 3 2 5
1 19 8 3 2 1
1 17 6 1 1 1
1 18 11 2 2 2
1 19 7 2 0 0
1 18 8 1 1 3
1 29 5 3 2 0
1 10 6 2 4 4
1 15 8 2 3 2
1 19 8 4 1 2
1 13 6 2 2 3
1 20 12 1 1 0
1 12 9 2 3 2
1 21 11 3 2 1
1 19 7 6 1 0
1 17 10 7 1 0
1 25 8 2 2 1
1 23 7 3 1 2
1 17 7 5 2 2
0 9 6 1 1 1
0 4 2 0 0 1
0 11 1 0 1 2
0 10 4 1 2 1
0 9 3 3 0 0
0 12 7 1 1 0
0 5 3 2 1 1
0 9 2 3 0 0
0 6 6 0 0 0
0 13 4 1 1 0
0 8 6 3 2 1
0 10 4 1 1 2
0 9 4 0 0 2
0 6 8 1 0 0
0 16 3 3 0 0
0 7 3 0 2 1
0 8 6 0 1 0
0 9 6 3 0 0
0 7 3 2 1 0
0 6 9 3 1 0
0 6 5 1 1 1
0 7 2 1 1 2
0 6 4 0 1 2
0 6 1 1 3 3
0 11 6 0 0 3
0 13 7 1 0 0
0 11 4 0 0 0
0 16 1 1 0 0
0 6 7 2 1 0
0 10 1 1 2 1
0 10 5 2 2 1
0 8 6 1 0 1
0 5 7 3 0 1
0 7 3 4 2 1
0 12 3 2 1 1
0 10 5 1 0 0
0 7 4 1 1 0
0 10 2 2 2 1
0 14 4 1 0 0
0 7 1 1 2 2
0 12 6 1 0 1
0 13 3 0 0 0
0 14 4 0 0 1
0 16 3 0 2 1
0 12 3 2 1 1
0 13 3 0 0 0
0 10 1 0 1 1
0 11 5 0 0 1
0 11 6 1 0 0
0 9 4 0 1 1
0 10 6 0 0 0
0 13 5 1 1 1
0 8 10 0 0 0
0 12 3 1 1 2
0 6 7 1 1 1
0 4 3 3 0 3
0 4 3 0 0 0
0 6 6 1 1 4
0 14 3 1 0 1
0 14 4 0 0 0
0 9 4 1 0 1
0 5 4 2 2 1
0 11 5 1 1 2
0 10 8 1 0 0
0 8 3 1 1 2
0 8 6 0 1 0
0 13 8 2 0 0
0 7 5 0 0 0
0 10 4 1 0 1
0 6 2 3 0 1
0 13 1 1 0 2
0 2 3 1 0 1
0 8 3 6 0 0
0 10 7 1 0 1
0 16 3 0 0 1
0 7 4 1 2 1
0 6 5 5 1 0
0 14 5 0 0 0
0 7 7 4 0 0
0 15 3 1 1 0
0 8 6 3 0 1
0 3 4 2 2 0
0 8 6 2 1 0
0 6 3 0 0 0
0 7 2 1 0 0
0 8 2 1 0 0
0 7 6 1 1 0
0 10 2 2 0 0
0 9 5 2 1 2
0 11 3 2 0 0
0 8 4 3 1 0
0 14 1 0 1 1
0 14 3 0 1 1
0 9 5 4 1 0
0 9 5 2 1 0
0 10 5 3 0 1
0 13 7 0 1 1
0 9 3 5 1 0
0 8 7 1 0 0
0 12 6 2 0 0
0 8 7 1 2 0
0 10 3 2 0 1
0 2 0 2 2 2
0 10 3 2 0 0
0 9 7 2 0 0
0 12 3 1 0 1
0 12 4 0 2 1
0 8 3 0 0 1
0 11 1 2 1 1
0 11 5 0 1 3
0 7 1 1 1 0
0 11 4 1 2 1
0 9 5 3 2 0
0 14 4 1 0 0
0 6 4 1 0 0
0 5 6 1 2 1
0 6 2 3 2 3
0 10 2 2 0 0
0 10 3 2 1 1
0 3 6 0 1 2
0 8 3 0 0 0
0 8 7 1 2 1
0 13 2 0 2 2
0 9 4 1 1 0
0 10 6 2 0 1
0 6 3 1 1 0
0 17 2 0 0 0
0 6 4 0 0 1
0 7 1 1 2 1
0 3 6 4 0 1
0 8 6 2 0 0
0 11 5 0 1 2
0 10 3 1 2 1
0 6 2 1 2 2
0 9 5 1 0 1
0 8 4 0 1 2
0 7 3 4 0 0
0 2 6 5 0 0
0 5 1 1 0 1
0 12 0 2 2 2
0 7 4 0 1 0
0 2 3 3 0 0
0 10 5 2 0 0
0 9 4 1 2 0
0 16 1 1 0 0
0 12 5 0 1 2
0 6 3 2 1 1
0 11 3 1 2 0
0 12 3 1 2 2
0 10 3 2 0 2
0 8 4 2 4 2
0 18 2 0 0 0
0 13 2 0 1 2
0 9 3 2 1 1
0 17 2 2 0 0
0 13 6 1 1 0
0 16 5 0 1 1
0 10 4 0 1 3
0 7 4 0 0 1
0 4 3 0 3 1
0 10 6 3 1 0
0 6 4 3 0 0
0 4 4 1 1 1
0 5 4 3 0 0
0 13 3 0 0 2
0 3 4 1 0 1
0 7 4 1 0 0
0 9 6 1 1 0
0 10 3 3 1 1
0 10 7 0 0 1
0 9 6 2 2 1
0 11 3 1 2 2
0 7 4 2 0 1
0 5 2 1 1 1
0 13 2 0 1 0
0 5 6 0 2 3
0 5 4 2 2 1
0 12 6 0 0 1
0 9 5 0 0 0
0 9 0 0 3 1
0 13 3 0 1 1
0 7 3 0 1 2
0 9 4 0 1 1
0 9 3 1 0 1
0 3 7 2 0 1
0 7 6 6 0 1
0 14 4 0 0 1
0 8 4 2 1 2
0 11 5 1 2 2
0 6 8 1 0 1
0 13 2 1 2 1
0 13 3 2 1 1
0 13 3 0 0 0
0 5 2 1 1 0
0 9 4 0 0 0
0 11 4 1 0 1
0 8 2 1 1 2
0 11 5 2 0 0
0 5 5 1 1 1
0 12 4 1 1 1
0 8 2 2 1 0
0 4 3 1 1 0
0 8 3 0 1 0
0 6 5 0 1 0
0 11 4 1 1 2
0 12 4 1 2 2
0 10 6 2 0 0
0 10 2 1 0 1
0 5 1 3 0 2
0 8 5 2 1 1
0 6 6 2 1 2
0 10 3 3 0 1
0 9 3 0 0 0
0 13 3 0 1 2
0 11 3 3 1 1
0 10 4 3 1 1
0 4 4 4 0 0
0 8 5 1 1 2
0 9 4 1 0 0
0 2 3 2 0 2
0 10 4 0 2 1
0 11 6 0 0 1
0 4 2 2 0 1
0 13 4 0 1 1
0 15 3 1 0 0
0 5 3 2 1 1
0 10 6 1 0 2
0 13 4 2 0 0
0 10 3 0 2 0
0 8 4 1 2 0
0 10 5 0 2 0
0 14 3 1 1 2
0 11 6 0 0 0
0 7 7 3 1 0
0 7 8 1 0 0
0 13 4 1 0 0
0 7 3 0 1 1
0 6 1 0 2 1
0 10 5 0 0 1
0 3 3 0 1 0
0 5 1 0 1 1
0 8 6 3 0 0
0 9 8 0 1 0
0 10 7 1 0 1
0 11 4 1 1 0
0 10 5 0 1 1
0 8 6 2 0 1
0 18 2 1 1 0
0 12 3 0 2 1
0 6 4 4 1 0
0 19 2 0 0 1
0 9 3 0 2 2
0 6 5 1 1 0
0 8 7 2 1 2
0 10 6 1 0 0
0 12 6 2 0 0
0 10 3 0 0 1
0 5 2 3 1 1
0 12 6 0 2 3
0 5 7 4 1 0
0 13 1 1 0 2
0 7 7 3 1 1
0 17 5 1 0 0
0 10 1 0 2 3
0 13 6 0 0 0
0 15 3 0 1 1
0 13 3 0 1 1
0 12 3 1 2 0
0 8 6 0 0 0
0 5 6 2 0 0
0 11 6 1 0 0
0 10 7 0 0 0
0 14 2 2 1 1
0 7 4 3 1 2
0 10 7 0 1 0
0 7 5 1 0 0
0 6 3 0 0 0
0 1 2 1 0 1
0 9 6 2 0 0
0 3 4 0 1 0
0 4 3 3 2 0
0 16 2 0 0 0
0 4 4 2 1 0
0 5 2 0 2 1
0 8 1 3 2 1
0 7 5 1 0 0
0 7 5 1 1 1
0 9 2 0 0 0
0 10 3 1 1 2
0 12 6 0 1 1
0 8 1 0 1 1
0 6 2 2 1 0
0 7 6 0 0 1
0 12 2 1 2 1
0 11 4 2 1 1
0 9 3 1 0 0
0 10 5 2 1 1
0 7 7 1 1 0
0 14 5 2 0 0
0 8 4 2 0 1
0 9 6 1 1 1
0 10 7 1 0 0
0 7 5 0 0 0
0 9 10 1 0 0
0 14 4 0 2 1
0 13 4 1 1 1
0 9 5 0 1 1
0 5 3 0 2 2
0 8 3 2 1 0
0 10 2 0 3 1
0 14 3 1 0 1
0 6 3 3 1 2
0 13 2 0 1 3
0 8 2 2 2 1
0 13 3 3 0 0
0 4 8 1 1 0
0 8 5 0 0 0
0 8 4 3 2 2
0 9 5 0 1 0
0 14 6 0 1 0
0 6 1 0 1 1
0 10 7 0 0 0
0 9 7 1 0 0
0 12 3 2 2 1
0 8 4 3 1 1
0 9 4 2 0 0
0 8 7 0 1 0
0 5 9 2 0 0
0 2 7 2 2 0
0 7 1 2 1 0
0 7 4 0 1 2
0 10 4 5 2 0
0 9 6 1 1 3
0 10 4 0 0 0
0 8 4 2 2 0
0 5 5 3 1 1
0 9 2 2 1 1
0 14 4 2 0 0
0 9 4 2 1 1
0 11 4 1 1 0
0 8 6 2 0 0
0 13 5 2 0 0
0 8 4 0 3 2
0 12 1 0 0 0
0 6 6 2 0 1
0 12 4 2 0 1
0 12 2 1 1 2
0 8 3 4 0 2
0 9 3 0 1 1
0 7 3 1 0 1
0 7 3 1 0 2
0 6 2 0 3 1
0 7 9 1 1 1
0 5 8 3 0 0
0 12 7 2 0 0
0 3 3 4 2 1
0 11 4 3 1 0
0 10 2 1 2 0
0 9 5 0 1 0
0 10 5 0 2 2
0 12 4 1 1 1
0 9 5 1 0 0
0 10 5 1 0 0
0 8 3 0 1 0
0 17 6 0 0 0
0 12 4 1 1 1
0 9 4 1 1 0
0 10 4 0 2 1
0 12 6 1 0 0
0 5 4 0 0 2
0 9 7 2 2 1
0 12 7 1 0 0
0 7 5 1 1 2
0 6 4 0 0 1
0 9 2 1 2 2
0 7 4 2 2 4
0 10 3 0 1 0
0 8 3 0 3 2
0 6 6 1 2 2
0 8 4 1 0 0
0 6 3 1 4 2
0 12 7 0 1 0
0 12 2 0 1 4
0 10 4 1 0 1
0 6 5 1 1 1
0 8 3 2 2 1
0 10 4 0 2 1
0 5 5 2 2 2
0 9 6 1 0 1
0 8 2 0 3 1
0 5 4 4 1 2
0 8 6 3 1 1
0 11 7 1 2 0
0 8 5 0 1 1
0 8 1 0 1 1
0 10 3 5 0 0
0 13 6 1 0 1
0 15 1 4 0 1
0 7 4 2 0 0
0 13 4 0 0 3
0 11 3 1 2 0
0 6 4 3 0 0
0 12 5 1 0 1
0 8 4 0 1 0
0 4 4 0 1 0
0 14 5 0 0 2
0 13 4 2 1 1
0 10 1 3 1 0
0 4 2 2 2 0
0 9 3 2 2 1
0 11 8 1 0 0
0 5 3 2 0 0
0 9 5 0 0 1
0 13 2 0 3 2
0 8 6 2 3 1
0 9 4 1 1 1
0 6 3 2 0 2
0 9 3 0 1 2
0 3 5 1 1 0
0 13 2 0 2 1
0 14 5 0 1 0
0 9 7 0 1 0
0 10 5 1 1 0
0 9 4 1 2 2
0 3 2 3 0 3
0 11 0 0 1 2
0 12 7 2 0 0
0 10 1 2 0 0
0 23 0 0 0 0
0 10 1 1 1 1
0 10 5 4 0 1
0 15 2 3 1 1
0 13 6 0 1 1
0 13 4 0 0 0
0 10 3 0 1 2
0 7 3 2 2 2
0 8 3 0 0 0
0 10 1 1 2 1
0 15 2 0 1 0
0 10 2 1 0 0
0 8 4 2 1 0
0 10 2 1 0 0
0 12 1 4 1 0
0 11 3 0 1 0
0 8 4 1 0 1
0 10 3 0 2 5
0 12 6 1 1 1
0 3 3 2 1 1
0 18 2 0 1 0
0 3 9 3 0 2
0 10 5 1 1 0
0 1 1 1 0 0
0 12 4 0 1 2
0 12 2 1 0 0
0 13 6 0 0 0
0 9 5 0 1 0
0 13 4 1 3 0
0 11 4 4 0 0
0 6 1 2 2 1
0 11 6 0 0 0
0 14 9 0 0 0
0 6 3 3 2 1
0 9 3 3 0 0
0 10 8 1 0 2
0 14 3 1 0 0
0 12 7 0 0 0
0 13 6 1 0 0
0 6 3 0 1 1
0 15 1 0 1 0
0 11 4 0 0 0
0 13 3 3 2 0
0 12 5 2 1 0
0 12 3 1 0 1
0 12 4 2 2 0
0 5 6 3 1 1
0 7 5 3 2 1
0 11 3 4 0 0
0 8 7 3 1 0
0 7 7 2 1 1
0 9 3 1 1 1
0 11 4 1 1 2
0 11 3 3 0 0
0 10 3 0 1 1
0 14 3 2 2 1
0 11 5 2 0 1
0 10 5 3 1 0
0 12 2 2 1 0
0 7 3 1 0 1
0 13 7 2 0 0
0 10 3 4 1 0
0 8 5 2 1 1
0 12 3 4 0 0
0 8 5 3 1 0
0 12 4 0 0 0
0 8 8 1 0 1
0 9 3 0 1 2
0 9 7 1 1 1
0 13 3 1 0 0
0 6 2 0 0 1
0 12 4 2 1 1
0 11 7 1 1 0
0 15 4 2 1 0
0 10 6 1 1 0
0 17 3 2 0 0
0 12 5 2 1 0
0 6 6 0 2 3
0 8 5 0 0 1
0 8 5 1 0 1
0 6 8 3 1 0
0 9 4 0 1 1
0 13 3 2 1 0
0 12 4 2 1 1
0 13 2 0 1 0
0 13 2 2 0 2
0 10 5 0 0 0
0 6 2 3 0 1
0 12 2 2 1 2
0 8 3 0 1 2
0 10 6 0 1 1
0 12 4 2 0 1
0 8 7 1 0 0
0 5 5 0 2 1
0 9 5 3 0 0
0 13 2 0 2 2
0 8 4 0 3 2
0 13 6 1 0 1
0 14 3 1 1 0
0 7 9 2 0 0
0 13 6 2 0 0
0 9 6 3 1 0
0 6 5 0 1 0
0 9 5 1 2 1
0 7 6 1 0 1
0 6 3 1 1 0
0 8 7 1 0 0
0 13 5 1 2 1
0 13 6 1 1 1
0 16 6 1 0 0
0 5 1 0 1 4
0 15 2 1 1 1
0 10 3 2 0 2
0 4 3 2 1 0
0 7 4 4 0 0
0 7 5 2 1 1
0 12 3 0 1 2
0 10 4 3 1 1
0 11 5 1 2 1
0 8 7 0 1 0
0 15 3 1 1 0
0 13 5 1 0 0
0 7 1 4 0 1
0 8 5 0 1 0
0 5 6 1 0 1
0 5 3 0 2 1
0 13 4 1 1 0
0 13 7 1 1 0
0 11 6 1 1 1
0 6 5 2 1 1
0 6 9 3 1 0
0 18 2 0 2 1
0 10 6 0 0 1
0 11 4 2 1 1
0 8 6 3 0 0
0 3 4 1 1 2
0 10 4 1 1 1
0 5 5 0 0 0
0 10 7 1 2 1
0 5 4 3 0 1
0 14 4 0 2 0
0 9 2 1 1 0
0 7 2 0 1 1
0 10 3 1 1 3
0 11 5 0 1 0
0 7 2 5 1 1
0 14 4 0 0 1
0 14 1 1 1 0
0 10 3 3 2 0
0 7 3 3 1 2
0 11 4 0 2 0
0 6 4 0 0 0
0 9 4 0 1 0
0 10 4 2 1 0
0 11 1 3 2 2
0 10 2 0 1 1
0 10 4 0 0 2
0 7 3 0 1 3
0 9 2 3 0 1
0 11 3 0 0 0
0 8 5 1 0 1
0 9 4 1 1 1
0 3 8 2 0 0
0 13 2 0 1 0
0 16 4 1 0 0
0 10 5 3 0 0
0 8 7 1 1 0
0 16 3 0 0 1
0 11 7 3 0 0
0 10 6 0 1 2
0 12 6 0 1 1
0 4 4 3 0 1
0 9 6 1 1 0
0 11 6 2 0 0
0 7 4 3 2 1
0 13 3 2 0 1
0 6 4 1 1 2
0 12 5 0 0 1
0 6 4 3 1 0
0 8 3 0 2 3
0 8 4 4 1 0
0 13 4 0 0 0
0 2 4 1 2 0
0 4 7 1 0 0
0 9 5 1 0 0
0 3 4 3 0 0
0 3 1 2 1 1
0 8 2 0 0 1
0 16 4 0 0 0
0 6 5 2 0 0
0 9 2 1 2 1
0 12 7 1 0 0
0 5 4 1 3 2
0 9 3 3 1 0
0 8 9 0 2 0
0 12 4 1 0 0
0 9 6 2 0 0
0 9 3 2 0 0
0 10 8 1 0 1
0 6 4 0 2 1
0 20 1 0 1 0
0 6 4 0 3 3
0 12 3 2 1 2
0 8 5 2 0 2
0 4 6 1 0 0
0 8 5 1 1 0
0 7 5 1 1 0
0 10 3 0 1 0
0 8 0 0 1 0
0 9 6 1 1 2
0 10 4 2 1 1
0 12 6 2 0 0
0 13 6 0 1 1
0 9 6 1 1 1
0 9 4 2 0 0
0 10 6 1 1 0
0 6 4 4 0 0
0 12 7 1 0 0
0 12 5 0 2 1
0 12 4 2 0 0
0 9 4 3 1 0
0 11 6 2 0 0
0 10 3 2 2 1
0 10 8 1 1 0
0 9 6 1 0 2
0 14 5 0 0 1
0 6 6 2 0 0
0 8 1 2 0 1
0 9 4 1 1 1
0 9 4 2 0 2
0 13 5 0 1 1
0 12 3 0 0 2
0 9 1 0 0 0
0 8 3 1 0 1
0 7 8 4 0 0
0 17 3 2 1 0
0 12 6 3 0 0
0 9 4 1 2 2
0 5 6 3 1 0
0 8 6 0 1 0
0 10 3 2 1 5
0 7 6 3 1 0
0 12 7 2 0 0
0 8 3 1 0 0
0 10 5 4 0 0
0 9 4 1 1 1
0 6 3 2 1 2
0 16 6 0 0 0
0 11 3 1 0 0
0 8 2 1 2 1
0 12 4 1 1 0
0 13 5 1 0 1
0 15 4 2 0 0
0 14 1 0 1 2
0 12 6 0 0 0
0 10 3 1 1 2
0 11 4 3 1 1
0 9 4 1 3 1
0 5 2 1 1 1
0 12 4 1 1 1
0 10 6 0 0 1
0 13 3 1 0 0
0 8 5 2 2 0
0 7 5 4 0 1
0 3 5 2 1 1
0 15 4 3 0 0
0 6 4 0 1 2
0 10 7 2 0 0
0 14 4 1 1 0
0 11 5 1 3 0
0 10 4 0 1 1
0 10 4 0 2 2
0 4 7 1 0 0
0 9 0 0 0 1
0 8 3 1 2 0
0 11 3 1 0 1
0 13 3 0 1 3
0 12 4 1 2 2
0 5 5 2 2 1
0 7 6 2 0 0
0 12 1 2 2 0
0 7 1 1 0 1
0 8 8 2 0 0
0 13 4 1 2 1
0 6 7 2 1 1
0 11 5 2 1 1
0 9 5 1 1 0
0 9 6 1 1 0
0 11 6 1 0 0
0 10 4 4 0 1
0 10 4 0 0 2
0 6 5 1 1 1
0 5 6 2 1 3
0 13 4 0 0 1
0 10 7 2 2 0
0 5 6 4 0 0
0 9 6 1 0 0
0 11 5 0 1 1
0 10 6 0 1 1
0 7 8 0 0 0
0 8 0 0 2 0
0 12 1 2 2 2
0 9 7 2 0 0
0 8 9 1 0 0
0 10 6 1 0 0
0 10 7 0 1 1
0 13 3 2 0 2
0 13 4 0 0 1
0 9 4 1 2 1
0 16 2 0 0 0
0 10 4 0 1 1
0 4 6 3 1 0
0 7 4 0 1 3
0 8 2 1 2 3
0 12 6 2 0 0
0 7 2 1 0 0
0 8 6 0 1 1
0 14 3 1 1 1
0 5 5 0 2 1
0 12 4 1 2 2
0 11 5 0 0 1
0 12 6 1 0 0
0 16 1 1 0 1
0 12 4 0 0 1
0 7 2 1 3 2
0 8 4 3 0 0
0 11 6 1 1 1
0 7 5 4 2 2
0 11 7 2 0 0
0 12 2 1 1 2
0 9 6 1 0 1
0 19 4 0 0 0
0 9 3 3 1 1
0 12 5 1 1 0
0 7 8 3 0 1
0 7 7 2 0 2
0 12 6 1 0 1
0 9 6 1 1 1
0 6 6 1 1 1
0 16 5 1 0 0
0 8 8 0 0 0
0 8 6 2 1 0
0 5 7 1 0 0
0 8 3 1 1 1
0 17 5 1 0 0
0 7 3 2 1 1
0 10 5 1 3 1
0 9 0 0 2 2
0 10 4 1 0 0
0 13 5 0 1 1
0 7 5 2 0 0
0 9 2 2 0 3
0 13 3 0 1 0
0 12 5 2 0 0
0 5 4 2 2 1
0 10 7 1 0 0
0 6 5 1 0 0
0 5 0 1 1 0
0 9 2 2 1 2
0 3 3 4 2 0
0 12 2 3 0 1
0 4 3 2 1 1
0 9 5 3 1 1
0 9 3 3 1 0
0 10 3 0 0 1
0 6 5 0 0 0
0 12 2 2 0 0
0 8 7 1 0 1
0 7 3 2 1 2
0 12 2 1 1 1
0 10 2 2 0 0
0 10 3 2 0 0
0 12 4 3 1 0
0 10 2 2 1 1
0 10 6 4 0 0
0 10 1 3 0 1
0 11 3 2 2 2
0 9 3 1 2 0
0 11 3 1 0 0
0 10 5 2 0 0
0 7 6 0 1 1
0 7 3 1 0 0
0 8 4 0 2 2
0 10 8 1 0 0
0 13 3 2 1 1
0 15 5 1 1 0
0 7 4 0 0 1
0 11 6 1 1 0
0 12 3 0 1 2
0 11 2 1 3 0
0 5 9 1 2 0
0 10 6 1 1 0
0 7 5 2 1 2
0 9 6 1 2 1
0 8 5 2 0 0
0 7 4 1 2 1
0 8 4 2 0 0
0 9 4 1 1 1
0 12 4 2 0 0
0 11 4 1 2 1
0 7 5 0 0 0
0 6 8 0 0 0
0 7 4 2 0 0
0 12 8 1 0 0
0 15 4 1 0 0
0 8 5 0 2 1
0 14 4 0 0 1
0 7 7 0 1 2
0 6 3 2 0 0
0 7 6 1 3 3
0 9 3 0 2 1
0 7 5 1 1 0
0 12 4 1 2 0
0 6 4 3 1 1
0 6 4 5 1 1
0 5 4 1 0 0
0 5 5 3 3 0
0 8 5 1 1 0
0 7 5 4 0 0
0 16 2 2 0 1
0 5 4 3 1 1
0 7 2 0 1 1
0 2 3 0 1 0
0 8 3 3 0 1
0 7 6 0 1 1
0 10 6 1 1 1
0 14 4 2 0 0
0 3 5 0 1 0
0 9 7 2 0 0
0 5 9 3 0 0
0 10 4 1 1 0
0 12 7 1 0 1
0 10 3 0 2 2
0 8 2 1 1 0
0 10 6 2 0 0
0 12 6 0 0 1
0 11 4 3 0 0
0 12 5 0 2 0
0 10 5 0 1 0
0 13 4 1 1 0
0 9 5 0 3 0
0 10 4 2 1 2
0 5 3 2 0 0
0 4 6 2 3 1
0 15 3 0 0 1
0 12 4 0 2 0
0 6 4 0 0 0
0 7 5 0 0 0
0 11 2 1 2 2
0 5 4 3 0 0
0 8 8 1 0 0
0 8 2 0 1 0
0 11 5 1 0 1
0 11 5 2 1 0
0 10 4 1 1 1
0 12 4 3 0 1
0 13 5 0 0 0
0 10 2 0 0 1
0 4 4 0 1 0
0 10 6 0 1 1
0 18 4 0 0 0
0 7 5 0 0 1
0 12 2 1 2 0
0 5 4 1 1 0
0 13 3 1 1 0
0 10 7 2 0 1
0 7 6 2 0 0
0 13 5 1 1 0
0 8 2 1 2 1
0 4 7 2 1 0
0 10 5 0 0 1
0 6 1 1 2 2
0 7 5 4 0 0
0 10 4 2 2 1
0 8 6 0 1 1
0 8 3 3 2 1
0 12 4 2 0 0
0 13 7 2 0 0
0 9 3 3 1 1
0 6 4 3 1 1
0 11 2 0 0 0
0 9 7 0 0 0
0 15 4 2 0 0
0 12 5 0 0 0
0 12 4 1 0 1
0 10 3 1 1 0
0 8 7 4 0 0
0 8 5 0 3 3
0 11 3 3 1 0
0 12 5 3 0 1
0 4 4 2 1 3
0 13 4 2 1 0
0 7 6 2 1 1
0 8 5 0 0 0
0 9 6 0 2 0
0 11 3 3 2 1
0 7 6 1 0 2
0 9 4 1 0 1
0 11 6 0 1 2
0 6 5 3 2 2
0 8 7 2 1 0
0 15 5 1 2 0
0 12 2 1 0 1
0 10 3 0 0 3
0 13 4 1 1 0
0 10 8 2 0 0
0 13 3 1 1 0
0 6 6 3 0 1
0 5 3 1 0 1
0 14 5 0 0 1
0 7 3 0 1 0
0 9 5 2 1 1
0 9 5 2 0 2
0 15 5 0 0 0
0 8 4 2 1 0
0 12 7 3 0 0
0 6 8 3 0 0
0 10 2 3 1 1
0 8 9 1 1 0
0 9 6 1 0 0
0 11 6 0 0 0
0 8 3 3 0 0
0 12 4 2 0 2
0 8 0 0 1 1
0 5 6 0 0 0
0 7 4 1 3 3
0 14 3 2 1 0
0 5 3 2 1 1
0 4 3 2 1 1
0 9 2 1 1 1
0 6 3 0 0 0
0 10 6 1 0 1
0 3 1 4 0 0
0 12 6 3 1 0
0 12 2 1 1 2
0 5 3 0 0 0
0 12 7 2 0 0
0 5 4 1 0 0
0 7 5 0 1 0
0 8 5 3 1 2
0 12 5 2 0 1
0 9 3 0 0 1
0 5 3 1 0 0
0 11 2 0 4 1
0 9 5 4 0 0
0 10 1 2 2 1
0 16 3 0 1 1
0 7 4 1 2 1
0 9 6 3 0 1
0 6 3 1 1 1
0 10 11 0 1 0
0 16 4 0 0 1
0 7 6 2 1 0
0 10 2 2 0 0
0 10 5 2 2 1
0 9 4 3 1 0
0 11 2 2 2 0
0 9 6 3 0 0
0 11 5 2 1 0
0 9 6 2 0 2
0 10 4 3 0 0
0 8 4 2 3 0
0 10 8 1 0 0
0 6 2 2 1 4
0 7 3 0 0 0
0 8 1 1 2 2
0 12 6 0 0 1
0 10 4 1 1 1
0 9 7 1 0 0
0 10 4 1 1 1
0 10 6 4 1 0
0 8 3 0 1 1
0 17 3 0 1 0
0 11 1 1 0 1
0 7 6 1 1 1
0 5 3 3 0 0
0 13 1 1 1 2
0 5 2 1 1 1
0 9 6 0 0 0
0 11 3 0 0 0
0 10 7 0 1 1
0 18 3 0 0 0
0 5 3 0 2 1
0 10 6 0 1 2
0 7 3 4 0 0
0 8 4 1 2 0
0 10 3 1 0 0
0 10 5 4 1 1
0 15 6 1 0 0
0 4 4 1 1 0
0 11 4 1 1 1
0 5 5 1 2 1
0 11 4 0 2 1
0 12 5 0 0 1
0 10 3 0 1 2
0 10 2 1 2 3
0 9 5 1 0 1
0 14 6 1 0 0
0 10 4 0 1 2
0 12 6 2 1 0
0 5 7 0 0 1
0 6 4 1 0 1
0 13 5 2 1 0
0 13 5 0 0 1
0 10 6 1 0 0
0 15 2 0 0 1
0 8 3 1 1 2
0 10 6 1 1 0
0 10 5 2 1 0
0 8 4 1 2 2
0 8 7 3 0 0
0 9 2 0 0 1
0 8 4 0 3 1
0 10 4 0 1 0
0 6 3 0 1 1
0 16 2 0 1 1
0 7 5 2 1 1
0 12 5 1 0 0
0 11 5 1 1 1
0 5 4 2 1 1
0 8 2 1 0 1
0 8 2 0 1 1
0 7 6 1 0 0
0 6 3 0 2 2
0 12 4 1 2 0
0 4 3 1 1 1
0 14 1 1 0 0
0 13 4 0 2 1
0 13 8 0 0 0
0 9 2 0 1 0
0 12 6 0 0 0
0 3 2 2 0 1
0 8 3 3 1 1
0 11 6 1 1 0
0 12 3 1 2 1
0 7 4 1 2 0
0 9 6 0 0 0
0 12 1 1 4 2
0 13 5 0 1 0
0 12 4 0 0 0
0 9 8 3 0 0
0 9 4 1 2 0
0 4 3 0 0 0
0 10 5 2 1 1
0 11 4 0 0 0
0 10 6 1 2 1
0 4 5 2 1 0
0 13 3 0 0 3
0 10 3 1 2 2
0 5 4 3 0 1
0 12 3 2 1 1
0 5 2 2 0 0
0 10 3 2 2 1
0 18 3 0 0 0
0 6 1 1 2 0
0 11 2 0 1 0
0 6 5 4 0 2
0 10 5 0 1 1
0 9 3 1 1 1
0 10 4 3 1 1
0 11 4 0 1 0
0 14 5 2 2 0
0 14 6 3 0 0
0 9 6 2 1 0
0 12 3 0 2 1
0 11 4 3 1 1
0 15 1 1 3 0
0 5 5 3 1 1
0 10 4 1 1 1
0 15 2 1 0 1
0 7 6 1 0 1
0 10 4 0 0 0
0 9 4 2 2 1
0 7 6 6 0 0
0 16 3 0 1 0
0 15 4 0 1 1
0 8 1 0 1 0
0 10 2 2 0 1
0 11 5 0 1 1
0 16 5 0 0 0
0 8 5 1 2 1
0 12 8 2 0 0
0 11 4 0 0 0
0 15 2 2 0 1
0 8 3 0 0 0
0 8 6 1 1 1
0 11 4 0 1 0
0 4 7 1 0 2
0 10 6 1 1 1
0 11 4 1 0 0
0 10 3 0 1 2
0 13 4 3 0 1
0 14 6 1 0 0
0 12 5 0 1 2
0 14 3 1 0 0
0 7 6 3 0 0
0 8 4 1 0 2
0 8 3 0 1 1
0 7 4 3 2 1
0 11 6 0 3 0
0 13 5 0 2 1
0 11 5 3 0 0
0 7 1 2 0 3
0 6 4 3 0 1
0 7 4 2 1 0
0 9 7 4 0 0
0 11 4 2 0 1
0 9 9 0 1 1
0 13 4 1 2 2
0 5 3 1 1 0
0 12 8 2 0 0
0 9 3 0 1 0
0 7 8 1 0 0
0 10 2 1 1 1
0 11 3 1 1 1
0 14 3 2 0 0
0 13 2 0 2 1
0 10 5 2 0 0
0 6 6 2 0 1
0 12 3 0 0 0
0 7 3 1 2 1
0 4 3 1 0 0
0 7 2 0 1 2
0 5 7 3 0 1
0 4 3 3 0 0
0 5 4 1 0 0
0 5 4 1 2 0
0 5 7 1 0 0
0 9 5 2 1 1
0 6 3 2 0 0
0 10 4 2 1 2
0 15 3 0 3 0
0 11 3 4 1 0
0 7 4 0 1 0
0 6 8 2 1 0
0 11 4 0 1 1
0 8 5 0 0 1
0 10 3 1 1 0
0 19 1 0 2 1
0 11 1 0 2 4
0 7 4 0 0 1
0 9 7 2 1 1
0 6 4 0 1 1
0 8 7 0 0 0
0 4 4 3 1 1
0 13 4 1 0 2
0 9 2 2 0 1
0 7 3 0 1 1
0 15 2 2 1 0
0 11 5 0 1 0
0 13 3 0 0 0
0 8 4 2 0 2
0 12 3 0 1 1
0 3 2 1 1 0
0 11 2 1 2 1
0 5 4 1 0 0
0 14 7 1 0 1
0 9 4 0 0 3
0 8 3 2 0 0
0 18 3 0 0 0
0 13 4 0 0 0
0 13 4 0 0 2
0 8 4 0 2 1
0 8 5 1 2 0
0 8 6 3 0 0
0 6 3 1 2 1
0 11 6 0 0 0
0 8 5 1 0 0
0 13 3 1 1 1
0 15 3 1 1 1
0 13 5 1 0 0
0 11 4 0 1 1
0 3 1 1 1 0
0 11 7 0 2 1
0 12 5 2 1 0
0 7 2 3 0 2
0 11 4 2 0 1
0 10 3 1 2 0
0 8 3 0 0 2
0 8 3 1 1 2
0 10 4 0 0 0
0 8 6 0 1 3
0 10 4 1 1 1
0 9 6 1 2 1
0 14 2 3 0 1
0 4 2 0 1 2
0 11 4 1 0 0
0 10 5 0 1 1
0 6 4 2 4 2
0 6 7 2 1 0
0 11 3 1 1 0
0 9 5 3 0 1
0 10 6 0 1 0
0 15 3 3 1 0
0 8 3 2 0 1
0 11 6 2 0 0
0 13 6 0 0 0
0 10 4 0 3 1
0 11 6 0 1 1
0 13 6 0 1 0
0 10 4 2 1 0
0 8 3 2 0 2
0 8 2 1 2 1
0 8 5 3 1 0
0 12 6 2 0 0
0 9 1 3 1 1
0 9 3 1 0 0
0 10 9 0 0 0
0 8 2 0 2 1
0 7 6 3 0 0
0 10 5 2 0 1
0 12 5 3 0 0
0 13 3 0 0 1
0 13 0 0 0 0
0 11 2 1 2 3
0 12 5 2 0 0
0 8 5 1 0 0
0 13 4 1 1 0
0 6 5 3 2 1
0 11 3 1 2 1
0 7 5 0 2 0
0 9 3 1 0 0
0 8 3 0 1 2
0 6 3 2 0 1
0 15 4 0 0 0
0 9 2 0 0 0
0 6 9 1 0 0
0 16 4 0 0 0
0 9 4 0 1 1
0 7 2 1 1 1
0 9 6 0 1 0
0 8 5 0 1 1
0 12 2 0 1 0
0 13 4 1 0 1
0 5 2 1 0 2
0 6 5 1 1 2
0 14 1 1 1 2
0 4 4 2 1 0
0 11 4 5 0 0
0 7 5 3 2 1
0 6 8 0 0 0
0 14 4 1 0 0
0 10 2 1 2 0
0 7 5 3 0 0
0 13 5 1 0 2
0 15 4 0 1 0
0 14 2 0 1 1
0 17 2 2 0 1
0 9 5 1 2 1
0 12 5 1 1 1
0 9 5 2 0 0
0 4 2 3 4 1
0 9 5 0 1 0
0 9 6 1 2 0
0 8 2 1 2 3
0 8 3 2 1 0
0 10 1 3 2 2
0 8 7 2 0 2
0 9 8 1 0 0
0 9 5 2 1 0
0 11 3 1 1 2
0 10 7 0 0 0
0 13 4 1 0 2
0 4 3 1 2 1
0 11 5 1 0 1
0 11 5 2 0 1
0 11 7 0 1 0
0 14 3 1 0 0
0 13 4 4 2 0
0 7 4 1 1 1
0 11 5 0 1 0
0 7 3 2 2 2
0 6 2 2 2 1
0 10 8 0 0 0
0 12 0 2 0 1
0 11 3 2 1 2
0 6 4 3 2 0
0 14 3 2 0 0
0 7 4 3 1 1
0 10 2 3 3 2
0 4 7 2 0 0
0 15 3 1 1 0
0 12 1 0 5 1
0 11 5 0 1 0
0 12 5 0 0 1
0 6 3 0 1 1
0 6 7 3 0 2
0 6 5 1 1 1
0 8 5 2 1 1
0 4 5 1 1 2
0 2 5 0 0 0
0 10 5 0 0 2
0 4 0 1 1 0
0 10 4 2 0 1
0 7 5 0 1 0
0 12 3 1 0 2
0 9 4 1 2 1
0 7 3 1 1 2
0 10 6 0 0 1
0 12 4 1 1 1
0 5 8 4 1 1
0 8 2 1 0 1
0 10 3 3 1 1
0 11 3 1 0 1
0 11 2 0 2 3
0 10 4 0 2 2
0 13 6 0 1 0
0 13 3 1 0 0
0 6 5 1 0 2
0 9 4 1 1 1
0 12 6 2 0 0
0 15 0 1 0 0
0 8 6 0 2 0
0 7 5 4 0 0
0 4 5 1 1 1
0 13 3 2 0 0
0 4 4 5 1 0
0 8 3 3 1 1
0 1 5 1 0 0
0 12 3 0 1 0
0 7 3 1 1 0
0 8 5 1 0 0
0 10 5 1 1 1
0 8 0 0 3 2
0 9 5 2 0 0
0 5 3 3 1 2
0 15 6 1 1 0
0 10 8 0 0 1
0 12 5 2 1 0
0 13 4 2 0 0
0 18 2 0 1 1
0 14 6 0 0 0
0 8 0 3 2 2
0 5 2 0 1 0
0 7 2 0 0 1
0 9 2 1 0 0
0 10 1 0 1 1
0 12 5 1 1 0
0 6 4 3 0 0
0 6 4 1 0 0
0 9 6 1 3 2
0 11 7 2 0 0
0 9 7 1 1 1
0 9 6 2 1 2
0 9 5 1 2 1
0 6 5 2 1 1
0 8 3 1 1 1
0 8 3 2 1 2
0 7 6 0 1 1
0 9 4 2 1 2
0 8 3 2 0 2
0 11 6 1 1 0
0 12 3 1 1 2
0 7 4 0 1 3
0 9 3 2 1 1
0 17 4 2 0 0
0 6 1 4 2 1
0 9 3 1 1 2
0 10 6 2 0 1
0 10 4 1 1 1
0 8 6 0 0 0
0 13 3 1 1 1
0 8 5 2 0 1
0 6 7 0 0 0
0 14 2 0 0 2
0 12 5 0 2 1
0 9 1 1 2 1
0 5 6 4 1 0
0 7 5 0 2 1
0 8 4 3 2 0
0 7 5 3 1 1
0 9 6 0 1 1
0 11 2 2 1 2
0 11 4 3 1 0
0 10 5 2 0 0
0 3 2 4 1 1
0 13 6 0 0 1
0 10 3 2 1 1
0 10 4 2 1 1
0 11 7 1 0 2
0 6 9 1 1 0
0 5 5 1 0 0
0 5 3 3 0 1
0 5 4 2 1 2
0 15 3 1 0 1
0 9 4 2 1 3
0 10 5 0 1 0
0 5 8 0 0 0
0 5 6 2 1 0
0 5 5 1 1 0
0 13 2 2 1 1
0 15 4 2 0 0
0 7 5 3 0 1
0 12 7 1 0 0
0 9 1 2 0 0
0 12 3 1 0 1
0 9 5 1 1 1
0 3 4 1 3 0
0 6 4 2 0 0
0 5 3 2 0 1
0 7 7 1 0 0
0 9 4 4 0 0
0 12 7 1 0 0
0 6 1 0 0 1
0 10 3 1 1 1
0 13 4 1 1 0
0 3 6 3 1 0
0 12 7 1 0 0
0 5 4 0 0 1
0 13 3 3 0 0
0 7 4 2 2 1
0 13 4 3 0 0
0 6 7 0 1 0
0 8 7 2 1 0
0 11 2 1 2 2
0 14 3 1 1 1
0 11 9 0 0 1
0 10 4 0 0 2
0 9 4 3 0 1
0 7 3 2 1 1
0 4 8 2 1 0
0 11 5 0 1 0
0 6 9 0 2 0
0 15 3 0 0 0
0 7 6 0 1 2
0 7 3 1 2 2
0 11 3 0 1 0
0 8 3 1 2 1
0 5 7 1 1 0
0 12 5 1 1 0
0 9 6 0 1 2
0 14 5 0 1 1
0 4 4 1 0 0
0 11 1 2 2 1
0 11 4 3 2 0
0 8 6 0 1 1
0 4 7 1 0 0
0 9 4 2 0 0
0 5 3 0 1 2
0 9 4 3 0 1
0 14 4 0 1 1
0 5 1 0 2 1
0 19 2 0 1 0
0 11 3 2 1 1
0 5 3 1 1 0
0 5 4 1 2 1
0 10 3 0 0 1
0 7 1 2 1 1
0 4 2 1 2 1
0 7 1 0 2 1
0 6 7 3 2 1
0 9 5 3 0 0
0 9 3 0 0 2
0 9 10 1 0 1
0 14 4 2 0 0
0 11 7 1 0 0
0 7 2 1 1 1
0 12 4 4 0 0
0 6 5 0 0 0
0 7 5 4 0 1
0 7 3 0 1 0
0 5 7 0 0 0
0 10 5 1 0 2
0 5 5 4 0 0
0 6 3 3 2 1
0 7 5 3 1 1
0 9 6 0 2 1
0 8 2 1 3 1
0 12 4 2 0 0
0 11 4 0 2 3
0 12 2 1 0 1
0 10 3 0 1 0
0 5 4 2 1 3
0 5 7 0 0 0
0 10 5 1 0 0
0 9 7 1 0 0
0 4 3 2 0 0
0 7 5 1 0 1
0 18 4 1 0 0
0 11 3 2 1 1
0 14 1 2 0 0
0 9 1 1 1 1
0 7 1 1 1 1
0 9 4 1 2 1
0 3 3 1 0 2
0 8 6 1 0 0
0 8 5 2 1 0
0 8 6 0 0 1
0 12 3 1 1 1
0 13 3 2 0 2
0 8 10 0 0 1
0 13 5 0 1 0
0 10 5 2 0 1
0 14 1 1 1 3
0 6 4 3 1 1
0 11 6 0 0 0
0 11 4 1 2 1
0 6 3 1 0 0
0 14 4 0 0 0
0 6 7 2 2 2
0 5 2 0 1 2
0 14 3 2 0 2
0 15 0 0 2 0
0 8 3 2 2 2
0 8 8 0 0 0
0 5 3 4 1 0
0 8 8 0 0 0
0 9 5 2 0 1
0 12 4 1 0 0
0 10 8 2 0 0
0 8 5 0 1 0
0 11 5 1 0 0
0 9 7 1 2 0
0 13 6 0 0 0
0 11 3 0 1 1
0 12 3 0 1 1
0 9 6 2 0 1
0 12 5 0 2 1
0 13 3 0 0 1
0 12 3 1 1 0
0 2 0 3 2 1
0 12 6 1 1 1
0 12 7 0 0 0
0 6 3 2 0 0
0 14 4 1 1 1
0 11 1 1 2 1
0 6 6 3 0 0
0 14 1 0 1 2
0 9 0 0 3 1
0 10 6 0 2 1
0 4 7 2 0 0
0 10 6 3 1 1
0 12 5 3 1 0
0 5 4 4 0 3
0 11 4 0 1 1
0 13 3 0 1 2
0 5 6 0 0 0
0 15 2 0 1 1
0 3 4 4 0 0
0 10 6 2 1 0
0 4 4 2 0 0
0 3 6 2 1 0
0 6 6 0 0 1
0 13 6 0 0 0
0 5 6 0 0 0
0 7 5 1 0 0
0 15 3 0 2 1
0 12 3 1 1 2
0 12 4 3 1 0
0 13 4 0 1 1
0 9 4 1 1 2
0 8 7 3 0 0
0 7 3 0 1 1
0 11 7 1 0 0
0 7 6 4 1 0
0 3 3 2 0 0
0 3 4 1 1 2
0 10 2 0 2 4
0 5 3 0 3 2
0 9 6 1 0 1
0 14 2 0 1 1
0 5 6 4 0 1
0 10 2 2 1 2
0 8 6 0 0 0
0 10 8 2 0 0
0 11 3 2 1 1
0 5 2 1 2 2
0 10 3 1 0 0
0 9 4 0 2 1
0 10 4 1 2 1
0 4 2 2 1 0
0 12 3 3 0 0
0 8 5 0 0 1
0 10 6 1 0 0
0 16 1 0 2 0
0 12 3 4 0 1
0 4 5 3 2 0
0 8 1 1 2 3
0 15 5 0 0 0
0 11 6 1 0 0
0 7 3 2 2 0
0 11 5 0 1 1
0 12 5 0 0 0
0 14 5 0 1 1
0 8 4 4 2 0
0 4 5 2 0 0
0 5 3 0 0 0
0 12 6 1 0 2
0 4 7 2 0 0
0 6 5 0 1 1
0 9 4 0 1 1
0 6 7 1 2 1
0 12 4 1 0 0
0 5 7 1 0 0
0 13 6 1 2 0
0 12 3 1 1 1
0 4 0 2 2 1
0 11 7 1 0 2
0 7 5 1 0 0
0 8 4 1 0 1
0 6 0 1 0 0
0 10 6 4 0 1
0 13 6 0 0 1
0 12 6 0 0 0
0 8 2 1 1 1
0 12 2 1 0 0
0 10 4 2 1 0
0 11 6 2 1 0
0 13 2 2 0 1
0 8 4 1 2 0
0 13 3 1 0 0
0 12 5 1 1 1
0 11 3 4 0 0
0 9 3 1 2 1
0 12 3 2 0 2
0 7 3 0 0 0
0 9 4 2 0 0
0 6 5 1 1 1
0 7 6 0 1 0
0 11 3 0 3 2
0 6 6 1 2 0
0 12 1 1 0 1
0 6 1 2 2 1
0 13 3 1 0 2
0 14 4 3 0 0
0 13 0 1 3 2
0 12 3 1 2 1
0 10 3 2 0 1
0 13 1 0 2 2
0 13 4 0 0 0
0 11 8 2 0 0
0 7 5 2 0 0
0 5 3 0 1 0
0 12 6 3 0 0
0 13 3 0 1 1
0 10 4 0 1 4
0 8 3 2 1 0
0 13 6 2 0 0
0 6 7 0 1 0
0 4 5 6 0 1
0 10 3 2 2 0
0 11 10 1 0 0
0 13 4 3 0 0
0 8 6 1 1 0
0 13 2 4 0 0
0 10 3 0 1 1
0 7 5 2 0 1
0 6 3 2 0 1
0 8 5 1 1 0
0 9 5 1 1 0
0 13 4 1 0 0
0 6 2 2 0 1
0 7 2 0 2 1
0 6 7 2 1 2
0 8 1 2 0 0
0 10 6 0 1 1
0 7 2 1 0 0
0 9 6 1 1 0
0 8 2 0 2 1
0 8 6 1 0 1
0 11 6 0 0 1
0 13 6 1 1 0
0 14 3 0 0 1
0 6 6 0 0 0
0 11 5 1 1 2
0 3 4 1 0 0
0 10 6 2 1 1
0 6 2 2 3 1
0 5 2 2 0 1
0 11 3 4 1 0
0 8 4 1 1 1
0 8 1 1 2 1
0 7 4 0 0 0
0 7 3 5 1 2
0 7 2 1 0 0
0 13 4 0 1 1
0 8 5 2 0 0
0 9 7 3 0 1
0 10 1 0 3 0
0 9 6 3 0 2
0 5 2 2 3 3
0 15 4 1 0 0
0 10 7 0 2 2
0 10 4 0 1 2
0 9 1 0 3 4
0 8 5 1 1 1
0 8 2 1 3 2
0 8 3 5 0 1
0 10 7 1 1 0
0 17 2 0 1 1
0 15 5 0 0 0
0 12 4 1 1 1
0 6 4 2 1 1
0 8 6 2 1 0
0 11 6 0 1 2
0 11 5 3 0 1
0 12 5 0 1 1
0 10 6 2 0 1
0 7 4 0 0 4
0 6 7 4 0 1
0 11 2 1 2 0
0 14 3 0 1 1
0 13 4 1 1 1
0 10 3 3 0 0
0 9 4 1 1 1
0 7 5 0 1 2
0 5 8 1 0 0
0 6 5 0 0 0
0 9 1 2 0 0
0 7 2 1 0 1
0 9 6 0 1 0
0 8 4 1 1 1
0 8 6 1 1 2
0 13 9 0 0 0
0 2 5 1 1 0
0 9 4 1 0 1
0 5 6 2 0 1
0 7 6 2 0 0
0 7 5 4 0 0
0 6 3 2 0 1
0 11 5 2 1 1
0 9 3 0 0 1
0 11 6 0 0 1
0 9 5 2 1 1
0 9 4 1 1 3
0 10 3 0 0 1
0 7 4 2 0 1
0 10 3 1 2 0
0 9 1 1 1 1
0 6 8 3 0 1
0 9 3 0 1 1
0 9 2 0 0 1
0 10 6 1 1 1
0 14 4 3 0 0
0 10 2 1 1 4
0 6 3 2 2 2
0 2 5 0 1 1
0 8 2 0 0 0
0 10 4 0 0 1
0 11 5 0 0 1
0 15 5 1 0 1
0 10 3 0 1 1
0 13 2 1 1 1
0 6 0 0 2 1
0 9 6 2 0 2
0 13 4 3 1 1
0 8 4 1 0 1
0 7 6 1 2 0
0 4 4 1 0 0
0 9 4 0 1 2
0 10 3 1 1 1
0 7 1 2 0 1
0 7 3 1 1 1
0 14 4 1 0 1
0 5 4 3 1 1
0 9 3 1 2 3
0 9 1 2 1 0
0 11 4 3 0 0
0 11 2 0 1 0
0 14 6 1 0 0
0 10 6 2 0 0
0 12 3 0 1 2
0 5 1 3 2 0
0 5 2 0 0 1
0 4 3 7 0 0
0 4 1 0 3 1
0 15 3 1 1 0
0 12 6 0 0 0
0 14 3 1 0 1
0 9 6 3 0 0
0 5 3 0 1 0
0 15 5 2 0 0
0 8 5 5 0 0
0 13 6 0 0 0
0 14 0 0 1 0
0 14 4 2 0 1
0 6 5 1 3 0
0 11 8 0 0 0
0 11 4 0 2 0
0 14 3 0 1 0
0 13 5 2 0 1
0 9 8 0 0 0
0 16 5 2 0 0
0 2 4 0 1 0
0 9 7 0 1 1
0 9 3 2 1 1
0 12 8 1 0 0
0 15 4 2 0 0
0 12 4 0 1 0
0 12 5 1 1 0
0 13 5 1 0 0
0 6 4 1 0 1
0 6 2 0 0 2
0 13 1 3 2 0
0 10 5 1 1 0
0 10 6 0 0 0
0 6 7 3 1 0
0 8 6 2 0 1
0 12 3 0 1 0
0 7 5 2 0 2
0 16 4 0 0 0
0 5 4 0 1 0
0 11 4 1 0 2
0 15 3 1 0 1
0 5 10 0 0 2
0 10 7 1 0 2
0 11 5 1 2 0
0 6 3 2 2 1
0 12 6 1 0 0
0 6 5 0 2 0
0 11 4 2 1 2
0 10 5 0 2 1
0 8 5 1 1 4
0 12 5 3 1 0
0 9 4 3 0 0
0 11 1 3 1 3
0 10 5 0 0 0
0 8 5 2 0 0
0 6 6 0 1 1
0 9 5 2 0 1
0 9 6 0 0 0
0 9 4 3 1 1
0 11 5 2 0 1
0 2 7 3 0 1
0 15 5 0 1 0
0 15 3 0 0 1
0 10 3 3 1 1
0 12 3 1 1 0
0 13 4 0 0 1
0 10 4 2 1 0
0 12 5 0 0 0
0 9 1 2 1 0
0 7 4 1 2 0
0 8 3 0 2 1
0 8 4 2 1 2
0 12 4 1 1 0
0 7 4 0 2 0
0 6 4 0 0 0
0 14 5 0 0 0
0 6 1 2 0 2
0 6 4 0 0 1
0 12 4 0 1 0
0 8 6 0 0 0
0 11 5 1 1 1
0 14 3 0 2 1
0 7 8 2 1 0
0 10 0 1 1 2
0 5 7 3 0 0
0 9 2 4 2 1
0 8 3 1 2 2
0 11 2 0 0 0
0 9 4 1 0 2
0 4 3 1 1 2
0 10 4 0 1 2
0 9 3 2 1 0
0 12 3 0 1 1
0 4 4 0 1 1
0 3 0 1 0 0
0 16 4 0 0 1
0 11 4 0 1 0
0 12 8 1 0 0
0 10 6 1 3 2
0 19 4 0 0 0
0 12 6 1 0 1
0 10 4 2 1 2
0 5 6 1 0 0
0 12 5 4 0 0
0 11 3 3 3 0
0 4 5 1 0 0
0 9 1 4 1 1
0 9 9 0 0 1
0 8 3 2 2 1
0 7 4 3 1 1
0 2 4 4 1 0
0 14 1 0 0 2
0 6 5 1 0 1
0 8 3 0 2 0
0 8 4 2 0 2
0 4 3 1 0 0
0 6 2 1 2 0
0 10 6 4 1 0
0 7 4 4 2 1
0 15 7 1 0 0
0 7 2 3 1 0
0 11 6 1 0 0
0 9 2 0 1 3
0 6 5 1 0 2
0 5 8 0 0 0
0 6 3 3 1 0
0 11 4 0 0 1
0 6 5 3 0 0
0 4 7 2 0 0
0 12 4 1 1 1
0 8 3 1 0 3
0 9 1 3 1 1
0 8 6 1 0 1
0 8 2 1 0 0
0 10 6 0 2 2
0 10 2 0 1 3
0 11 4 3 2 1
0 18 3 1 0 0
0 4 4 1 0 1
0 8 6 1 1 0
0 8 5 1 1 0
0 8 5 3 0 2
0 6 9 4 0 0
0 16 3 1 1 1
0 7 6 2 1 0
0 7 2 0 0 0
0 9 5 1 1 0
0 6 3 0 0 0
0 6 7 3 0 0
0 6 0 0 0 0
0 1 4 0 0 0
0 11 1 2 1 0
0 12 5 1 0 0
0 6 4 1 0 0
0 9 2 0 0 1
0 6 4 1 2 1
0 10 4 0 1 1
0 7 4 3 2 0
0 8 6 4 0 0
0 11 4 2 0 0
0 8 6 3 0 1
0 7 7 0 0 1
0 16 4 1 0 1
0 12 4 1 2 1
0 8 2 5 2 1
0 7 4 1 1 3
0 7 3 0 0 0
0 8 2 0 1 2
0 10 3 1 1 1
0 6 5 1 1 3
0 8 4 0 0 1
0 12 1 0 0 0
0 8 8 0 0 1
0 12 2 0 2 2
0 13 4 0 2 0
0 7 3 2 0 2
0 8 4 1 1 1
0 9 4 0 0 1
0 12 2 0 0 2
0 11 7 0 0 0
0 10 4 1 0 2
0 7 5 0 1 0
0 12 6 2 1 0
0 6 3 2 1 1
0 11 3 4 1 0
0 9 5 1 0 0
0 13 3 0 2 2
0 11 3 2 1 1
0 10 7 2 0 0
0 15 5 0 1 0
0 12 3 1 2 1
0 6 4 2 1 0
0 13 7 2 0 0
0 10 3 3 0 1
0 9 4 1 1 2
0 12 4 1 0 0
0 10 3 3 1 1
0 10 2 0 2 1
0 3 5 2 1 0
0 7 2 2 2 4
0 8 2 1 1 2
0 7 4 0 0 0
0 14 3 0 1 0
0 16 2 2 1 0
0 7 2 0 0 0
0 7 3 2 0 0
0 8 5 3 0 1
0 7 1 0 0 0
0 7 4 0 0 0
0 13 4 1 1 0
0 11 6 1 0 0
0 15 1 0 3 1
0 8 8 1 0 0
0 12 7 0 1 0
0 8 4 1 2 1
0 7 4 1 0 2
0 9 3 2 0 0
0 8 5 0 1 1
0 11 4 1 0 0
0 9 2 2 0 0
0 12 2 1 1 1
0 5 6 2 1 1
0 12 3 4 0 2
0 8 6 3 0 0
0 6 3 0 2 0
0 14 3 1 0 0
0 10 3 0 2 0
0 11 3 0 3 0
0 8 4 1 1 0
0 12 2 1 2 0
0 11 5 1 1 0
0 18 2 0 1 0
0 9 4 0 1 0
0 7 5 2 1 0
0 8 4 0 3 1
0 14 5 0 1 0
0 11 3 4 1 0
0 8 3 0 1 0
0 5 3 2 0 3
0 8 7 1 0 0
0 8 6 0 2 1
0 6 2 2 1 1
0 11 3 0 1 2
0 10 3 1 1 1
0 10 5 0 0 0
0 6 4 0 0 1
0 8 2 2 0 0
0 8 4 1 2 1
0 8 4 3 0 3
0 10 4 1 2 0
0 8 3 3 1 2
0 10 5 1 0 2
0 14 6 2 0 1
0 9 2 2 1 1
0 9 6 2 0 0
0 11 3 3 0 0
0 17 4 0 0 1
0 7 2 0 2 3
0 10 3 1 0 0
0 8 6 2 0 0
0 13 5 0 1 2
0 11 4 1 0 0
0 10 4 0 1 0
0 10 4 2 2 0
0 9 8 3 0 0
0 5 6 2 1 0
0 8 6 2 0 0
0 14 4 1 1 0
0 8 4 1 2 2
0 11 3 1 2 1
0 11 6 0 0 2
0 12 5 1 1 0
0 10 4 1 2 0
0 0 5 1 0 0
0 10 3 2 2 0
0 7 5 1 1 1
0 16 2 0 1 0
0 11 4 0 1 0
0 9 5 0 0 0
0 15 4 0 1 0
0 8 8 0 0 0
0 8 1 0 1 1
0 8 3 3 0 0
0 9 3 1 0 0
0 8 4 1 3 1
0 9 4 1 1 0
0 8 8 0 0 1
0 14 4 0 0 2
0 10 4 1 2 1
0 3 3 2 1 1
0 5 6 1 0 0
0 7 1 0 2 0
0 13 6 1 0 0
0 10 1 1 1 0
0 2 4 0 1 0
0 8 0 2 0 1
0 14 5 0 0 1
0 7 0 1 2 0
0 12 4 1 0 0
0 12 1 1 2 2
0 8 6 2 0 1
0 7 4 4 1 1
0 6 2 2 1 2
0 10 7 2 0 0
0 11 2 1 0 1
0 7 5 0 1 1
0 11 2 1 1 0
0 4 3 1 1 2
0 7 6 1 1 0
0 11 8 3 0 0
0 14 2 0 0 0
0 2 4 5 3 0
0 8 2 1 3 2
0 15 4 0 0 1
0 6 4 2 4 1
0 6 4 0 0 0
0 8 4 0 1 2
0 14 4 1 0 0
0 15 3 1 1 0
0 7 3 1 0 0
0 9 5 1 1 1
0 8 6 3 1 1
0 3 5 1 2 2
0 10 3 1 0 1
0 5 7 2 0 1
0 11 2 0 1 1
0 5 1 2 0 0
0 12 2 2 2 1
0 12 2 1 0 1
0 11 2 0 4 1
0 7 5 1 0 0
0 15 4 1 0 0
0 6 5 1 4 1
0 6 5 1 1 2
0 8 0 2 0 0
0 12 7 0 0 0
0 14 5 2 0 0
0 6 3 2 2 0
0 7 4 0 1 0
0 8 4 1 1 0
0 7 3 4 0 1
0 6 3 2 1 0
0 5 4 0 0 0
0 18 2 0 1 1
0 7 4 2 2 0
0 9 4 1 1 0
0 12 7 0 0 0
0 9 3 1 1 0
0 6 6 1 2 2
0 4 3 0 1 1
0 3 3 0 1 2
0 10 2 1 3 2
0 13 1 1 2 0
0 10 2 1 0 1
0 11 2 1 1 0
0 6 3 1 1 0
0 11 5 0 1 1
0 10 5 0 1 1
0 8 6 1 0 0
0 11 5 0 1 1
0 10 5 3 0 0
0 8 4 1 1 2
0 8 4 1 0 0
0 3 5 1 0 2
0 10 6 1 0 0
0 9 9 0 0 0
0 8 5 2 1 0
0 8 5 0 1 1
0 12 2 4 0 1
0 4 3 0 0 0
0 7 6 1 2 0
0 6 5 6 0 0
0 6 7 0 0 0
0 20 3 0 0 0
0 14 2 2 0 1
0 11 3 1 2 1
0 7 6 0 0 1
0 11 7 2 1 0
0 14 4 1 1 0
0 10 3 0 2 1
0 11 2 2 1 0
0 8 5 3 0 0
0 10 3 1 1 1
0 12 2 0 1 1
0 9 3 5 3 1
0 6 1 2 4 2
0 5 6 1 0 0
0 11 5 1 1 1
0 11 4 0 0 0
0 7 3 2 1 0
0 10 3 2 2 1
0 8 3 1 0 0
0 10 2 0 2 2
0 7 5 4 0 1
0 8 2 3 0 2
0 7 6 0 0 3
0 6 8 3 0 0
0 10 7 1 0 0
0 6 8 1 1 1
0 9 6 2 1 0
0 15 6 0 0 0
0 9 8 0 1 2
0 7 6 1 2 1
0 8 3 0 1 0
0 11 2 1 3 0
0 6 3 2 1 1
0 6 5 0 0 1
0 14 1 0 1 0
0 8 1 2 2 1
0 11 6 2 0 1
0 10 7 0 0 0
0 10 3 1 0 3
0 9 2 3 2 1
0 5 5 3 0 2
0 14 2 0 1 0
0 10 3 3 1 0
0 9 7 2 0 1
0 11 5 1 0 0
0 10 3 0 3 0
0 4 1 1 1 1
0 7 2 1 1 0
0 7 7 0 0 1
0 11 5 1 0 0
0 9 3 0 2 1
0 8 3 1 0 1
0 8 3 0 0 1
0 6 3 1 1 0
0 11 5 2 0 1
0 4 0 0 4 1
0 7 6 0 0 0
0 7 4 3 0 0
0 4 1 2 1 0
0 9 3 0 1 1
0 7 4 1 2 0
0 7 5 1 0 1
0 11 3 3 0 0
0 9 3 3 0 0
0 9 6 0 3 0
0 7 8 1 0 1
0 9 1 1 1 1
0 12 3 1 0 0
0 13 4 1 0 2
0 18 5 0 0 0
0 10 6 0 1 1
0 10 3 0 2 1
0 12 4 0 1 2
0 7 4 4 2 1
0 8 5 5 0 0
0 10 3 1 0 0
0 13 7 1 0 0
0 12 2 2 1 1
0 8 4 0 0 0
0 12 3 0 1 0
0 11 6 1 0 0
0 7 5 0 1 0
0 11 5 1 1 0
0 10 7 1 0 2
0 10 4 0 2 2
0 10 4 1 1 1
0 9 4 4 0 1
0 5 6 1 1 0
0 9 7 2 0 1
0 10 1 5 1 0
0 8 6 2 0 0
0 2 5 2 1 0
0 13 6 1 0 0
0 14 6 1 0 0
0 10 4 2 3 1
0 12 5 2 0 0
0 9 4 3 1 0
0 13 4 2 0 0
0 8 3 0 1 1
0 12 1 1 3 1
0 10 5 0 1 1
0 7 7 1 0 0
0 9 1 1 5 2
0 9 3 1 0 2
0 9 7 1 0 1
0 9 3 3 1 1
0 11 4 2 0 0
0 7 6 0 0 0
0 9 5 3 0 1
0 3 2 1 0 0
0 5 6 2 0 1
0 12 3 1 0 1
0 6 5 1 0 2
0 9 2 3 2 1
0 5 5 5 1 1
0 12 1 0 1 1
0 7 5 4 1 0
0 8 8 0 1 0
0 8 1 3 0 3
0 7 9 0 0 1
0 16 2 0 1 0
0 15 4 2 0 0
0 10 6 1 0 2
0 5 3 2 1 0
0 4 1 1 0 0
0 11 5 1 1 0
0 7 7 3 0 0
0 9 5 1 2 0
0 13 6 1 1 0
0 10 3 1 1 4
0 10 5 2 1 0
0 9 2 1 2 1
0 7 5 0 1 1
0 11 5 1 1 1
0 12 3 2 1 1
0 7 8 1 0 0
0 9 3 0 0 0
0 8 4 2 0 1
0 9 3 3 0 1
0 9 4 0 1 2
0 10 6 3 0 0
0 11 4 1 0 1
0 12 6 2 0 0
0 11 6 0 0 0
0 14 7 0 0 0
0 11 3 0 2 1
0 6 2 0 0 1
0 10 1 0 1 1
0 6 5 2 0 1
0 12 1 1 2 1
0 10 5 1 0 0
0 4 5 4 0 1
0 7 6 0 0 1
0 6 5 5 1 1
0 10 0 0 0 3
0 9 4 5 0 0
0 10 5 0 1 1
0 18 4 0 0 0
0 9 2 3 1 1
0 4 3 1 1 0
0 9 3 2 0 0
0 6 3 0 0 1
0 13 1 0 1 2
0 12 3 1 0 0
0 10 1 2 1 1
0 2 4 1 1 1
0 11 5 1 1 1
0 7 5 0 1 1
0 15 5 1 0 1
0 6 6 1 1 0
0 6 5 3 0 1
0 7 8 1 1 1
0 7 5 2 0 2
0 12 2 1 1 2
0 10 1 0 3 3
0 11 3 1 1 1
0 5 4 5 0 1
0 12 7 0 0 1
0 13 3 1 1 3
0 12 4 1 0 0
0 12 3 2 0 1
0 8 6 1 0 1
0 6 4 5 0 0
0 11 1 0 0 1
0 13 4 1 0 0
0 8 6 0 0 1
0 7 7 0 1 0
0 10 4 1 0 1
0 9 5 2 1 0
0 6 4 1 2 1
0 12 5 0 3 0
0 3 5 2 0 0
0 11 3 0 1 1
0 12 9 1 0 0
0 6 3 1 2 0
0 6 6 0 0 0
0 7 4 0 0 0
0 8 4 0 2 2
0 11 2 1 2 0
0 8 3 5 1 0
0 6 5 0 1 0
0 3 4 3 2 0
0 12 5 2 0 0
0 9 5 0 0 1
0 11 6 0 2 0
0 6 2 1 0 1
0 10 9 1 0 1
0 7 3 0 2 0
0 1 3 1 2 0
0 9 7 3 0 0
0 12 5 2 0 1
0 11 4 1 1 0
0 15 5 1 0 0
0 11 7 1 1 0
0 5 6 0 0 1
0 9 5 1 0 0
0 9 3 1 0 0
0 12 3 3 1 0
0 10 2 2 1 2
0 8 6 1 1 0
0 7 1 0 1 1
0 5 3 1 1 2
0 6 6 2 0 1
0 7 3 2 0 0
0 7 5 0 1 1
0 13 3 1 1 1
0 12 4 1 1 0
0 9 10 1 1 0
0 11 6 1 1 1
