clusterID	value
0	-0.36
1	-0.6
2	0.32
3	-0.39
4	-0.77
5	-0.01
6	-0.69
7	-0.53
8	-0.26
9	-0.35
10	0.14
11	0.2
12	-0.56
13	-0.35
14	-0.33
15	0.13
16	-0.81
17	-0.84
18	-0.57
19	-0.01
20	0.55
21	0.4
22	-0.31
23	0.28
24	-0.43
25	0.18
26	-0.13
27	0.02
28	0.46
29	0.41
30	0.3
31	1.01
32	0.19
33	0.35
34	-0.16
35	-0.66
36	-0.22
37	-0.74
38	-0.86
39	-0.33
40	-0.71
41	-1.11
42	-1.08
43	-0.91
44	-0.88
45	-0.83
46	-0.73
47	-0.73
48	-0.21
49	0.46
50	0.64
51	0.97
52	0.28
53	1.13
54	0.77
55	0.13
56	-0.23
57	-0.63
58	-1.1
59	-1.13
60	-1.53
61	-1.51
62	-1.04
63	-1.52
64	-1.63
65	-0.98
66	-0.13
67	-0.04
68	0.02
69	0.08
70	-0.11
71	0.67
72	0.87
73	-0.11
74	0.15
75	-0.11
76	-0.44
77	0.38
78	0.36
79	-0.29
80	0.03
81	-0.21
82	0.01
83	-0.23
84	-0.45
85	0.05
86	0.12
87	0.04
88	0.11
89	0.06
90	0.17
91	0.63
92	1.09
93	0.99
94	1.16
95	1.19
96	0.27
97	0.28
98	0.22
99	0.25
100	-0.17
101	-0.01
102	-0.18
103	0.3
104	0.49
105	0.09
106	-0.16
107	-0.46
108	-0.83
109	-0.84
110	-0.47
111	-0.4
112	-0.43
113	-0.84
114	-0.81
115	-0.52
116	-0.81
117	-1.29
118	-1.5
119	-1.21
120	-0.4
121	-0.53
122	-0.97
123	-0.22
124	0.38
125	0.5
126	-0.15
127	-0.28
128	-1.53
129	-1.49
130	-1.44
131	-1.74
132	-1.13
133	-0.72
134	-1.11
135	-1.37
136	-0.72
137	-0.69
138	-1.09
139	-1.64
140	-1.23
141	-0.72
142	-0.54
143	-0.25
144	-0.16
145	0.16
146	-0.12
147	-0.72
148	-0.68
149	-0.62
150	-1.04
151	-0.98
152	-1.26
153	-1.28
154	-1.01
155	-1.2
156	-1.89
157	-1.97
158	-1.19
159	-0.94
160	-1.14
161	-1.09
162	-0.98
163	-1.12
164	-0.33
165	-0.52
166	-0.39
167	-0.49
168	-0.29
169	0.22
170	0.63
171	-0.55
172	-0.24
173	-0.11
174	-0.95
175	0.0
176	-0.34
177	-0.67
178	-0.52
179	0.31
180	0.34
181	0.45
182	-0.18
183	0.55
184	0.6
185	1.07
186	0.64
187	0.09
188	0.26
189	0.94
190	0.04
191	-0.11
192	-0.75
193	-0.77
194	-0.7
195	-0.66
196	-1.46
197	-1.21
198	-0.44
199	-0.6
200	-0.51
201	-0.24
202	-0.68
203	-0.46
204	-0.32
205	-1.13
206	-0.83
207	-1.26
208	-1.68
209	-1.38
210	-1.84
211	-2.28
212	-2.17
213	-2.3
214	-1.47
215	-1.66
216	-2.03
217	-1.47
218	-0.66
219	-0.37
220	0.38
221	0.42
222	0.55
223	-0.21
224	-0.13
225	0.42
226	0.95
227	0.55
228	0.41
229	1.01
230	0.61
231	0.14
232	-0.47
233	-0.83
234	-0.83
235	-0.49
236	-0.63
237	-0.68
238	0.14
239	0.36
240	-0.08
241	0.81
242	0.44
243	0.19
244	0.13
245	-0.28
246	-0.71
247	-0.42
248	-0.76
249	-0.56
250	-0.51
251	-0.98
252	-0.53
253	-0.24
254	-0.2
255	0.04
256	-0.72
257	-0.69
258	0.37
259	-0.85
260	-0.88
261	-0.39
262	-0.12
263	0.13
264	-0.21
265	-0.09
266	-0.44
267	-0.77
268	-0.6
269	-0.17
270	0.18
271	-0.09
272	0.01
273	-0.13
274	0.24
275	0.25
276	-0.54
277	-0.1
278	0.17
279	0.59
280	1.18
281	0.28
282	-0.49
283	-0.38
284	-1.0
285	-1.16
286	-0.84
287	-0.64
288	0.17
289	0.35
290	0.67
291	0.64
292	0.17
293	0.18
294	-0.12
295	-0.41
296	-0.57
297	-0.77
298	-0.87
299	-0.92
300	-1.66
301	-0.84
302	-0.38
303	0.37
304	0.13
305	0.16
306	-0.46
307	-0.61
308	-1.08
309	-1.56
310	-1.42
311	-1.0
312	-0.54
313	-0.52
314	0.26
315	0.92
316	0.64
317	0.6
318	0.19
319	0.96
320	0.31
321	0.08
322	-0.43
323	-0.21
324	-0.59
325	-0.24
326	-0.64
327	-0.46
328	-0.72
329	-0.92
330	-1.36
331	-0.95
332	-0.82
333	-0.47
334	-0.83
335	-0.93
336	-0.99
337	-1.53
338	-1.85
339	-1.76
340	-2.21
341	-2.11
342	-1.27
343	-0.48
344	0.21
345	0.6
346	0.44
347	0.67
348	0.76
349	0.3
350	-0.46
351	-0.48
352	-0.35
353	0.42
354	-0.45
355	0.2
356	0.06
357	-0.0
358	-0.81
359	-0.55
360	-0.67
361	-0.45
362	-0.52
363	0.32
364	0.68
365	0.98
366	0.93
367	0.47
368	0.44
369	0.39
370	0.28
371	-0.72
372	-0.68
373	-1.03
374	-0.93
375	-0.82
376	-1.84
377	-1.12
378	-1.2
379	-0.96
380	-1.1
381	-1.23
382	-1.26
383	-1.32
384	-1.54
385	-0.58
386	-0.69
387	-1.67
388	-0.98
389	-0.94
390	-0.23
391	-0.71
392	-1.38
393	-1.02
394	-1.28
395	-1.88
396	-0.87
397	-1.28
398	-0.71
399	-0.27
400	0.22
401	0.28
402	0.34
403	-0.61
404	-0.99
405	-1.58
406	-2.21
407	-2.77
408	-2.78
409	-2.74
410	-2.58
411	-2.15
412	-1.39
413	-0.01
414	0.06
415	-0.37
416	-0.02
417	-0.08
418	-0.45
419	-0.43
420	-0.24
421	-0.19
422	-0.19
423	0.34
424	-0.23
425	0.34
426	0.1
427	-0.18
428	0.28
429	0.51
430	-0.07
431	0.03
432	-0.68
433	-0.49
434	-0.18
435	-0.53
436	-1.0
437	-0.39
438	-0.67
439	-0.71
440	-0.67
441	-0.25
442	-0.56
443	-0.56
444	-1.24
445	-0.43
446	-0.28
447	-0.35
448	-1.08
449	-0.77
450	-0.54
451	-0.33
452	-1.2
453	-1.3
454	-1.12
455	-0.87
456	-1.7
457	-1.73
458	-1.68
459	-1.13
460	-0.48
461	0.14
462	-0.36
463	-0.49
464	-0.63
465	-0.29
466	-1.13
467	-1.09
468	-1.55
469	-1.83
470	-1.91
471	-1.16
472	-0.87
473	-0.75
474	-0.84
475	-0.19
476	-0.23
477	0.47
478	0.05
479	-0.44
480	0.54
481	0.11
482	0.05
483	0.64
484	-0.15
485	0.48
486	0.68
487	0.4
488	0.29
489	0.5
490	0.56
491	0.4
492	-0.17
493	-0.4
494	-0.18
495	0.71
496	0.16
497	0.41
498	-0.5
499	-0.86
500	-0.57
501	-0.15
502	-0.05
503	0.01
504	0.26
505	1.06
506	0.49
507	0.36
508	0.7
509	0.44
510	0.0
511	-0.2
512	-0.24
513	0.23
514	-0.04
515	-0.45
516	-1.14
517	-0.49
518	-0.23
519	-0.83
520	-0.83
521	-0.77
522	-0.99
523	-0.88
524	-0.72
525	-0.65
526	-0.08
527	0.02
528	-0.01
529	-0.02
530	0.06
531	-0.33
532	-0.72
533	-1.14
534	-1.66
535	-1.47
536	-1.63
537	-2.07
538	-2.02
539	-1.03
540	0.11
541	-0.45
542	-0.65
543	-0.87
544	-1.34
545	-1.6
546	-1.57
547	-0.93
548	-0.56
549	0.19
550	0.72
551	0.52
552	0.46
553	0.6
554	0.07
555	0.28
556	-0.09
557	-0.38
558	0.56
559	0.53
560	0.51
561	0.17
562	-0.05
563	0.38
564	-0.49
565	-0.74
566	-0.47
567	-0.66
568	-0.84
569	-0.98
570	-1.4
571	-1.47
572	-1.32
573	-0.86
574	-0.3
575	-0.37
576	-0.59
577	-0.26
578	-0.27
579	-0.63
580	-1.26
581	-1.88
582	-2.12
583	-1.35
584	-1.44
585	-1.01
586	-0.73
587	-0.86
588	-0.95
589	-0.03
590	-0.4
591	-0.03
592	0.41
593	0.89
594	0.99
595	0.4
596	-0.09
597	0.32
598	0.29
599	0.05
600	0.28
601	0.19
602	0.27
603	1.09
604	1.68
605	0.85
606	0.8
607	1.08
608	0.22
609	0.47
610	-0.18
611	-0.59
612	-0.05
613	-0.85
614	-0.48
615	-0.98
616	-0.57
617	0.51
618	0.35
619	-0.01
620	0.17
621	-0.6
622	0.01
623	0.35
624	-0.08
625	0.23
626	-0.16
627	-0.36
628	0.18
629	-0.3
630	-0.44
631	-0.52
632	-0.47
633	0.1
634	-0.34
635	-0.26
636	-0.27
637	-0.15
638	-0.29
639	-0.3
640	0.15
641	-1.07
642	-1.54
643	-1.19
644	-1.29
645	-0.91
646	-0.43
647	-1.04
648	-0.37
649	0.23
650	-0.43
651	-0.0
652	-0.01
653	0.48
654	0.59
655	0.14
656	0.39
657	0.37
658	0.53
659	0.46
660	0.43
661	1.12
662	0.88
663	0.91
664	0.68
665	0.72
666	0.28
667	-0.24
668	-1.03
669	-1.23
670	-1.0
671	-0.99
672	-0.33
673	-0.85
674	-0.5
675	-0.12
676	0.3
677	0.57
678	0.76
679	0.51
680	0.56
681	0.33
682	0.04
683	0.7
684	1.21
685	0.88
686	0.16
687	0.31
688	0.48
689	0.91
690	0.68
691	0.12
692	0.33
693	0.66
694	0.55
695	0.26
696	-0.43
697	-0.96
698	-0.77
699	-1.48
700	-1.65
701	-0.89
702	-0.68
703	-0.56
704	-0.52
705	-1.05
706	-0.62
707	-0.27
708	-0.81
709	-0.88
710	-0.95
711	-0.69
712	-0.36
713	0.23
714	0.01
715	1.02
716	1.27
717	1.36
718	1.31
719	0.83
720	0.36
721	0.53
722	0.15
723	-0.46
724	-1.14
725	-0.48
726	-0.44
727	-0.03
728	-0.87
729	-1.0
730	-0.89
731	-0.64
732	-0.85
733	-0.66
734	-0.83
735	-0.03
736	0.14
737	0.24
738	0.06
739	-0.23
740	-0.84
741	-1.44
742	-2.08
743	-1.78
744	-2.35
745	-1.91
746	-1.63
747	-1.31
748	-1.19
749	-1.01
750	-0.93
751	-0.43
752	-0.63
753	-0.38
754	0.03
755	-0.23
756	-0.49
757	-0.91
758	-1.91
759	-1.82
760	-1.52
761	-1.71
762	-1.66
763	-1.77
764	-1.66
765	-0.72
766	-1.08
767	-1.26
768	-1.33
769	-0.74
770	-0.04
771	0.96
772	0.13
773	0.1
774	0.24
775	0.16
776	-0.32
777	-0.73
778	-1.16
779	-0.23
780	-0.18
781	0.37
782	0.34
783	0.06
784	0.21
785	0.19
786	-0.28
787	0.14
788	-0.52
789	-0.59
790	-0.78
791	-0.86
792	-0.8
793	-1.01
794	-1.39
795	-1.38
796	-1.27
797	-1.71
798	-2.51
799	-2.34
800	-2.37
801	-1.95
802	-1.47
803	-1.58
804	-1.67
805	-0.43
806	0.18
807	-0.09
808	-0.47
809	-0.57
810	-0.61
811	-0.28
812	-0.64
813	-0.35
814	-0.06
815	-0.21
816	0.29
817	-0.18
818	-0.57
819	-0.9
820	-1.69
821	-2.11
822	-1.3
823	-1.98
824	-1.44
825	-1.28
826	-0.87
827	-0.51
828	-0.29
829	-0.91
830	-1.38
831	-1.24
832	-0.62
833	-0.77
834	-1.45
835	-1.6
836	-1.75
837	-1.39
838	-0.9
839	-0.93
840	-0.84
841	-1.2
842	-0.76
843	-0.68
844	-0.7
845	-0.83
846	-0.35
847	-0.33
848	0.15
849	-0.3
850	-0.14
851	-0.35
852	-0.24
853	-0.81
854	-0.89
855	-1.37
856	-1.71
857	-1.73
858	-0.96
859	-0.17
860	0.36
861	0.11
862	0.05
863	0.77
864	0.71
865	-0.24
866	-0.85
867	-1.28
868	-1.57
869	-1.63
870	-2.35
871	-1.46
872	-1.09
873	-1.08
874	-1.36
875	-1.5
876	-1.72
877	-1.55
878	-2.42
879	-2.29
880	-2.26
881	-2.2
882	1.35
883	0.31
884	0.28
885	-0.29
886	0.26
887	0.25
888	0.12
889	0.77
890	1.0
891	0.1
892	-0.07
893	-0.03
894	-0.12
895	-0.82
896	-1.69
897	-1.1
898	-0.25
899	-0.42
900	-0.22
901	0.43
902	0.47
903	0.75
904	-0.04
905	-0.39
906	0.38
907	0.11
908	-0.17
909	-0.34
910	0.44
911	0.4
912	0.42
913	-0.23
914	-0.04
915	0.39
916	-0.08
917	-0.52
918	-0.98
919	-0.98
920	-1.23
921	-1.42
922	-1.46
923	-0.84
924	-1.04
925	-1.03
926	-1.45
927	-1.12
928	-0.74
929	-0.15
930	-0.1
931	-0.23
932	-0.2
933	-0.4
934	-0.63
935	-0.06
936	-0.14
937	-0.99
938	-0.12
939	-0.21
940	0.5
941	1.37
942	1.72
943	0.6
944	0.86
945	0.48
946	1.14
947	0.65
948	0.16
949	-0.33
950	0.44
951	0.03
952	-0.3
953	-0.85
954	-1.0
955	-0.46
956	-0.78
957	-0.8
958	-1.04
959	-0.6
960	0.13
961	-0.34
962	-0.52
963	0.36
964	-0.07
965	-0.32
966	-0.39
967	-1.31
968	-1.05
969	-0.56
970	-1.24
971	-1.21
972	-0.91
973	-1.3
974	-0.59
975	-0.76
976	0.23
977	0.05
978	-0.03
979	0.69
980	-0.11
981	-0.5
982	-0.61
983	-1.07
984	-0.76
985	-1.15
986	-1.31
987	-0.42
988	0.13
989	0.01
990	-0.32
991	-0.17
992	0.52
993	0.38
994	-0.47
995	-1.16
996	-1.06
997	-0.44
998	-0.21
999	-0.38
1000	0.18
1001	0.15
1002	0.63
1003	1.16
1004	1.29
1005	0.55
1006	-0.02
1007	-0.42
1008	-0.07
1009	-0.24
1010	-0.81
1011	-0.98
1012	-1.06
1013	-1.09
1014	-1.19
1015	-1.88
1016	-0.91
1017	-0.55
1018	-0.71
1019	-0.95
1020	-0.86
1021	-0.67
1022	-1.15
1023	-0.43
1024	0.12
1025	0.38
1026	0.18
1027	-0.22
1028	-1.18
1029	-0.69
1030	-1.49
1031	-1.55
1032	-0.76
1033	-0.21
1034	0.29
1035	0.32
1036	0.1
1037	0.53
1038	1.09
1039	0.39
1040	-0.24
1041	-0.84
1042	-0.26
1043	-0.31
1044	0.1
1045	0.01
1046	0.1
1047	0.24
1048	0.29
1049	-0.21
1050	0.3
1051	-0.47
1052	-0.79
1053	-1.08
1054	-0.95
1055	-0.83
1056	-1.09
1057	-1.41
1058	-1.13
1059	-1.65
1060	0.1
1061	0.35
1062	0.45
1063	0.54
1064	0.01
1065	0.35
1066	-0.3
1067	0.4
1068	0.47
1069	0.47
1070	-0.22
1071	-0.34
1072	-0.68
1073	-0.4
1074	-0.41
1075	-0.75
1076	0.05
1077	0.15
1078	0.16
1079	0.15
1080	0.18
1081	0.36
1082	-0.08
1083	0.05
1084	0.31
1085	0.25
1086	-0.17
1087	0.41
1088	0.09
1089	0.11
1090	-0.25
1091	-0.39
1092	0.39
1093	0.8
1094	0.31
1095	0.05
1096	0.06
1097	-0.41
1098	-0.82
1099	-1.04
1100	-1.34
1101	-1.4
1102	-1.12
1103	-0.12
1104	-0.94
1105	-0.81
1106	-0.32
1107	-0.91
1108	-0.39
1109	-0.23
1110	-0.31
1111	0.21
1112	0.16
1113	0.32
1114	0.79
1115	0.96
1116	1.19
1117	0.97
1118	1.04
1119	1.43
1120	2.03
1121	0.86
1122	-0.09
1123	-0.53
1124	0.34
1125	0.11
1126	-0.26
1127	-0.53
1128	-0.54
1129	-0.16
1130	-0.52
1131	-1.32
1132	-1.6
1133	-1.7
1134	-1.82
1135	-0.6
1136	0.48
1137	0.87
1138	1.62
1139	1.52
1140	2.35
1141	2.54
1142	2.03
1143	1.46
1144	0.8
1145	-0.93
1146	-1.8
1147	-1.57
1148	-0.83
1149	-1.09
1150	-0.75
1151	-0.53
1152	-0.13
1153	0.51
1154	0.53
1155	-0.19
1156	0.2
1157	0.55
1158	-0.35
1159	0.35
1160	-0.12
1161	-0.54
1162	-0.11
1163	0.04
1164	-0.39
1165	-0.61
1166	-0.45
1167	-0.45
1168	-0.19
1169	-0.68
1170	-1.03
1171	-0.65
1172	-0.32
1173	-0.53
1174	0.29
1175	0.22
1176	0.14
1177	0.51
1178	0.55
1179	1.17
1180	1.09
1181	0.04
1182	0.16
1183	0.86
1184	0.28
1185	-0.47
1186	-0.44
1187	-0.94
1188	-0.5
1189	-0.53
1190	-1.13
1191	-0.76
1192	0.13
1193	0.74
1194	0.36
1195	-0.18
1196	-0.75
1197	-1.27
1198	-0.95
1199	-1.59
1200	-1.82
1201	-1.74
1202	-1.0
1203	-0.43
1204	0.03
1205	-0.37
1206	0.56
1207	1.0
1208	0.87
1209	0.46
1210	-0.2
1211	-0.97
1212	-0.31
1213	-0.54
1214	-0.73
1215	-0.03
1216	0.24
1217	0.95
1218	1.74
1219	1.02
1220	0.34
1221	0.38
1222	-0.01
1223	-0.55
1224	-1.4
1225	-1.5
1226	-0.72
1227	-0.18
1228	-0.54
1229	0.25
1230	0.79
1231	0.88
1232	0.91
1233	0.14
1234	0.37
1235	0.6
1236	0.04
1237	-0.79
1238	-0.45
1239	-0.91
1240	-0.53
1241	-0.65
1242	-0.56
1243	-1.01
1244	-1.23
1245	-1.49
1246	-1.41
1247	-1.01
1248	-1.15
1249	-0.95
1250	-0.53
1251	-1.05
1252	-0.61
1253	-0.06
1254	-0.86
1255	-0.47
1256	0.57
1257	0.32
1258	0.45
1259	0.43
1260	-0.24
1261	0.41
1262	0.33
1263	-0.11
1264	0.66
1265	0.56
1266	0.24
1267	0.24
1268	-0.33
1269	-0.6
1270	-0.35
1271	-1.17
1272	-1.02
1273	-0.59
1274	-0.97
1275	-0.83
1276	-1.07
1277	-1.29
1278	-0.36
1279	-0.78
1280	-1.28
1281	-0.92
1282	-0.39
1283	0.83
1284	0.84
1285	0.56
1286	0.08
1287	0.0
1288	-0.83
1289	-1.02
1290	-0.85
1291	-1.13
1292	-0.53
1293	-0.12
1294	-0.31
1295	0.75
1296	0.61
1297	0.89
1298	1.7
1299	0.87
1300	0.46
1301	-0.18
1302	-0.8
1303	-0.29
1304	-0.75
1305	-0.69
1306	-0.65
1307	-0.84
1308	-1.21
1309	-0.67
1310	-1.34
1311	-0.36
1312	-1.33
1313	-0.76
1314	0.12
1315	0.3
1316	-0.24
1317	-0.15
1318	-0.73
1319	0.07
1320	-0.29
1321	-0.79
1322	-0.97
1323	-0.8
1324	-1.06
1325	-1.31
1326	-1.75
1327	-0.45
1328	-0.38
1329	0.1
1330	-0.08
1331	0.23
1332	-0.06
1333	-0.34
1334	-0.06
1335	-0.51
1336	-0.8
1337	-1.08
1338	-1.08
1339	-0.83
1340	-0.48
1341	-1.15
1342	-0.77
1343	-0.21
1344	-0.71
1345	-1.02
1346	-0.64
1347	-1.22
1348	-1.91
1349	-1.83
1350	-1.82
1351	-1.48
1352	-0.96
1353	-0.9
1354	-0.47
1355	-0.02
1356	0.75
1357	-0.1
1358	-0.46
1359	-0.66
1360	-0.52
1361	-0.84
1362	-0.44
1363	-0.09
1364	0.27
1365	0.26
1366	-0.33
1367	-0.56
1368	0.31
1369	0.07
1370	-0.14
1371	-0.45
1372	-1.2
1373	-0.51
1374	-0.64
1375	-0.53
1376	-0.41
1377	-0.58
1378	-0.2
1379	0.19
1380	-0.47
1381	-0.81
1382	-0.6
1383	-0.06
1384	-0.31
1385	-0.66
1386	-0.81
1387	-0.38
1388	-0.3
1389	-0.45
1390	-0.28
1391	0.29
1392	0.31
1393	0.34
1394	0.63
1395	-0.05
1396	0.31
1397	-0.35
1398	-0.73
1399	-1.12
1400	-0.84
1401	-0.79
1402	-0.43
1403	-1.56
1404	-0.93
1405	-0.58
1406	0.09
1407	0.14
1408	0.05
1409	0.2
1410	1.4
1411	0.54
1412	1.01
1413	-0.13
1414	-0.01
1415	0.15
1416	-0.89
1417	-0.33
1418	-1.05
1419	-1.08
1420	-1.17
1421	-0.95
1422	-0.47
1423	-0.43
1424	-1.12
1425	-0.31
1426	-0.34
1427	0.1
1428	0.6
1429	-0.08
1430	0.65
1431	1.23
1432	1.18
1433	0.73
1434	0.4
1435	0.31
1436	0.35
1437	-0.3
1438	-0.82
1439	-1.57
1440	-1.51
1441	-1.45
1442	-2.2
1443	-1.24
1444	-1.51
1445	-0.86
1446	-0.78
1447	-0.7
1448	-0.88
1449	-0.32
1450	-0.83
1451	-1.1
1452	-1.0
1453	-0.98
1454	-0.75
1455	-0.76
1456	-1.06
1457	-0.74
1458	-0.22
1459	-0.3
1460	-0.6
1461	-0.27
1462	-0.47
1463	0.52
1464	0.27
1465	-0.49
1466	-0.47
1467	0.8
1468	-0.63
1469	-0.56
1470	-0.75
1471	-1.27
1472	-0.63
1473	-0.58
1474	-1.07
1475	0.13
1476	-0.33
1477	-0.29
1478	0.22
1479	0.34
1480	1.06
1481	1.88
1482	0.87
1483	0.9
1484	0.53
1485	-0.12
1486	-0.77
1487	-0.69
1488	-1.73
1489	-1.08
1490	-0.47
1491	0.47
1492	0.77
1493	1.27
1494	0.08
1495	0.59
1496	0.49
1497	0.5
1498	0.25
1499	0.05
1500	-0.57
1501	-0.48
1502	-0.82
1503	-0.67
1504	-1.01
1505	-0.61
1506	-0.61
1507	0.19
1508	0.87
1509	0.56
1510	0.95
1511	-1.47
1512	-0.99
1513	-0.64
1514	0.04
1515	0.38
1516	0.78
1517	0.68
1518	1.35
1519	1.27
1520	0.11
1521	-0.54
1522	-0.83
1523	-1.26
1524	-1.09
1525	-1.06
1526	-0.88
1527	-0.99
1528	-0.37
1529	-0.28
1530	-0.15
1531	-0.19
1532	-0.1
1533	-0.89
1534	0.2
1535	-0.68
1536	-0.48
1537	-0.64
1538	-0.89
1539	-1.7
1540	-1.11
1541	-1.08
1542	-0.8
1543	-1.01
1544	-0.58
1545	-0.21
1546	0.47
1547	0.26
1548	-0.36
1549	-0.5
1550	0.01
1551	0.05
1552	-0.22
1553	0.02
1554	1.49
1555	1.69
1556	2.09
1557	0.72
1558	0.45
1559	0.26
1560	0.97
1561	0.49
1562	-0.45
1563	-0.92
1564	-1.06
1565	-1.26
1566	-2.16
1567	-2.66
1568	-2.15
1569	-1.89
1570	-1.59
1571	-0.72
1572	-1.0
1573	-0.53
1574	0.12
1575	-0.33
1576	0.14
1577	-0.59
1578	-1.43
1579	-0.81
1580	0.48
1581	-0.06
1582	0.64
1583	0.56
1584	0.07
1585	0.34
1586	-0.05
1587	-0.26
1588	0.36
1589	-0.42
1590	-0.07
1591	0.36
1592	0.91
1593	0.75
1594	-0.3
1595	-0.59
1596	0.1
1597	-0.37
1598	-0.45
1599	-0.46
1600	-0.06
1601	0.49
1602	-0.49
1603	-0.78
1604	-0.25
1605	0.83
1606	0.51
1607	-0.34
1608	-0.29
1609	-0.4
1610	-0.24
1611	-0.17
1612	-0.16
1613	-0.57
1614	-0.36
1615	-0.18
1616	-0.8
1617	-0.68
1618	-0.55
1619	-1.03
1620	-0.5
1621	0.12
1622	-0.25
1623	0.13
1624	0.55
1625	-0.13
1626	0.27
1627	-0.08
1628	-0.72
1629	-0.71
1630	-0.79
1631	0.31
1632	0.26
1633	0.03
1634	1.08
1635	1.48
1636	0.53
1637	0.12
1638	-0.47
1639	-0.57
1640	-0.13
1641	0.01
1642	0.47
1643	0.99
1644	0.9
1645	0.84
1646	1.3
1647	0.42
1648	-0.42
1649	-0.88
1650	-1.15
1651	-1.24
1652	-0.24
1653	-0.45
1654	0.06
1655	-0.19
1656	-0.11
1657	-0.42
1658	-0.45
1659	-0.89
1660	-0.67
1661	-0.19
1662	0.34
1663	0.14
1664	0.14
1665	0.36
1666	0.25
1667	0.35
1668	-0.04
1669	0.81
1670	0.7
1671	0.36
1672	0.12
1673	0.15
1674	-0.01
1675	0.34
1676	0.59
1677	0.26
1678	-0.03
1679	0.08
1680	0.09
1681	0.76
1682	0.81
1683	0.78
1684	0.56
1685	-0.3
1686	-0.38
1687	-0.07
1688	-0.88
1689	-1.27
1690	-1.34
1691	-0.76
1692	0.04
1693	-0.47
1694	0.1
1695	0.75
1696	0.61
1697	0.49
1698	0.26
1699	1.14
1700	0.81
1701	0.51
1702	0.78
1703	0.46
1704	0.4
1705	0.6
1706	0.06
1707	0.24
1708	-0.23
1709	-0.95
1710	0.05
1711	0.04
1712	-0.18
1713	-0.4
1714	-0.63
1715	-0.78
1716	-1.2
1717	-1.13
1718	-1.23
1719	-1.81
1720	-1.96
1721	-1.67
1722	-1.37
1723	0.93
1724	-0.07
1725	0.29
1726	1.25
1727	0.16
1728	-0.32
1729	-0.25
1730	-0.43
1731	0.32
1732	0.59
1733	0.28
1734	0.71
1735	0.51
1736	0.24
1737	0.62
1738	-0.41
1739	-0.41
1740	0.23
1741	0.0
1742	1.23
1743	0.79
1744	0.28
1745	1.31
1746	1.01
1747	0.39
1748	0.21
1749	-0.86
1750	-1.03
1751	-0.98
1752	-1.65
1753	-1.45
1754	-1.09
1755	-0.14
1756	0.54
1757	1.1
1758	2.19
1759	2.44
1760	2.37
1761	1.95
1762	1.02
1763	1.29
1764	0.65
1765	0.28
1766	1.28
1767	1.65
1768	1.51
1769	1.23
1770	0.49
1771	-0.49
1772	-0.88
1773	-1.25
1774	-2.44
1775	-1.55
1776	-2.02
1777	-1.51
1778	-1.15
1779	-1.19
1780	-0.47
1781	-0.05
1782	-0.15
1783	1.16
1784	0.84
1785	1.62
1786	1.44
1787	1.37
1788	0.97
1789	0.77
1790	0.48
1791	0.98
1792	0.57
1793	1.07
1794	0.06
1795	0.27
1796	1.04
1797	0.08
1798	-0.81
1799	-0.29
1800	-0.91
1801	-0.99
1802	-0.29
1803	-0.54
1804	-0.65
1805	0.07
1806	0.45
1807	0.63
1808	-0.61
1809	-0.8
1810	-0.84
1811	-0.89
1812	-0.98
1813	-0.48
1814	-1.42
1815	-2.06
1816	-1.04
1817	-1.18
1818	-1.07
1819	-0.69
1820	0.1
1821	-0.19
1822	0.33
1823	-0.02
1824	-0.57
1825	-0.74
1826	-0.14
1827	-0.41
1828	-0.49
1829	-0.54
1830	-0.07
1831	0.2
1832	0.18
1833	-0.67
1834	-0.55
1835	-0.66
1836	-0.72
1837	-0.58
1838	-0.49
1839	0.25
1840	1.07
1841	0.65
1842	0.05
1843	0.15
1844	0.07
1845	0.07
1846	-0.75
1847	-0.78
1848	-0.5
1849	-0.1
1850	-0.8
1851	-1.39
1852	-0.62
1853	-0.14
1854	-0.74
1855	-1.01
1856	-0.48
1857	-1.25
1858	-1.52
1859	-0.77
1860	-0.11
1861	0.6
1862	1.09
1863	1.22
1864	1.77
1865	1.75
1866	2.08
1867	1.39
1868	0.66
1869	0.19
1870	0.0
1871	-0.21
1872	0.58
1873	-0.54
1874	-0.78
1875	0.52
1876	0.69
1877	-0.05
1878	0.81
1879	0.29
1880	0.84
1881	0.79
1882	0.54
1883	0.54
1884	0.73
1885	-0.01
1886	0.3
1887	0.47
1888	0.24
1889	-0.5
1890	-1.05
1891	-0.5
1892	-1.16
1893	-1.19
1894	-1.89
1895	-1.04
1896	-0.1
1897	1.2
1898	0.84
1899	0.77
1900	-0.36
1901	-0.11
1902	-0.32
1903	-0.95
1904	-0.83
1905	-0.91
1906	-1.14
1907	-1.19
1908	-0.97
1909	-1.56
1910	-1.31
1911	-0.34
1912	-0.17
1913	-0.09
1914	1.04
1915	0.93
1916	1.21
1917	1.96
1918	0.67
1919	0.49
1920	0.31
1921	0.44
1922	0.18
1923	-0.59
1924	-0.52
1925	-0.33
1926	-0.26
1927	-0.11
1928	0.59
1929	0.63
1930	0.36
1931	-0.15
1932	0.36
1933	0.73
1934	0.86
1935	0.63
1936	0.91
1937	0.32
1938	0.45
1939	-0.55
1940	0.13
1941	0.54
1942	0.34
1943	-0.07
1944	0.72
1945	0.43
1946	1.28
1947	1.14
1948	0.68
1949	0.19
1950	0.02
1951	0.37
1952	0.51
1953	-0.09
1954	-0.14
1955	0.2
1956	0.07
1957	0.36
1958	0.08
1959	0.71
1960	1.0
1961	1.45
1962	0.16
1963	0.8
1964	0.61
1965	0.09
1966	-0.2
1967	0.32
1968	0.16
1969	-0.35
1970	1.1
1971	-0.14
1972	0.14
1973	0.93
1974	-0.25
1975	-0.46
1976	0.27
1977	-0.26
1978	0.28
1979	-0.43
1980	0.14
1981	-0.56
1982	-0.9
1983	-0.85
1984	-0.57
1985	-0.42
1986	0.03
1987	-0.15
1988	-0.18
1989	-0.16
1990	-0.24
1991	-0.18
1992	0.3
1993	-0.27
1994	-0.11
1995	0.27
1996	-0.46
1997	-0.87
1998	-0.56
1999	-1.15
2000	-1.01
2001	-0.76
2002	-1.37
2003	-1.93
2004	-1.07
2005	-0.7
2006	-0.63
2007	-1.01
2008	-0.46
2009	0.88
2010	1.01
2011	0.05
2012	0.49
2013	-0.11
2014	-0.08
2015	-0.92
2016	-0.46
2017	-0.75
2018	-0.05
2019	-0.81
2020	-0.83
2021	-0.78
2022	-1.07
2023	-0.3
2024	-0.63
2025	-1.34
2026	-0.79
2027	0.24
2028	-0.05
2029	-0.18
2030	0.02
2031	-0.24
2032	0.95
2033	-0.42
2034	-0.53
2035	-1.29
2036	-1.13
2037	-1.25
2038	-1.17
2039	-2.02
2040	-1.28
2041	-1.32
2042	-1.51
2043	-1.68
2044	-1.62
2045	-2.07
2046	-0.73
2047	-1.03
2048	-0.35
2049	-1.08
2050	0.33
2051	0.09
2052	0.38
2053	0.61
2054	1.44
2055	0.71
2056	0.53
2057	0.56
2058	1.14
2059	-0.21
2060	-0.5
2061	-0.92
2062	-0.38
2063	-0.23
2064	-0.58
2065	-1.22
2066	0.47
2067	-0.03
2068	-0.05
2069	-0.44
2070	-0.22
2071	-0.85
2072	-0.73
2073	-1.04
2074	-0.51
2075	-0.02
2076	0.11
2077	-0.26
2078	-0.11
2079	-0.08
2080	0.17
2081	0.35
2082	0.35
2083	-0.04
2084	-0.13
2085	0.7
2086	1.2
2087	0.67
2088	-0.27
2089	-0.48
2090	-1.38
2091	-0.92
2092	-1.76
2093	-1.85
2094	-1.03
2095	0.15
2096	-0.34
2097	-0.03
2098	-0.19
2099	-0.03
2100	1.64
2101	0.53
2102	0.7
2103	0.86
2104	1.71
2105	1.65
2106	1.48
2107	1.14
2108	1.18
2109	0.93
2110	1.21
2111	2.02
2112	0.97
2113	-0.13
2114	-0.02
2115	-1.16
2116	-1.29
2117	-1.87
2118	-0.67
2119	-1.61
2120	-0.55
2121	-0.3
2122	-0.35
2123	-0.15
2124	-0.74
2125	0.12
2126	0.02
2127	0.41
2128	0.62
2129	0.83
2130	-0.2
2131	0.0
2132	0.86
2133	-0.41
2134	0.01
2135	0.18
2136	0.84
2137	0.6
2138	-0.5
2139	-0.62
2140	0.37
2141	-0.19
2142	-0.2
2143	-0.49
2144	-0.57
2145	-0.8
2146	-0.53
2147	0.08
2148	0.99
2149	0.36
2150	-0.36
2151	-0.84
2152	-0.53
2153	-1.78
2154	-1.89
2155	-0.86
2156	0.19
2157	-0.7
2158	0.71
2159	-0.75
2160	-1.47
2161	-1.31
2162	-1.13
2163	-0.84
2164	-0.04
2165	0.58
2166	-0.18
2167	-0.47
2168	-0.31
2169	-0.65
2170	-1.06
2171	0.1
2172	0.2
2173	0.92
2174	0.14
2175	-0.58
2176	-2.7613452914798207
2177	-2.707570977917981
2178	0.007118644067796639
2179	0.23020408163265307
2180	0.11562499999999999
2181	0.5207936507936508
2182	-2.7214950980392154
2183	-0.2883582089552239
2184	0.3616666666666667
2185	-0.3005405405405406
2186	-1.8153521126760561
2187	-1.6530841121495328
2188	0.23862595419847327
2189	0.06119999999999998
2190	-1.2425225225225225
2191	-0.4053246753246753
2192	1.0226829268292683
2193	0.19523076923076924
2194	-1.7555102040816326
2195	1.156
2196	-0.62
2197	0.3374468085106383
2198	0.32574074074074083
2199	-2.5681553398058257
2200	0.20729729729729732
2201	-1.0298089171974523
2202	-0.2536507936507937
2203	-1.2337
2204	-0.39671052631578946
2205	1.0232110091743118
2206	-0.809609375
2207	0.4194117647058823
2208	1.004642857142857
2209	0.9938461538461537
2210	-0.18814569536423842
2211	-0.2494871794871795
2212	-1.9640540540540539
2213	-0.7315929203539823
2214	-0.5146226415094339
2215	-0.34397727272727274
2216	-1.8465625
2217	0.4947770700636943
2218	0.6284
2219	-0.6219298245614036
2220	1.3284745762711863
2221	0.7915094339622643
2222	-0.025322580645161293
2223	0.060000000000000005
2224	-1.170974358974359
2225	0.7724175824175823
2226	-0.5994444444444444
2227	0.02421052631578945
2228	-0.3267741935483871
2229	-0.03487179487179488
2230	-1.1771686746987953
2231	0.15986666666666666
2232	-0.2755263157894737
2233	-1.4241573033707866
2234	1.52020202020202
2235	-1.0775000000000001
2236	0.28064814814814815
2237	0.396829268292683
2238	0.06925925925925926
2239	-1.0628395061728395
2240	0.09603174603174602
2241	0.325
2242	0.3934862385321101
2243	-0.9981818181818182
2244	-0.15058823529411763
2245	0.503731343283582
2246	-0.8421428571428573
2247	-2.5344071146245057
2248	0.22214285714285714
2249	0.24352272727272728
2250	-0.21129770992366412
2251	0.9984615384615385
2252	-1.4896
2253	0.2971900826446281
2254	-0.6446610169491525
2255	-0.6588524590163934
2256	0.48306930693069305
2257	0.41035294117647053
2258	-0.9814084507042254
2259	0.17851485148514853
2260	-1.744678899082569
2261	-1.0191975308641976
2262	-0.6617241379310346
2263	0.1402857142857143
2264	-0.48414285714285715
2265	-0.13053333333333333
2266	-0.09617021276595746
2267	-0.23384615384615384
2268	-0.01978260869565218
2269	-0.35899082568807344
2270	-0.553013698630137
2271	1.5786363636363634
2272	-0.04766129032258065
2273	-1.5930681818181818
2274	0.07117647058823529
2275	-0.8507920792079208
2276	-0.7476744186046511
2277	-0.6414285714285713
2278	0.2807792207792208
2279	-0.3593700787401575
2280	-0.09603960396039603
2281	0.4207228915662651
2282	-0.023516483516483524
2283	0.054857142857142854
2284	-1.0016265060240965
2285	-0.5511206896551725
2286	0.4847945205479452
2287	-0.08866666666666669
2288	-0.41
2289	0.2028925619834711
2290	0.700923076923077
2291	-1.2634306569343066
2292	-0.6918699186991869
2293	-0.17011764705882354
2294	0.49077419354838714
2295	0.0009302325581395289
2296	-1.7046376811594204
2297	-1.3404109589041096
2298	-1.83704
2299	0.46902439024390236
2300	-1.174660633484163
2301	0.39352000000000004
2302	-1.176711409395973
2303	-0.553551401869159
2304	0.2680582524271844
2305	-0.9408609271523178
2306	-0.57
2307	0.8332
2308	0.6206122448979592
2309	-1.6644387755102041
2310	-0.19722222222222222
2311	-0.604020618556701
2312	0.6057831325301205
2313	-0.8924657534246576
2314	-0.6992783505154639
2315	-0.7363829787234042
2316	1.2515151515151515
2317	-0.02452054794520549
2318	0.10817142857142857
2319	0.31264705882352944
2320	-1.2906024096385542
2321	-0.6033333333333334
2322	-0.6973626373626375
2323	-0.19081081081081078
2324	-0.21853333333333333
2325	0.36363636363636365
2326	-0.896891891891892
2327	0.51544
2328	-0.15045977011494252
2329	-0.5408227848101265
2330	-0.38827586206896547
2331	-0.4135922330097088
2332	-0.01818181818181817
2333	0.1277358490566038
2334	-0.9254248366013073
2335	-1.068282208588957
2336	1.1603030303030302
2337	0.03428571428571428
2338	0.1606
2339	-0.6594680851063829
2340	0.9227906976744186
2341	0.15524752475247527
2342	0.5350515463917527
2343	-0.6480620155038759
2344	-0.7214285714285714
2345	-0.8184337349397591
2346	-0.6844444444444444
2347	-0.1283950617283951
2348	-1.5776612903225806
2349	0.455
2350	-0.1299107142857143
2351	-0.7022093023255814
2352	0.09514285714285714
2353	0.00924657534246575
2354	0.20054421768707484
2355	-0.44399999999999995
2356	0.2759722222222222
2357	-0.17557251908396948
2358	1.4053333333333333
2359	0.08759493670886077
2360	-0.1477310924369748
2361	-0.5653846153846154
2362	-0.9300000000000002
2363	-1.1024
2364	0.16172043010752687
2365	-1.2557042253521127
2366	-0.3926865671641791
2367	0.06297872340425532
2368	-1.5230357142857145
2369	-0.36436781609195396
2370	-0.5
2371	0.10117647058823531
2372	0.4282758620689655
2373	0.12473214285714287
2374	-1.371111111111111
2375	-1.2810588235294118
2376	-0.797336956521739
2377	0.25127659574468086
2378	0.1350877192982456
2379	-0.2520320855614973
2380	0.09878048780487803
2381	0.12000000000000001
2382	0.5005952380952381
2383	-1.1014634146341464
2384	-0.9644545454545455
2385	-0.5763380281690141
2386	-0.8969565217391304
2387	-0.225
2388	-1.2576470588235296
2389	-1.5254014598540147
2390	0.9972
2391	-0.6464000000000001
2392	-1.045
2393	-1.1151612903225807
2394	0.3520472440944881
2395	0.46379310344827596
2396	-0.4978723404255319
2397	-1.7471794871794872
2398	-0.9965384615384614
2399	1.293448275862069
2400	-2.5309677419354837
2401	-0.4937368421052632
2402	-0.9636842105263157
2403	-0.6200000000000001
2404	0.3027586206896552
2405	-0.19633802816901408
2406	0.6759259259259259
2407	0.38242105263157894
2408	0.07917647058823529
2409	0.7281818181818182
2410	-0.371038961038961
2411	-0.09166666666666666
2412	0.14479999999999998
2413	0.6982758620689655
2414	0.5000952380952381
2415	-0.14147783251231527
2416	-0.6470967741935484
2417	0.3289795918367347
2418	0.09439716312056735
2419	-1.0876296296296297
2420	0.7599999999999999
2421	0.6294117647058823
2422	0.11128491620111729
2423	-0.44351351351351354
2424	1.202098765432099
2425	-0.3660952380952381
2426	-0.4513207547169811
2427	0.30864583333333334
2428	0.15415384615384614
2429	1.015054945054945
2430	-1.5401639344262292
2431	-1.1680000000000001
2432	-1.4728571428571429
2433	-0.8852631578947369
2434	-0.24796610169491523
2435	-0.28779904306220094
2436	0.23473684210526316
2437	-1.781682242990654
2438	-1.4007812499999999
2439	-0.6820689655172414
2440	-0.22142857142857142
2441	-0.3794915254237288
2442	-0.4090551181102362
2443	-0.4325
2444	0.6834883720930233
2445	0.21564102564102564
2446	0.6322608695652174
2447	-0.8485826771653544
2448	-0.08011235955056178
2449	0.30885496183206107
2450	-0.535
2451	1.6199999999999999
2452	-1.5242148760330578
2453	-1.3461306532663317
2454	-0.4610989010989011
2455	1.4894214876033056
2456	0.5835999999999999
2457	0.8461666666666667
2458	-0.7782352941176471
2459	0.8735937500000001
2460	1.3986249999999998
2461	-1.683166666666667
2462	0.4353968253968254
2463	0.13759999999999997
2464	0.19746753246753246
2465	-0.42
2466	-1.4175
2467	0.572680412371134
2468	-0.365
2469	0.3054545454545455
2470	-0.08913907284768212
2471	-0.5933812949640287
2472	0.7073239436619718
2473	-0.8456716417910447
2474	0.3478947368421053
2475	-0.5704878048780488
2476	-0.4584810126582278
2477	-0.3897101449275362
2478	-1.1369879518072288
2479	0.3638853503184713
2480	-0.7183823529411764
2481	0.16999999999999998
2482	-0.14153846153846153
2483	-0.20216814159292038
2484	0.09181818181818185
2485	-1.673103448275862
2486	-1.3320422535211267
2487	0.10813953488372095
2488	-1.1421487603305784
2489	-0.9977142857142858
2490	0.528135593220339
2491	-1.5800884955752212
2492	-0.5358720930232558
2493	0.5454666666666667
2494	-0.322
2495	-0.05727891156462586
2496	2.289180327868852
2497	-0.848529411764706
2498	-0.6603809523809524
2499	-0.9545454545454546
2500	0.7001162790697674
2501	-2.236666666666667
2502	-0.1002409638554217
2503	-1.6813636363636364
2504	-2.1033783783783786
2505	0.264
2506	0.5683333333333334
2507	-0.7534000000000001
2508	-1.2940677966101695
2509	-0.42034482758620695
2510	0.1135483870967742
2511	0.1087323943661972
2512	-0.35625
2513	-0.693923076923077
2514	-1.126341463414634
2515	-0.632929292929293
2516	0.16965811965811967
2517	-0.06967741935483875
2518	0.3654545454545455
2519	-0.1168421052631579
2520	-1.1932727272727273
2521	0.7163529411764706
2522	-0.23144736842105262
2523	0.4434394904458599
2524	-0.6198076923076924
2525	0.6993750000000001
2526	-0.16862068965517243
2527	0.395
2528	-0.4280555555555556
2529	-0.6701315789473684
2530	-0.4835714285714285
2531	-0.9910526315789474
2532	1.025771812080537
2533	0.9466666666666667
2534	-0.048933333333333336
2535	0.8365909090909092
2536	-0.8166336633663367
2537	0.528921568627451
2538	-0.09407407407407407
2539	-0.30527272727272725
2540	0.5573015873015873
2541	-1.0032345679012347
2542	-1.0695121951219513
2543	-1.794736842105263
2544	-1.0073333333333334
2545	-0.13392857142857142
2546	-0.31061068702290073
2547	-0.71125
2548	-0.35536585365853657
2549	0.21405172413793108
2550	-0.5620833333333334
2551	-2.35
2552	0.6094767441860465
2553	0.348984375
2554	0.23369565217391305
2555	-0.2722033898305085
2556	-0.6679245283018869
2557	0.019999999999999993
2558	-0.572566371681416
2559	1.0898013245033111
2560	-0.22121951219512195
2561	-0.9704054054054054
2562	-0.6941624365482234
2563	-0.4773333333333334
2564	-1.8233727810650886
2565	0.959724770642202
2566	-1.1140983606557378
2567	-0.9158666666666666
2568	0.17027027027027025
2569	0.4708045977011494
2570	-1.2838732394366197
2571	-0.2562857142857143
2572	-0.5582978723404256
2573	-1.0544680851063828
2574	-0.8483168316831684
2575	-0.4797979797979797
2576	-0.869724770642202
2577	-0.03427184466019418
2578	-0.2560377358490566
2579	0.7377981651376146
2580	0.1374431818181818
2581	-0.2351851851851852
2582	-1.3973563218390805
2583	-1.6355782312925171
2584	-1.121904761904762
2585	0.014178082191780836
2586	-0.13217391304347825
2587	-0.8839285714285714
2588	1.2279591836734693
2589	0.34406250000000005
2590	-0.25427350427350426
2591	0.0898529411764706
2592	-0.10697247706422018
2593	0.5583098591549295
2594	-1.1586046511627908
2595	-0.42020408163265305
2596	-1.0334615384615384
2597	0.1689719626168224
2598	-0.1242857142857143
2599	-1.4506329113924052
2600	-0.2855862068965517
2601	-1.1518072289156627
2602	-0.5863736263736263
2603	-0.4280208333333333
2604	-0.9735051546391753
2605	1.3806722689075632
2606	0.0579120879120879
2607	-0.16879699248120303
2608	-1.2197619047619046
2609	-1.1809923664122135
2610	0.201651376146789
2611	0.2366101694915254
2612	-1.5611029411764705
2613	-0.9614893617021276
2614	0.3403636363636364
2615	-0.6665420560747665
2616	0.027234042553191513
2617	-0.30272727272727273
2618	-0.3048888888888889
2619	0.275607476635514
2620	-0.7970731707317074
2621	-0.31606060606060604
2622	-0.4128971962616822
2623	-0.2525
2624	0.45984375
2625	-1.6101515151515151
2626	0.09571428571428571
2627	-0.9049514563106796
2628	1.0538461538461539
2629	0.14426666666666668
2630	-0.7329441624365481
2631	0.030521327014218
2632	0.1655
2633	-0.4981025641025641
2634	-1.0617582417582418
2635	0.43258426966292135
2636	0.27195652173913043
2637	-1.3627439024390244
2638	-0.455609756097561
2639	0.011869918699186984
2640	-0.9993984962406016
2641	-1.2956842105263158
2642	-1.1540462427745664
2643	-0.3208163265306122
2644	0.4951333333333333
2645	0.9038650306748466
2646	1.9113043478260872
2647	-0.2526470588235294
2648	-2.493103975535168
2649	-0.33866666666666667
2650	0.793125
2651	0.4091428571428571
2652	0.25652173913043474
2653	-0.009397590361445796
2654	0.545
2655	-0.6760344827586207
2656	-1.176952380952381
2657	-0.20584795321637428
2658	-0.3872067039106146
2659	0.5104477611940299
2660	-0.5155128205128205
2661	-0.8615126050420167
2662	-0.7864661654135339
2663	-0.4321276595744681
2664	-0.12627906976744185
2665	0.42593406593406596
2666	0.2252941176470588
2667	0.7779069767441861
2668	-0.46416149068322976
2669	-0.3085185185185185
2670	-0.19799999999999995
2671	1.1967073170731706
2672	-0.1542857142857143
2673	-1.9800000000000002
2674	-0.39172413793103444
2675	0.8728278688524591
2676	-0.18093333333333336
2677	-1.641875
2678	-0.37333333333333335
2679	-0.2982142857142857
2680	0.13386554621848742
2681	0.2588
2682	0.11527272727272728
2683	-1.0151764705882351
2684	0.35833333333333334
2685	-0.7785981308411216
2686	-1.9478343949044585
2687	0.07843750000000001
2688	-0.610655737704918
2689	-0.24792079207920792
2690	0.49919642857142854
2691	-1.5228658536585367
2692	-1.302741935483871
2693	-0.7759154929577465
2694	-1.9107511737089202
2695	-0.9827272727272727
2696	0.06955000000000003
2697	-0.5549382716049384
2698	-0.8180459770114942
2699	-0.31444444444444447
2700	-1.0585393258426967
2701	-0.04698630136986299
2702	0.027529411764705882
2703	0.5369354838709678
2704	0.0778021978021978
2705	0.17902654867256637
2706	0.105
2707	-1.3987755102040818
2708	0.47669172932330833
2709	-0.17476923076923076
2710	-1.301926605504587
2711	-0.9866666666666667
2712	-0.24932098765432098
2713	-0.002790697674418605
2714	0.40092307692307694
2715	0.3558823529411765
2716	-1.0171875
2717	-1.5308219178082192
2718	-0.5626011560693641
2719	-0.2198333333333333
2720	0.18419999999999995
2721	-1.003157894736842
2722	-0.6489516129032258
2723	-0.1263865546218487
2724	-0.5033333333333333
2725	0.6518181818181819
2726	-0.645531914893617
2727	0.3766666666666667
2728	-0.3999999999999999
2729	0.44
2730	-0.09517241379310346
2731	0.7147368421052631
2732	-0.1797590361445783
2733	-2.410314465408805
2734	0.3227027027027027
2735	-0.8079999999999999
2736	-0.7278947368421053
2737	-0.3473913043478261
2738	-0.02098039215686268
2739	-2.3229126213592233
2740	-0.3188793103448276
2741	-0.4098989898989899
2742	-1.3544549763033176
2743	-0.21325301204819277
2744	-0.3811392405063291
2745	-0.07282894736842106
2746	1.5919047619047617
2747	1.0204310344827587
2748	0.3478453038674033
2749	0.30112195121951224
2750	-2.0002040816326527
2751	-0.34270833333333334
2752	0.3859230769230769
2753	-0.4681746031746032
2754	-0.9385915492957747
2755	1.939047619047619
2756	0.6740860215053763
2757	-0.8653956834532374
2758	-1.0342201834862386
2759	-0.99
2760	0.3111242603550296
2761	-0.4728
2762	0.6263529411764706
2763	-0.8217355371900827
2764	-0.3745631067961165
2765	-0.2555555555555555
2766	-0.6895454545454546
2767	1.0162499999999999
2768	-1.1765104166666667
2769	-0.185
2770	-1.0774045801526717
2771	-0.3198214285714286
2772	-1.1113114754098359
2773	-0.346793893129771
2774	-0.3210344827586207
2775	-0.02047999999999996
2776	0.6720879120879121
2777	-0.2929729729729729
2778	-1.822085561497326
2779	-0.8871969696969697
2780	-0.7627586206896552
2781	-0.8804972375690608
2782	-0.4350537634408602
2783	-0.24476190476190468
2784	-0.06233333333333333
2785	-0.8066863905325444
2786	-0.723170731707317
2787	-1.462905982905983
2788	-0.12320312500000002
2789	0.1140625
2790	0.20987730061349694
2791	-0.9874509803921568
2792	-0.8178813559322035
2793	0.559113924050633
2794	-0.3583132530120482
2795	-0.9854901960784315
2796	-0.38969512195121947
2797	-0.753960396039604
2798	0.5400961538461538
2799	-1.5040759493670885
2800	-1.8851801801801802
2801	-0.26033898305084746
2802	-0.2115217391304348
2803	-0.3455813953488372
2804	-0.7903619909502263
2805	-1.258
2806	0.602183908045977
2807	-1.3353846153846154
2808	-0.145
2809	-0.8015537848605577
2810	-0.5865601965601966
2811	0.1326315789473684
2812	-0.9630813953488372
2813	0.02157894736842105
2814	0.03336633663366334
2815	-1.250051282051282
2816	-0.9395161290322581
2817	0.38447488584474887
2818	-0.43753846153846154
2819	-1.0346153846153847
2820	-0.36141791044776117
2821	0.602922077922078
2822	-0.370752688172043
2823	1.3766438356164383
2824	-0.12941176470588237
2825	-0.29481481481481486
2826	-0.6362295081967213
2827	-0.7094957983193276
2828	-0.3668571428571428
2829	-0.4029007633587786
2830	-1.3141975308641975
2831	-0.3125
2832	-0.5213043478260869
2833	1.8170866141732285
2834	0.3675342465753425
2835	0.2945714285714286
2836	-1.2576470588235293
2837	0.5589423076923077
2838	-0.5208108108108108
2839	0.020000000000000007
2840	-0.419020979020979
2841	-0.14431034482758623
2842	-0.27881578947368424
2843	-0.2568627450980392
2844	-0.8414285714285715
2845	-0.46520000000000006
2846	0.31172932330827063
2847	-0.5080851063829787
2848	0.6169026548672567
2849	0.53808
2850	1.0027322404371584
2851	0.04075528700906344
2852	0.032612612612612606
2853	-0.59976
2854	-1.1343511450381678
2855	0.10818181818181816
2856	-0.34120000000000006
2857	-0.8894690265486724
2858	-0.26292134831460673
2859	0.21574468085106385
2860	-0.49352517985611505
2861	1.0283333333333333
2862	-1.5534999999999999
2863	-1.4207758620689654
2864	-1.4129411764705881
2865	0.28877551020408165
2866	-0.19568000000000002
2867	-0.6631460674157305
2868	-0.4026363636363636
2869	0.27440000000000003
2870	-1.2084
2871	0.3020689655172414
2872	0.12242990654205609
2873	-0.40386363636363637
2874	-1.785045871559633
2875	-0.28441176470588236
2876	-1.2513333333333334
2877	1.2734146341463415
2878	-0.8617647058823531
2879	0.009512195121951212
2880	-0.7580392156862746
2881	-0.15370588235294116
2882	0.911578947368421
2883	-0.8717391304347826
2884	-0.9256976744186047
2885	0.0077777777777777715
2886	-1.3340384615384617
2887	0.08696629213483148
2888	-2.050263157894737
2889	-0.283265306122449
2890	-0.849712643678161
2891	0.8306976744186046
2892	0.8082191780821919
2893	-0.14722222222222223
2894	-0.22901639344262292
2895	0.4444285714285714
2896	-0.3432911392405063
2897	-0.241123595505618
2898	0.23588785046728974
2899	-0.43651162790697673
2900	-0.9991563275434242
2901	-0.7757522123893805
2902	0.6053333333333333
2903	0.5246625766871166
2904	0.8707339449541284
2905	-0.5175675675675675
2906	-0.19543103448275864
2907	-1.002
2908	-0.32304635761589406
2909	-0.44215686274509797
2910	0.14986301369863014
2911	-0.9357692307692309
2912	0.4175
2913	-0.24999999999999997
2914	-1.0217391304347827
2915	-0.1675324675324675
2916	-0.2880710659898477
2917	0.6964444444444445
2918	-0.6656249999999999
2919	0.08745098039215685
2920	-0.9264423076923077
2921	-0.12254901960784313
2922	0.0657264957264957
2923	0.9204878048780488
2924	-0.8775324675324675
2925	-0.11083333333333331
2926	-0.49000000000000005
2927	0.2543877551020408
2928	0.39230000000000004
2929	0.35931034482758617
2930	-1.939039548022599
2931	0.3636363636363636
2932	-1.8534552845528456
2933	-0.37105263157894736
2934	-0.4928571428571429
2935	-0.0041333333333333395
2936	-1.0022950819672132
2937	0.24863013698630135
2938	-0.56093567251462
2939	-1.1011864406779661
2940	0.45861313868613135
2941	0.5847058823529413
2942	0.8612162162162161
2943	-0.23297297297297295
2944	-0.6751612903225807
2945	-2.2816455696202533
2946	-1.4504878048780485
2947	0.286171875
2948	0.41316017316017317
2949	-0.4456875
2950	-0.3766666666666667
2951	-1.2693167701863355
2952	-0.9363291139240506
2953	-0.818076923076923
2954	-1.9069620253164559
2955	-0.651957671957672
2956	-1.5840875912408758
2957	1.3952475247524754
2958	-1.345
2959	-0.34880952380952385
2960	1.7574725274725271
2961	-0.8706756756756757
2962	-0.6689655172413793
2963	-2.0625
2964	0.5895495495495495
2965	-1.2167213114754099
2966	-1.4516494845360826
2967	-0.6926027397260275
2968	-0.31050632911392406
2969	-0.6678947368421052
2970	-0.9755151515151516
2971	-0.6500763358778626
2972	-0.3954054054054054
2973	0.5265384615384614
2974	0.08751824817518249
2975	-1.153142857142857
2976	-0.4023655913978495
2977	-0.06584745762711866
2978	0.6187050359712231
2979	-0.5830405405405404
2980	-1.133015873015873
2981	-0.41192982456140353
2982	-1.761900826446281
2983	-0.5913157894736841
2984	-1.1047500000000001
2985	-2.0374871794871794
2986	-1.7062770562770562
2987	-1.6426315789473684
2988	-0.270625
2989	-1.3344660194174756
2990	-0.3111688311688312
2991	0.009292452830188674
2992	0.09942528735632186
2993	-0.255625
2994	0.3396894409937888
2995	-1.8129166666666665
2996	-0.9143199999999999
2997	0.6417499999999999
2998	0.09515723270440257
2999	-0.43609756097560975
3000	0.4508391608391608
3001	-2.1196428571428574
3002	0.13904761904761903
3003	1.467111111111111
3004	1.902686567164179
3005	-0.02880503144654087
3006	-0.4748096885813149
3007	-1.0651948051948052
3008	-0.24664429530201337
3009	0.4116483516483517
3010	-0.6063636363636364
3011	-0.054523809523809544
3012	-0.913
3013	-0.005703703703703707
3014	-0.318411214953271
3015	-0.23291666666666666
3016	1.258
3017	-0.1528695652173913
3018	-0.7088461538461538
3019	-0.34078260869565213
3020	0.06050000000000001
3021	-0.09333333333333334
3022	0.7209722222222221
3023	0.6250877192982456
3024	-0.06466257668711657
3025	-1.3651724137931036
3026	-1.9103550295857987
3027	-0.11319767441860465
3028	-1.0010000000000001
3029	-0.8446478873239436
3030	-1.599626168224299
3031	-0.29583333333333334
3032	-0.2625448028673835
3033	-0.559406779661017
3034	0.15320261437908494
3035	-0.32857142857142857
3036	-1.0833333333333333
3037	-0.13204545454545452
3038	-0.7403448275862069
3039	-0.6226851851851852
3040	0.3196296296296297
3041	-0.533125
3042	-0.3948663101604277
3043	0.2964705882352941
3044	0.10155844155844158
3045	-1.231923076923077
3046	-0.8773529411764706
3047	-0.6327906976744185
3048	-0.8396449704142012
3049	0.3452808988764045
3050	-0.21966666666666665
3051	-0.011969696969696934
3052	1.5097435897435896
3053	0.4504526748971194
3054	0.09825242718446602
3055	-2.2588185654008437
3056	0.29
3057	0.06276073619631901
3058	0.2451254480286739
3059	0.11524390243902438
3060	0.09785714285714288
3061	-0.04426086956521739
3062	-1.1572995780590718
3063	0.30383673469387756
3064	0.510468085106383
3065	0.36487951807228924
3066	-0.14741071428571426
3067	-0.4559
3068	-0.2010505836575875
3069	-1.4827586206896552
3070	-0.022499999999999992
3071	-0.454578313253012
3072	0.1196
3073	0.6650909090909092
3074	-0.7684426229508197
3075	-0.6675
3076	0.22147058823529409
3077	-0.5591379310344828
3078	-0.7025471698113207
3079	-0.4566470588235294
3080	-0.2648192771084337
3081	0.4077272727272727
3082	0.011666666666666665
3083	-0.9542857142857143
3084	0.3013725490196078
3085	-0.9788953488372093
3086	-1.1560360360360362
3087	-0.2700454545454545
3088	-0.7130645161290323
3089	-0.6077165354330709
3090	-0.9080360721442887
3091	0.26080000000000003
3092	-0.05574468085106383
3093	0.40153846153846157
3094	-0.09228873239436622
3095	0.37150289017341037
3096	0.4384
3097	0.4382926829268292
3098	-0.18951327433628318
3099	0.272996254681648
3100	0.2707547169811321
3101	0.08200836820083686
3102	-0.6895744680851064
3103	-0.7692682926829268
3104	-0.7630232558139536
3105	-0.16538461538461538
3106	-1.3724444444444441
3107	-0.7480794701986756
3108	-1.1724285714285716
3109	0.4598333333333333
3110	-0.24412811387900354
3111	-1.1085714285714283
3112	-2.187727272727273
3113	-1.1352191235059763
3114	-0.07861386138613861
3115	-0.82375
3116	0.6669200000000001
3117	0.09612499999999999
3118	0.8472872340425533
3119	0.4542857142857143
3120	-0.9808661417322834
3121	-0.3842181818181818
3122	0.5427205882352941
3123	-1.3353125
3124	0.39605263157894743
3125	0.2964864864864865
3126	-1.3329166666666667
3127	-0.044931506849315066
3128	-0.4597260273972602
3129	0.6757731958762885
3130	-0.6365236051502146
3131	0.17614035087719296
3132	0.2383206106870229
3133	-0.25305164319248824
3134	-0.7836170212765957
3135	-0.1746551724137931
3136	0.6054377880184332
3137	-0.3225641025641025
3138	0.5651396648044692
3139	-0.9485074626865672
3140	0.1770588235294118
3141	0.3160869565217392
3142	-0.05077625570776254
3143	0.49062500000000003
3144	-1.526766169154229
3145	-0.29720588235294115
3146	-0.17636363636363633
3147	-0.5266169154228856
3148	-0.7326881720430107
3149	0.23646551724137932
3150	0.3749484536082474
3151	-0.7632947976878613
3152	-0.5768613138686132
3153	0.4017808219178082
3154	-1.4264444444444446
3155	1.0727325581395346
3156	-0.38792349726775954
3157	-0.29943661971830987
3158	-0.40921739130434787
3159	-1.1168686868686868
3160	0.7266379310344827
3161	-1.0339999999999998
3162	0.29103030303030303
3163	-0.6941232227488151
3164	0.5333333333333333
3165	-1.9628571428571426
3166	-0.8298684210526315
3167	-0.7911111111111111
3168	-0.3664
3169	-0.8647368421052632
3170	-0.0308906882591093
3171	-0.7631103678929766
3172	1.172
3173	-0.5404081632653062
3174	-1.0976923076923077
3175	-0.8221256038647343
3176	0.13874999999999998
3177	-0.63375
3178	0.7462114537444934
3179	-0.9661764705882351
3180	0.06924731182795696
3181	0.0762280701754386
3182	0.48870229007633587
3183	-0.06620155038759687
3184	0.4342446043165468
3185	0.575830985915493
3186	-1.0667961165048543
3187	-1.873502824858757
3188	0.2679047619047619
3189	-0.13965156794425088
3190	0.6568844221105529
3191	0.1695744680851064
3192	0.030601503759398498
3193	-0.34625
3194	-0.8218897637795275
3195	-0.7325641025641025
3196	0.581195652173913
3197	-1.0548387096774194
3198	-0.13843537414965987
3199	-0.5832666666666667
3200	-0.23020833333333326
3201	1.201275167785235
3202	-0.7411320754716981
3203	0.3667543859649123
3204	0.11023255813953489
3205	-0.40535294117647064
3206	-0.6675
3207	0.0210526315789474
3208	-1.2686904761904763
3209	-1.0018584070796461
3210	-0.07416058394160586
3211	-0.2835384615384615
3212	-0.78404833836858
3213	-0.27236641221374047
3214	-0.34495384615384617
3215	-0.7607586206896552
3216	0.34275362318840585
3217	0.19233160621761658
3218	-0.30902439024390244
3219	-0.2753472222222222
3220	-0.4166666666666667
3221	-0.6251776649746194
3222	-0.9492432432432432
3223	-1.260531914893617
3224	-0.121878453038674
3225	-0.49717514124293793
3226	-0.5104761904761905
3227	-0.7383700440528636
3228	-1.3867005076142132
3229	-0.2940714285714286
3230	0.8044444444444445
3231	0.06450236966824645
3232	-1.6060633484162896
3233	-0.71
3234	-0.15091549295774648
3235	0.22581081081081084
3236	-0.15845921450151057
3237	-0.7508547008547009
3238	0.5477272727272727
3239	-0.845
3240	-0.037486631016042785
3241	-0.4699462365591397
3242	0.42733333333333334
3243	-0.3351724137931035
3244	-0.511433962264151
3245	-1.3008724832214766
3246	-1.7411224489795918
3247	0.3755208333333333
3248	-1.3697587719298245
3249	0.0640909090909091
3250	0.8595726495726496
3251	0.055172413793103454
3252	-0.9093421052631578
3253	-0.39825842696629216
3254	-1.1328749999999999
3255	-0.15164383561643835
3256	-0.005613207547169784
3257	-0.277515923566879
3258	-0.11823529411764705
3259	0.11761904761904764
3260	-0.30686567164179107
3261	-0.41222222222222227
3262	-0.31896551724137934
3263	-0.5638709677419355
3264	-0.029999999999999954
3265	-1.3648453608247422
3266	-1.2204761904761905
3267	-0.5089634146341463
3268	-1.300679012345679
3269	-0.24208436724565757
3270	-0.3132394366197183
3271	1.0727906976744186
3272	-1.5827634660421546
3273	-0.5695876288659794
3274	0.17044776119402985
3275	-0.5535714285714286
3276	-0.3783620689655173
3277	0.601578947368421
3278	-0.44850241545893715
3279	-0.41684210526315785
3280	-0.027213114754098364
3281	-0.6298591549295774
3282	-0.7637894736842106
3283	-0.8087330316742081
3284	0.23215189873417727
3285	-0.08637305699481865
3286	-0.9485185185185186
3287	-0.06771844660194172
3288	0.035489130434782606
3289	-0.6933333333333334
3290	-1.5514102564102565
3291	-1.275578947368421
3292	0.4783216783216784
3293	0.12162561576354682
3294	0.07976744186046511
3295	-0.6247222222222222
3296	-0.747461139896373
3297	-0.992378640776699
3298	-0.7789108910891089
3299	-0.19735294117647062
3300	-0.8007262569832403
3301	-1.6211340206185567
3302	-0.3449264705882353
3303	-1.7460975609756095
3304	-0.6332941176470589
3305	-0.47512499999999996
3306	-1.0513043478260868
3307	-0.3367692307692307
3308	-0.7154545454545453
3309	0.6520168067226891
3310	1.0712121212121213
3311	-1.4133333333333333
3312	-0.414568345323741
3313	0.19735714285714293
3314	0.6651655629139072
3315	-0.8689500000000001
3316	0.04534883720930233
3317	0.3807905138339921
3318	-1.8356179775280899
3319	0.5117733990147783
3320	-0.20651162790697675
3321	-1.2642763157894739
3322	-0.6332584269662922
3323	-0.9084978540772533
3324	-0.6694736842105263
3325	0.5987248322147652
3326	0.45948717948717943
3327	-0.655
3328	0.0036875000000000215
3329	-1.2218396226415094
3330	0.27807692307692305
3331	0.0632
3332	-0.6419205298013246
3333	0.40649758454106283
3334	-0.4409278350515464
3335	1.088048780487805
3336	-0.07083333333333333
3337	-0.1406896551724138
3338	-0.007500000000000001
3339	-0.47690355329949236
3340	1.441747572815534
3341	0.12038461538461537
3342	-0.013223443223443201
3343	-0.6204347826086956
3344	0.5486131386861314
3345	-2.2381264108352146
3346	0.0888095238095238
3347	-0.8642857142857142
3348	-1.0664383561643835
3349	0.10929648241206036
3350	-0.5892827004219409
3351	0.6087730061349693
3352	0.6182870370370369
3353	0.2555232558139535
3354	-0.5632142857142857
3355	-0.26168067226890757
3356	-0.009239130434782595
3357	0.38563380281690135
3358	-2.388457008244994
3359	-1.1491304347826088
3360	-0.4262007168458781
3361	-1.3248000000000002
3362	-0.6157541899441341
3363	-0.14833333333333334
3364	-1.108968253968254
3365	0.0004225352112675966
3366	-0.03631205673758866
3367	-1.7472292993630574
3368	0.060507462686567155
3369	-0.739546925566343
3370	-0.018606965174129363
3371	-0.5834782608695652
3372	-0.7124747474747475
3373	0.1056551724137931
3374	0.00967320261437911
3375	-0.314264705882353
3376	-0.9154302103250479
3377	-0.5495
3378	-0.36010989010989014
3379	-0.5188934426229508
3380	-0.3427906976744186
3381	1.5879573170731704
3382	0.4963636363636364
3383	-0.050786163522012574
3384	-0.8496526054590572
3385	0.39064516129032256
3386	-0.40214285714285714
3387	0.6987610619469027
3388	-0.7325641025641026
3389	-1.4059758203799655
3390	-1.7303478260869567
3391	0.18020408163265306
3392	-1.515977653631285
3393	-0.746328125
3394	0.8800000000000001
3395	-0.31480662983425417
3396	-0.09539393939393936
3397	-0.8304166666666668
3398	-0.9790132248219735
3399	-0.14116666666666663
3400	-0.9602730375426621
3401	0.7703783783783783
3402	-1.127837837837838
3403	0.40103448275862075
3404	-0.8453125
3405	-0.40994680851063825
3406	0.35211469534050177
3407	0.28081818181818186
3408	0.06584541062801932
3409	-1.5796065989847716
3410	0.2330909090909091
3411	0.0733333333333333
3412	1.1696172248803827
3413	0.4055115511551155
3414	0.3609090909090909
3415	0.07449350649350647
3416	-0.31949685534591205
3417	-0.5543750000000001
3418	-0.8370879120879122
3419	0.5494405594405595
3420	-0.46446078431372556
3421	-0.2999619771863118
3422	-0.6181974248927039
3423	0.5302020202020203
3424	-0.7454802259887005
3425	-0.6716265060240965
3426	-0.3508602150537634
3427	-0.17550695825049703
3428	0.5658378378378378
3429	0.024901960784313698
3430	-0.48030120481927707
3431	-0.6851785714285714
3432	-0.049828767123287654
3433	-1.1296818181818182
3434	-0.591433962264151
3435	-0.8929896907216496
3436	-0.16924107142857148
3437	-0.371064425770308
3438	0.10850574712643676
3439	0.36750000000000005
3440	0.2808169014084507
3441	-0.1784375
3442	-0.7828571428571427
3443	-1.6211000000000002
3444	-1.2845804195804196
3445	-0.9268444444444446
3446	0.23674509803921567
3447	0.5534931506849313
3448	-0.7951851851851851
3449	-0.6858490566037735
3450	0.7276446280991735
3451	0.0011683848797250731
3452	-0.09394422310756968
3453	-0.12111111111111107
3454	0.4130612244897959
3455	-0.7108219178082192
3456	0.1941276595744681
3457	0.9308142493638678
3458	0.8067241379310345
3459	-0.65025
3460	0.9206030150753768
3461	-0.7974725274725274
3462	-1.1568817204301074
3463	-0.955679012345679
3464	-1.3527272727272728
3465	-1.1261237785016285
3466	-0.42348837209302326
3467	-1.7361096605744126
3468	0.5381614349775785
3469	-0.004692556634304188
3470	-0.5678260869565217
3471	-0.4026190476190476
3472	-1.8648453608247424
3473	1.6095205479452055
3474	-0.8307086614173228
3475	0.4633333333333334
3476	0.07489959839357431
3477	-1.4307303370786517
3478	-0.08277777777777778
3479	-1.2468580375782883
3480	-0.1399425287356322
3481	0.6169456066945607
3482	-0.6934814814814815
3483	-0.3202690582959641
3484	0.38176470588235295
3485	-0.43927007299270077
3486	-0.6365625
3487	0.29073529411764715
3488	-0.8627586206896551
3489	-0.3801515151515151
3490	-0.350547263681592
3491	-0.8797358490566036
3492	-0.31535714285714284
3493	0.25921052631578956
3494	-1.5943032786885245
3495	-0.6225269978401728
3496	0.3121311475409836
3497	-1.1490531177829097
3498	1.556
3499	-0.6074193548387097
3500	-0.374375
3501	-0.8949450549450549
3502	0.3566666666666667
3503	-0.14164285714285715
3504	-0.04677685950413223
3505	0.15502702702702703
3506	-0.12252475247524752
3507	-0.1554054054054054
3508	-0.3852886836027714
3509	-0.1360902255639098
3510	-0.025930232558139518
3511	-0.17680203045685278
3512	0.6726666666666666
3513	-0.1932786885245901
3514	0.5848192771084337
3515	0.05700819672131146
3516	-0.45704890387858343
3517	0.1697857142857143
3518	0.19247933884297522
3519	-0.5475
3520	-0.606989247311828
3521	-0.6135251798561151
3522	-0.806
3523	-0.41714285714285715
3524	0.12214912280701756
3525	-0.5273809523809523
3526	-0.7877586206896552
3527	-1.0661627906976745
3528	-0.034432432432432415
3529	0.7340650406504065
3530	-0.27980079681274894
3531	0.16341365461847387
3532	-0.4475609756097561
3533	0.43992125984251973
3534	-1.454268292682927
3535	-0.5735616438356164
3536	-0.16538461538461538
3537	-1.1695970695970697
3538	-0.9346370023419203
3539	-0.6018789808917199
3540	0.3780662983425414
3541	-0.30154981549815496
3542	-1.2603141361256542
3543	0.4215384615384616
3544	0.4077443609022555
3545	-0.4703807106598985
3546	0.027692307692307686
3547	0.5837719298245614
3548	-0.45848837209302323
3549	-0.3978699551569507
3550	-0.6313584905660377
3551	0.3306185567010309
3552	0.15258865248226952
3553	-1.3080985915492958
3554	1.0418636363636364
3555	-1.3578395061728394
3556	-1.2737962962962963
3557	-0.4728089887640449
3558	-0.38763157894736844
3559	0.40619047619047616
3560	0.2020212765957447
3561	-0.4287703703703704
3562	-0.5196923076923077
3563	-0.8550769230769231
3564	1.684404761904762
3565	-0.31462962962962965
3566	0.8911284046692606
3567	-0.7541237113402063
3568	-0.0377310924369748
3569	0.5685
3570	-0.13846715328467152
3571	-1.0014285714285713
3572	-0.4824561403508772
3573	-2.2225585023400938
3574	0.29828947368421055
3575	0.2359312320916906
3576	-1.2178102189781022
3577	-0.5715725806451613
3578	-1.7683246073298429
3579	-0.5551098901098901
3580	-0.16930555555555551
3581	-0.6317808219178082
3582	-0.061073170731707316
3583	-1.0596296296296297
3584	-0.3732102272727272
3585	-0.4183854166666667
3586	-0.14841004184100418
3587	-0.30863179074446684
3588	-0.8856610169491527
3589	0.5030541871921181
3590	-0.8372820512820514
3591	-0.8740716612377851
3592	0.38324902723735405
3593	-0.9377178423236515
3594	-0.46328947368421053
3595	-1.16
3596	-1.3168235294117647
3597	-0.8582978723404254
3598	-0.9594252873563218
3599	0.17476190476190476
3600	-0.34500000000000003
3601	-0.9426973684210528
3602	-0.7391904761904762
3603	0.4217889908256881
3604	-1.0936826347305388
3605	0.5801176470588235
3606	-1.3384126984126985
3607	-0.09326315789473684
3608	-0.3969767441860465
3609	-0.2568
3610	-0.17399305555555553
3611	-2.2323462414578588
3612	0.43656346749225994
3613	-1.1955681818181818
3614	-1.0705369127516777
3615	-0.1652545454545454
3616	-0.30691964285714285
3617	-0.8902713987473904
3618	-0.7701408450704225
3619	-0.40105590062111796
3620	-1.1686899563318778
3621	-0.11372795969773304
3622	0.4555294117647058
3623	-0.294746835443038
3624	0.5782314410480349
3625	0.43223198594024603
3626	0.19659420289855073
3627	-0.12065693430656932
3628	-1.4953676470588235
3629	-0.039090909090909114
3630	0.22754385964912283
3631	-1.0396587030716724
3632	-0.33198275862068966
3633	-0.5831521739130435
3634	-0.34781746031746036
3635	-0.9757926829268293
3636	0.4705776173285198
3637	-0.730955414012739
3638	0.1875892857142857
3639	-0.6916666666666668
3640	-1.1652556580050295
3641	-0.9820083682008368
3642	-1.0589891696750904
3643	-0.22036649214659682
3644	-0.02641304347826088
3645	-0.02288888888888889
3646	0.029885386819484255
3647	0.11827338129496401
3648	0.2635347432024169
3649	0.1681179138321995
3650	0.060530303030303045
3651	0.05860317460317458
3652	-0.6680267558528429
3653	0.17376623376623376
3654	-1.1459649122807016
3655	0.5634782608695652
3656	-2.3754385964912275
3657	0.6181739130434782
3658	-0.637972972972973
3659	-0.508157894736842
3660	0.06201680672268907
3661	-0.5320994475138122
3662	0.91125
3663	-0.8091853932584271
3664	-0.44742957746478873
3665	-0.013150684931506805
3666	0.270936329588015
3667	-0.05929133858267713
3668	0.01713235294117651
3669	-0.9798219584569734
3670	0.15876847290640397
3671	0.07219730941704036
3672	-1.0173728813559324
3673	-1.5777777777777777
3674	-1.1940000000000002
3675	-0.007524752475247523
3676	0.4755976676384841
3677	-0.39754880694143163
3678	-0.8690476190476191
3679	-0.28916478555304737
3680	-0.07822018348623855
3681	-0.1915625
3682	-0.25083557951482477
3683	-0.36355013550135495
3684	1.086353591160221
3685	0.18295964125560543
3686	-0.5274141876430206
3687	-0.502560553633218
3688	-0.26070093457943927
3689	-0.3964688427299703
3690	-1.4367134831460675
3691	0.5009230769230769
3692	-0.1093162393162393
3693	-0.2791803278688525
3694	-0.29883289124668433
3695	0.4340677966101695
3696	-0.19421267893660532
3697	-1.20576
3698	1.6017757009345792
3699	-0.3185294117647059
3700	-1.2044384303112314
3701	-0.5595238095238094
3702	0.32152941176470584
3703	-0.5696100278551532
3704	-0.3411111111111111
3705	0.2392976588628763
3706	-0.2861383928571429
3707	0.4891849529780565
3708	-1.530296052631579
3709	-0.40766666666666673
3710	-0.4377049180327869
3711	-0.22623188405797104
3712	-0.47059322033898304
3713	-0.6316711590296497
3714	-0.5680947136563878
3715	-0.9075875486381323
3716	-0.7850980392156863
3717	0.5282524271844661
3718	-0.0360593220338983
3719	-0.8621146953405018
3720	-0.3705
3721	-1.4081818181818182
3722	-0.40267759562841526
3723	-2.3052513966480443
3724	-0.783659793814433
3725	-1.5832142857142855
3726	-0.44717391304347825
3727	-2.2711842776927003
3728	-1.6699481865284975
3729	0.4223255813953488
3730	0.8862295081967213
3731	-0.9725828729281766
3732	-0.3346987951807229
3733	-0.09396825396825394
3734	-1.2497560975609756
3735	0.2305
3736	-0.5582300884955752
3737	0.13946308724832215
3738	-0.8455232558139537
3739	-1.226719160104987
3740	-0.35180645161290325
3741	-0.596562091503268
3742	-0.522020202020202
3743	-1.1231782945736433
3744	1.6792424242424242
3745	-0.44759375000000007
3746	0.028217054263565876
3747	-1.340122699386503
3748	-0.22275862068965516
3749	0.00643410852713177
3750	-0.3425324675324676
3751	0.45942528735632193
3752	0.40368571428571426
3753	0.8256321839080459
3754	-1.0197192642787996
3755	-0.4206024096385543
3756	0.04521212121212126
3757	-1.4094402985074628
3758	0.1652283105022831
3759	-0.13033557046979866
3760	0.2409090909090909
3761	0.49467105263157896
3762	0.06523584905660376
3763	-0.1653640776699029
3764	-0.11348189415041782
3765	0.17107611548556437
3766	-0.16857142857142865
3767	-0.8517341040462427
3768	-0.8134831460674158
3769	-0.1694642857142857
3770	-0.258018018018018
3771	0.1436224489795919
3772	-0.05684210526315789
3773	-0.19666666666666657
3774	-0.5076258992805756
3775	-0.7016666666666667
3776	-0.12261971830985914
3777	-0.8826744186046511
3778	0.18371488033298644
3779	-0.03190721649484531
3780	0.2838601823708207
3781	-0.5770149253731343
3782	-0.19767605633802818
3783	0.6446724890829694
3784	-0.34196226415094344
3785	-0.3031578947368421
3786	0.8196571428571429
3787	-0.15400911161731207
3788	0.28393034825870644
3789	-0.13277027027027027
3790	-0.436985294117647
3791	-0.5833796296296296
3792	0.4211904761904762
3793	-0.01626609442060086
3794	-0.1952127659574468
3795	-0.38877551020408163
3796	-0.3710166358595194
3797	-0.7310671936758893
3798	-0.2140268456375839
3799	-1.4538
3800	-0.9277011494252875
3801	-1.0826656025538706
3802	0.6673142857142857
3803	-0.912111801242236
3804	-0.8206331168831169
3805	0.9738888888888888
3806	-1.0458441558441558
3807	-0.3425155925155925
3808	-1.2546428571428574
3809	-2.183680614859095
3810	-0.606
3811	-0.6287619047619047
3812	-0.9884158415841584
3813	0.15053763440860213
3814	-0.41833846153846155
3815	-0.54193661971831
3816	0.43029962546816475
3817	-0.4842839352428394
3818	-0.32629213483146063
3819	-0.03000000000000006
3820	0.3790909090909091
3821	-0.4339577039274924
3822	0.053853211009174305
3823	0.14912114014251787
3824	-0.921301482701812
3825	-0.710359375
3826	-1.1366887417218543
3827	-1.2530196629213484
3828	-0.1981536697247706
3829	0.5432682926829269
3830	0.6347073791348601
3831	-0.19677777777777775
3832	0.43788359788359776
3833	-0.07819354838709679
3834	-1.028211678832117
3835	-0.651813953488372
3836	-0.03448818897637793
3837	0.5144827586206897
3838	-0.3108849557522124
3839	-0.21354545454545454
3840	0.06872037914691945
3841	-0.6441994750656168
3842	-0.947768115942029
3843	-0.49208
3844	0.007254901960784307
3845	-0.17800687285223366
3846	0.15736111111111112
3847	-0.04256172839506173
3848	-0.5183209876543211
3849	-0.599375
3850	-0.4279310344827586
3851	-0.5449624060150376
3852	-0.0781578947368421
3853	-0.7122242990654205
3854	-0.31001457725947523
3855	-0.5706321839080459
3856	0.235253807106599
3857	-1.3103977272727272
3858	0.5035038363171356
3859	0.3888118811881189
3860	0.7491980360065468
3861	-0.1408578431372549
3862	0.36806853582554516
3863	0.16103641456582635
3864	-0.5594746716697936
3865	-0.14828460038986355
3866	0.9921236559139783
3867	0.09782608695652174
3868	-0.766902356902357
3869	-0.4373170731707316
3870	-1.2331730769230769
3871	-0.3294853523357087
3872	-1.0164768683274021
3873	-0.6446218487394959
3874	-0.30974545454545455
3875	-0.13184573002754818
3876	-0.06174636174636175
3877	0.034622425629290576
3878	0.1473684210526316
3879	0.2925906735751295
3880	0.18931677018633541
3881	0.4520253164556962
3882	-0.5247839831401475
3883	-0.26109660574412535
3884	0.09275362318840577
3885	-0.22536557930258722
3886	0.14115226337448558
3887	0.801
3888	-0.44026525198939
3889	-0.21644444444444447
3890	-0.2259633027522936
3891	0.3640252707581228
3892	-0.6846994535519125
3893	0.5001304347826087
3894	-1.361088977423639
3895	-1.067514534883721
3896	0.11626126126126128
3897	-0.5796900114810564
3898	0.21524429967426714
3899	-0.1690909090909091
3900	-0.00049019607843136
3901	-0.4272932330827068
3902	-0.6235714285714287
3903	-0.34838164251207726
3904	-0.7316000000000001
3905	0.47640186915887844
3906	-0.2954177215189873
3907	0.0034389140271493444
3908	0.5088780487804878
3909	-1.4696491228070174
3910	-0.6472611464968153
3911	-0.9996464646464647
3912	-0.34065359477124174
3913	-0.07548872180451129
3914	-0.4356507413509061
3915	0.01651079136690646
3916	-0.4481088082901554
3917	-0.8750801282051281
3918	-0.03875598086124402
3919	-0.3419331742243436
3920	0.11272189349112424
3921	-0.47082164328657317
3922	-0.6920785804816223
3923	0.2056031128404669
3924	0.8111324786324786
3925	-0.4653149606299212
3926	-0.09025362318840581
3927	1.3802991452991453
3928	-1.1784285714285716
3929	-1.0046745562130177
3930	-0.5904545454545455
3931	-0.9012213740458015
3932	-0.5328571428571428
3933	-0.3998920863309352
3934	-0.4701207729468599
3935	-0.10153846153846154
3936	-0.711590909090909
3937	-0.9036278674596431
3938	-0.3451808406647117
3939	0.52664
3940	-0.7880555555555555
3941	-0.7594888178913739
3942	-0.03250814332247558
3943	0.031557377049180324
3944	-0.3001052631578947
3945	0.4297520661157025
3946	0.5605570652173913
3947	-1.1484057971014494
3948	-0.894593572778828
3949	-0.5163865546218488
3950	-0.9384515366430258
3951	-0.6515182481751824
3952	-1.0091949152542372
3953	-0.09506822612085775
3954	0.1833333333333333
3955	0.03549152542372882
3956	-0.9207155025553664
3957	-0.7534040178571428
3958	-0.57749343832021
3959	0.37868814729574224
3960	-1.1809615384615384
3961	0.11217054263565891
3962	-0.722834008097166
3963	0.35
3964	-0.5412222222222222
3965	-0.4401383647798742
3966	-0.31821100917431194
3967	0.43212851405622493
3968	-0.06453216374269007
3969	-0.36271844660194175
3970	-0.5104918032786885
3971	-0.582421052631579
3972	0.0696354166666667
3973	0.23763934426229513
3974	0.28017543859649124
3975	0.17335365853658533
3976	0.4470520231213873
3977	-0.36656151419558364
3978	-0.48826035502958576
3979	-0.6486153846153846
3980	-0.4359745222929937
3981	-1.1885714285714286
3982	-0.634233449477352
3983	-0.09583732057416275
3984	-0.28789147286821704
3985	-0.2424173027989822
3986	-0.9795945945945945
3987	-0.17257403189066062
3988	0.4984191176470588
3989	-0.9836649214659685
3990	0.1947058823529412
3991	-0.2385962652929813
3992	-0.7499088541666666
3993	-0.21636932707355241
3994	0.5836153846153846
3995	-0.9419589977220957
3996	-0.49820069204152256
3997	-0.5112048192771085
3998	0.009361702127659556
3999	-0.3611129568106312
4000	0.06154216867469881
4001	-0.8306694560669456
4002	-0.45430656934306574
4003	-0.6193654618473896
4004	-0.16799618320610687
4005	1.2874418604651163
4006	-1.1690114068441064
4007	-0.2038551401869159
4008	-0.3658651685393258
4009	0.11954545454545457
4010	-0.5296
4011	-0.14345274390243903
4012	-0.37901933701657453
4013	0.42343612334801756
4014	-0.29230050933786084
4015	-0.12237057220708449
4016	-0.6689262187088274
4017	0.4901751313485115
4018	-0.13765391014975042
4019	-0.2976962457337884
4020	-0.7057978723404256
4021	0.33893042575285576
4022	0.050588235294117656
4023	1.1120085470085472
4024	0.7082251082251082
4025	-0.3694495412844037
4026	-0.043793103448275854
4027	-0.4176609105180533
4028	1.3316528925619835
4029	0.13930790960451978
4030	-0.5641705069124424
4031	-0.3286981402002861
4032	-0.5581645569620254
4033	-0.6745724381625442
4034	-0.6954021608643457
4035	-1.0268350168350169
4036	-0.046856745479833095
4037	0.02821673525377228
4038	-0.6981212574850298
4039	-0.1653333333333334
4040	-1.1115384615384616
4041	-0.3451705320600273
4042	-0.9474239130434782
4043	-0.022912087912087948
4044	-0.5778815489749431
4045	-1.1836115485564305
4046	-0.12234848484848489
4047	-1.086922077922078
4048	-0.8113595166163142
4049	-0.6923063683304648
4050	0.0015742793791574507
4051	-0.2663485477178422
4052	-1.0428987396784006
4053	-0.5051055900621119
4054	-0.025676392572944278
4055	-0.2020869565217391
4056	-1.2983356070941336
4057	-0.30622994652406416
4058	-0.5147185628742514
4059	0.9542446043165467
4060	0.07023706896551722
4061	-0.5572284644194757
4062	0.04109048723897913
4063	0.1568443496801706
4064	0.21818181818181814
4065	0.7366965888689408
4066	0.11560846560846562
4067	-1.2770443349753695
4068	-0.4753299492385787
4069	-0.9017714672075725
4070	-0.04670572916666669
4071	0.08213530655391123
4072	1.0338129496402877
4073	-0.5147864768683275
4074	0.5242671009771986
4075	-0.5034260178748758
4076	-0.19382978723404262
4077	-1.2802659574468085
4078	-0.9407761732851987
4079	-0.17267981438515081
4080	0.008123076923076926
4081	-0.8012686567164181
4082	0.6355629139072848
4083	0.1884675324675325
4084	0.38708469055374595
4085	0.1008277027027027
4086	-0.3531748251748251
4087	0.6163498920086393
4088	-1.1015433403805497
4089	-0.8270950468540829
4090	-0.2763187702265372
4091	0.048473684210526356
4092	-0.7735483870967742
4093	-0.516640826873385
4094	-0.6353836477987421
4095	-0.7172110849056603
4096	0.6894339622641509
4097	-0.057203065134099604
4098	-0.47528275862068964
4099	0.2549795918367347
4100	-0.7629595375722544
4101	0.16029589778076672
4102	-0.2567926565874729
4103	-0.8455255255255257
4104	-0.3143380614657211
4105	-0.30793510324483775
4106	-0.2639294710327456
4107	-0.39478160919540234
4108	0.08917431192660549
4109	-0.449248366013072
4110	-0.18075510204081638
4111	-0.1894782608695652
4112	0.11056990204808549
4113	-0.16753739930955125
4114	0.002180000000000035
4115	-0.5101052631578946
4116	-0.6166666666666667
4117	0.27092171717171715
4118	0.27567596566523606
4119	0.37179611650485433
4120	-0.9889236790606655
4121	0.2621505376344086
4122	-0.3865110851808634
4123	-0.3090322580645161
4124	-0.2759637561779242
4125	-0.5266134549600914
4126	-1.0080366492146597
4127	-0.35006302521008403
4128	-0.3569309462915601
4129	-0.3177884615384615
4130	-0.3081361256544503
4131	-0.8787322201607917
4132	-0.11318840579710145
4133	-0.35056356487549156
4134	0.2741578947368421
4135	-0.23046391752577314
4136	-0.8192903225806453
4137	-0.04830291970802917
4138	-0.18757412398921847
4139	-0.5457792207792208
4140	0.04164210526315787
4141	-0.6688537387017255
4142	-0.1892877492877492
4143	-0.8159920239282155
4144	-0.1345873786407767
4145	-0.6527264451524808
4146	0.0013975903614457854
4147	-0.19198601398601403
4148	0.12854312354312353
4149	-0.9736685288640596
4150	-1.0804310344827586
4151	-0.10925652387986214
4152	-0.21555019305019305
4153	-0.42212882096069865
4154	-0.19270430906389302
4155	-0.3971922246220302
4156	-0.7066793529971457
4157	-0.5477035681610247
4158	0.2642705314009662
4159	-0.32475908080059307
4160	-0.6004330708661417
4161	-0.4045746887966807
4162	0.01691803278688522
4163	0.29717182497331907
4164	-0.25314257028112447
4165	-0.9573333333333335
4166	1.3884860050890584
4167	-1.0256012658227849
4168	-0.7174473420260783
4169	-0.5121282527881041
4170	-0.6983116337673246
4171	-0.5172517827756445
4172	-0.9308000000000002
4173	-1.9279878633024594
4174	0.13881431767337807
4175	-0.9143047034764826
4176	-0.42922316384180803
4177	-0.4942329227323628
4178	0.020642857142857133
4179	-0.5621601489757915
4180	0.22749163879598666
4181	-0.44727443609022566
4182	-0.23674132138857787
4183	-1.0409627059843887
4184	-0.8026525821596243
4185	-0.7878272101033297
4186	-0.17177655677655676
4187	0.14376811594202896
4188	-0.33023070097604257
4189	-0.2918426895020615
4190	0.15666310160427807
4191	0.7751301115241636
4192	-0.46507597684515195
4193	-0.4550196592398427
4194	-0.029792221630261115
4195	0.23807757166947724
4196	0.0028021978021977915
4197	-0.26923981191222573
4198	0.5298087222647284
4199	-0.3276440460947504
4200	-0.5157862248213125
4201	0.4443919716646989
4202	-0.33749999999999997
4203	-0.45813237221494096
4204	-0.22430340557275544
4205	-0.5462424849699399
4206	-0.5006316916488223
4207	-0.6245272655943508
4208	-0.7617506297229218
4209	-0.613018018018018
4210	-0.8352164179104478
4211	-0.6404292168674698
4212	-0.25802144249512665
4213	-0.7602385159010601
4214	-0.5431344902386117
4215	-0.33514656616415406
4216	-0.25057924662402276
4217	-0.28924670433145006
4218	0.2029559748427673
4219	-0.46829010566762724
4220	-0.3641931684334511
4221	0.4748757396449704
4222	-0.4464816349074841
4223	-0.4182483456597899
4224	0.039446366782006914
4225	0.374404915912031
4226	-0.8575669099756692
4227	-0.4355462992630566
4228	-0.6382406755805771
4229	0.064540059347181
4230	-0.11515384615384616
4231	-0.02233753637245395
4232	-0.586688717383315
4233	-0.3908075772681955
4234	0.23403508771929826
4235	-0.355580474934037
4236	0.19608865710560627
4237	-1.4719150016931934
4238	-0.5045547147846333
4239	-0.37510985561833016
4240	-0.247379258704605
4241	0.8099999999999999
4242	-0.6861224489795917
4243	1.0968928571428573
4244	0.07666037735849054
4245	-0.056357655502392336
4246	-0.5429294935451837
4247	0.05708906589427949
4248	-0.6635776397515529
4249	-0.7065896136795441
4250	-0.2944273780652115
4251	-0.395761316872428
4252	-0.0359331550802139
4253	-0.5447482724580455
4254	0.18629718394248057
4255	0.3496888260254597
4256	-0.5496466809421842
4257	-0.22837290098436597
4258	-0.8131530467642891
4259	-0.06332629355860614
4260	-0.39055331991951725
4261	-0.726414667270258
4262	1.17155737704918
4263	1.3409605911330051
4264	0.3360617283950617
4265	0.1018025010780509
4266	0.39292253521126763
4267	-0.7449088483770565
4268	-0.41412678207739306
4269	-0.2443529050107593
4270	-0.07591897974493622
4271	-0.7535547576301617
4272	0.7345736434108526
4273	-0.5296622864651774
4274	-0.4877878289473684
4275	-0.49083166332665334
4276	-0.37011142061281344
4277	-0.3431459655485042
4278	-0.3316330361332708
4279	-0.7133100775193799
4280	-0.3216261061946903
4281	-0.1697444933920705
4282	-0.27064102564102566
4283	0.06623199113409678
4284	-0.22664624808575803
4285	-0.3372930591259639
4286	0.21979813664596276
4287	-1.1446177959971064
4288	1.2213241678726483
4289	-0.2347448522829006
4290	-0.031101344364012417
4291	-0.40774977497749787
4292	-0.3630139372822301
4293	0.08276699029126212
4294	-0.3425069124423963
4295	-0.1548233046800382
4296	-0.007824342398573344
4297	-0.41483703703703706
4298	-0.37734519104084324
4299	-0.5392244829886591
4300	-0.5786334567485696
4301	-0.39583815028901737
4302	-0.13140325670498082
4303	-1.0040697310819262
4304	-0.462029520295203
4305	0.10535858585858583
4306	-0.3195917431192661
4307	0.6394173000361925
4308	-0.012132891524241376
4309	-0.4170935513169846
4310	-0.3737842863784287
4311	-0.17727016885553473
4312	0.36430395913154534
4313	-0.1280713653789443
4314	0.01299845989811633
4315	-0.8557190760059612
4316	-0.4515858552988394
4317	-0.3531172426109474
4318	-0.6611508743391622
4319	-0.36290435893341855
4320	0.010816735284299535
4321	-0.29579541180895075
4322	-0.6410921170498656
4323	-0.6025751254807379
4324	-0.3732519397535372
4325	0.5973851696187331
4326	-0.053684964627921564
4327	-0.28540953862104723
4328	-0.39105184249980274
4329	-0.5883338846951971
4330	-0.5875382364308983
4331	-0.5066497206340955
4332	-0.5070847384215573
4333	-0.4953302664309047
4334	-0.48385766092475063
4335	-0.4801126711502906
4336	-0.11057452792286057
4337	-0.07122576649117374
4338	0.5398256695300657
4339	-0.4073987465165717
4340	-0.4045718820117112
4341	-0.36535862278778464
