clusterID	value
0	7.50771640691687
1	6.849559102689856
2	7.721407036279964
3	7.239864532589868
4	7.466050770002898
5	7.508742531711782
6	7.427070992924476
7	7.4558696445228225
8	7.6334338383305305
9	7.843692276552757
10	7.827789037068718
11	8.593290376946207
12	8.006642514274176
13	8.076533332105312
14	7.246197000785025
15	6.945910811002831
16	7.1675738530787
17	6.7203981605303325
18	7.388468665765027
19	7.8662367817969745
20	7.465118775156254
21	8.23591022860383
22	7.900029754175497
23	8.458056541268814
24	8.407599743855055
25	7.922888510084764
26	7.774542497053703
27	8.41103800038471
28	7.633323081680527
29	7.725592762696936
30	7.648978975739306
31	7.578904190483616
32	7.117302877416961
33	7.663250199542635
34	7.534985571853497
35	7.0713015930913645
36	7.15483480150019
37	7.013803038629702
38	6.88172354069874
39	6.931160191543613
40	7.798093173538289
41	7.892522699377536
42	8.186041167971032
43	7.857914739458989
44	7.646019960988454
45	7.75333363917352
46	7.921000160255339
47	8.317166608497192
48	7.867819362558995
49	7.93219051843197
50	7.927644121444263
51	8.430381130125483
52	7.837951426291234
53	7.389762874114333
54	7.5915493721457885
55	7.1487066710146925
56	6.219669405213497
57	6.389526992401895
58	5.813217421755436
59	6.171121066762067
60	6.140849035439213
61	5.939736179893183
62	6.242348432463137
63	7.201882969465146
64	7.333354111714803
65	7.697710631582591
66	7.590741469899542
67	7.874569630428306
68	7.3429819944782935
69	7.144722353393731
70	7.406807868616887
71	7.920946915746518
72	8.033154628401345
73	7.705713725060425
74	7.89675710704333
75	8.001806355382843
76	7.880124818256648
77	7.638664280837918
78	7.938117279150406
79	6.479837278361016
80	6.244489550518681
81	6.787590493342494
82	6.70170499724756
83	6.4076702915438215
84	5.717934217036261
85	6.204082682839343
86	7.3902787334680395
87	7.563967358707076
88	7.616804925190324
89	7.417813019036821
90	7.198292162672233
91	7.680828165149498
92	7.508480834989122
93	7.865401794099622
94	7.592483853787037
95	8.034113537135777
96	8.073183403026952
97	7.732466999311843
98	7.86294503328235
99	7.876607990552084
100	7.062045586160334
101	6.93381644140317
102	7.305064131256958
103	7.416339565469022
104	7.416558163851823
105	7.740875121813951
106	7.846922534459872
107	7.866458009381332
108	7.83040966856143
109	7.180177988974173
110	6.57837020536083
111	7.1198096717989525
112	7.391383477520016
113	6.9661739520939125
114	7.061148703119105
115	6.991337617845365
116	7.684538144419589
117	7.18918822066763
118	7.424092554913296
119	7.129550783448459
120	7.354764893610228
121	7.290495491223313
122	6.3259984419976725
123	6.7702856590781835
124	6.765867422163499
125	6.775669350671736
126	6.712924293805607
127	6.297971648412669
128	7.279961899669127
129	7.668715465921441
130	7.622267071604854
131	7.795537085751301
132	7.716991290984278
133	7.975140422712467
134	7.398198965574494
135	7.175748771917323
136	7.771907629009931
137	8.233158319926924
138	7.562558641281811
139	7.395140136672872
140	8.074292076991858
141	8.180974237333599
142	6.4484364859129935
143	6.329025910284595
144	7.092391130222948
145	6.746474391322899
146	7.027257310853963
147	6.369458522004488
148	6.376363708759506
149	8.127268158085947
150	8.263027841886942
151	8.308046847799718
152	7.74529015124529
153	7.900513680867066
154	7.553690220868263
155	7.445369708634628
156	7.458255702190112
157	7.015834969524913
158	7.589225333433383
159	7.6821882274517765
160	7.44504870514905
161	7.634717938144421
162	7.584070945465529
163	7.786318663283854
164	7.8725845429365675
165	7.52809335719879
166	7.407034113791992
167	6.866560516026062
168	7.370780883907333
169	7.450750490372919
170	7.623347562481685
171	7.540243871892821
172	6.6414457360769
173	7.070471140388829
174	6.505355209540855
175	7.438479952415623
176	6.97255744213852
177	6.547963673896362
178	6.438724132151589
179	7.234181065091542
180	7.447108169146322
181	7.4717009838290185
182	7.084599448004978
183	7.524713514228564
184	8.036222743918977
185	7.974514417429091
186	7.73427597748139
187	7.300288262377174
188	8.204164360156373
189	7.674844293904295
190	7.37987089134575
191	7.74514161090625
192	7.307334788723615
193	7.22615892688958
194	6.996491764127942
195	7.810888651568011
196	7.144951198384372
197	7.095452827595616
198	7.495437389692771
199	7.58764874811672
200	7.483783203162202
201	7.019291004500199
202	6.622962345509776
203	6.276295782458572
204	6.498425347961096
205	6.798113303186535
206	6.914748523947111
207	6.321355594649123
208	6.902921133831982
209	6.386572157233409
210	7.200586446722658
211	6.822492777883987
212	6.856815410175248
213	6.612503892801739
214	7.058058285049341
215	7.602715189324389
216	7.581116560510408
217	7.526674266533366
218	7.390893583355977
219	7.885517046909537
220	8.258533685340563
221	8.074775705139748
222	8.579950713165628
223	8.33484604709156
224	8.164196217094828
225	8.676095184477953
226	8.429195106278437
227	7.930884863603903
228	8.140236495971218
229	8.510282750860554
230	7.875148362360037
231	7.400304717062948
232	7.618822961730395
233	7.581635586040553
234	7.5284665831093385
235	7.245012219068218
236	7.233257898246849
237	7.261335702852225
238	7.0302278996433305
239	7.413854417396712
240	7.209977282172098
241	7.67873149336322
242	7.245750045822876
243	7.4437240693360245
244	7.700125349990306
245	7.655969609821136
246	6.797727317299447
247	7.299832550578195
248	6.8096882111369155
249	6.933879576943687
250	6.293478783008094
251	6.082733864173434
252	6.299372662793012
253	6.9828622133037275
254	7.262008805910442
255	7.744185535364046
256	7.381520438708703
257	6.905002062778749
258	7.105597259097975
259	7.0047401494307415
260	6.601066714161581
261	7.220828958953054
262	7.098508260700314
263	7.271703822471121
264	7.692929344376498
265	7.315771103149725
266	7.549032281134562
267	6.90934466401428
268	8.909837816909757
269	8.046639318665685
270	8.55279198790719
271	8.590717358339486
272	8.559464759591526
273	8.19957085604219
274	8.140748292976443
275	7.648068511815209
276	7.841239195668962
277	7.512314109365258
278	7.314962269549492
279	7.81959114373861
280	7.776509031420499
281	7.54800892368729
282	7.704468797232292
283	7.806804042148575
284	7.737224585400231
285	7.917664589583675
286	7.588287009029073
287	7.626921077874565
288	7.664979865259597
289	7.481667359105375
290	7.477891692836185
291	7.1371041608228545
292	7.017917794360354
293	7.140453314713663
294	6.850042483834271
295	6.965647251672988
296	6.924871259615717
297	6.806684309239754
298	6.8812820434972455
299	6.301223512303144
300	6.122855474303217
301	6.094284171614815
302	6.390536853864086
303	6.986204491849032
304	7.482508770135473
305	7.193856267001776
306	7.054873707869424
307	6.972914180792419
308	6.883808965994476
309	7.095628830994045
310	7.680642872101467
311	7.347338391034825
312	7.382598817489006
313	7.2936257882712265
314	7.49899435163819
315	7.750331522573447
316	8.058088096965609
317	7.586322552875622
318	8.626215423899515
319	7.494420471626324
320	7.6332379662675764
321	7.281541334308942
322	7.524703961444976
323	7.341369057288192
324	7.880111680580913
325	8.35898706127834
326	7.9455338222189305
327	8.24355687928282
328	8.288395124643142
329	7.692948647185364
330	6.11990448418202
331	5.937120772156046
332	6.16167849400925
333	5.874987797803644
334	5.7197749546336905
335	6.028051774870834
336	5.701101409154229
337	6.892260224293909
338	7.223703822567655
339	7.561331083508274
340	7.243886733235492
341	7.5109223170134625
342	7.6894992645757485
343	8.04180691322126
344	7.460281696227341
345	7.4116540419233115
346	7.254062289151425
347	7.206854136964377
348	7.209490087413613
349	6.826264648099448
350	6.275815591687099
351	6.73471528732971
352	6.690046497140016
353	6.694934020384549
354	6.239363872744617
355	6.838020571701437
356	7.149478515249889
357	7.177695358885043
358	7.144981327623551
359	7.458950738796588
360	7.432408856711339
361	8.240997151089156
362	6.567964151835101
363	6.849414175803691
364	7.09697531805436
365	7.209524977107028
366	6.499464920940467
367	6.4713061951735344
368	6.250045250743134
369	7.290835455502347
370	7.734330747195088
371	6.7894419124091385
372	6.989223662196362
373	6.587909788137516
374	7.6342619419790605
375	7.066323232559432
376	8.018779391389224
377	7.932108461171051
378	7.970506354483142
379	7.68039482072965
380	7.760284968555762
381	7.368006193742642
382	7.46912392038566
383	7.378353945338415
384	7.679082745710252
385	7.800991886941518
386	8.165276056751287
387	7.962393104019878
388	8.10118663909418
389	7.8250522473955435
390	7.757632211590703
391	7.71954049873014
392	7.464751911494807
393	7.34601858301497
394	7.17661960970103
395	7.31713273210166
396	7.461112395636823
397	7.583255737313442
398	7.826982426925321
399	7.838817025690217
400	7.26793172630894
401	7.307772865089563
402	7.571238611505064
403	7.362481845595404
404	7.45951586142479
405	7.369851687877562
406	7.090209040501139
407	8.208841184959217
408	8.493808741038421
409	8.581852881979602
410	8.062048784972436
411	7.788988370374254
412	7.825745579658987
413	6.864633902875612
414	6.96034904254842
415	7.838858426304037
416	8.705813253720033
417	7.819773726455603
418	7.667836083237314
419	8.050055263190572
420	7.510194321531253
421	8.193367486853958
422	8.832284981504118
423	8.767826518535756
424	9.529905473390796
425	9.106486448722482
426	7.858878513433181
427	7.737875824318481
428	7.789726275682906
429	8.142047021012097
430	8.842556659509608
431	8.598743237913872
432	7.777374996848611
433	8.215373713762892
434	7.8296165633536745
435	8.085728248670923
436	7.771542754751454
437	7.618950252581436
438	7.767328748399948
439	7.2933608649311825
440	7.950885121947637
441	7.375959157497711
442	7.33556511032844
443	7.398254187457808
444	7.406570301216828
445	7.205034602654725
446	8.018147440394715
447	8.031152635370296
448	7.6365266843055615
449	7.679400217439089
450	7.650589321303316
451	7.59848604117504
452	7.2932013270272265
453	7.003537829134108
454	7.22648223251611
455	7.676838254619518
456	8.238816237726382
457	7.739693022391973
458	7.7747021107491125
459	7.911956175327526
460	7.849027427549047
461	7.4848941515226155
462	7.163051580253493
463	7.578163512919936
464	7.379587363273494
465	7.580239734523351
466	7.750892840268201
467	7.318084769891988
468	7.386327760376474
469	7.282216425374973
470	7.36108891052044
471	7.366803085103532
472	6.762647434300057
473	5.895227251696721
474	6.193702180397526
475	6.908402169793012
476	6.927152640185273
477	6.649959759313073
478	6.644806996453014
479	7.40493689388192
480	8.563345016006654
481	8.543772601156578
482	7.778327128542537
483	7.300837131235765
484	7.115708187084462
485	7.60076293118898
486	7.581584743266779
487	7.416449742656402
488	7.250283954591921
489	7.16763377263306
490	7.387413015534114
491	7.748745849681559
492	7.131646694570627
493	6.8630604265982385
494	6.8952711631754875
495	7.246522902627895
496	6.7641915806865835
497	8.400501753062318
498	8.201029732005523
499	8.664751523347903
500	8.393084124442122
501	8.207750344471709
502	7.99794095053422
503	8.153004335199233
504	7.590076953402512
505	7.277755648859187
506	6.659127187381085
507	6.976884340567157
508	7.7231934424028985
509	6.244768551634728
510	6.253517781604937
511	6.265644407879652
512	5.900179280467329
513	6.364391573450634
514	6.1815235403921545
515	5.981866387817712
516	6.3650074349397165
517	6.5313564274310405
518	6.844762653605136
519	7.141336985156039
520	6.46315596680166
521	6.8462000290852005
522	6.793826018521912
523	7.440565724911641
524	6.435903431351947
525	6.487083973476976
526	6.518109947642206
527	7.191942953633976
528	6.655842703796976
529	6.430412543909085
530	6.750964862975572
531	6.54838561615796
532	6.867444346489586
533	6.190325325642483
534	6.618952060110487
535	7.197550692640239
536	7.063078177109503
537	7.5763236609455635
538	7.719237956559185
539	7.8362060852770306
540	7.575570485075423
541	7.770573938321784
542	7.636872649407087
543	7.195388010425361
544	6.7837010257089965
545	6.946208096586373
546	6.922455492278599
547	7.452782794842948
548	6.926286157636133
549	7.7333910209442775
550	8.177437737918105
551	8.076405384616002
552	8.439102131184162
553	8.921494092957099
554	8.117856319472539
555	8.54943753102605
556	8.040149863698721
557	7.849107149860284
558	7.876925558681074
559	8.14389599270884
560	8.165086882372462
561	8.274431825989861
562	8.021105781724236
563	8.028196969621774
564	6.900994050434413
565	6.685010680619011
566	6.882236791508463
567	6.645536190337674
568	6.795313825550627
569	6.3553340885557255
570	5.927220570227944
571	6.59258201656599
572	6.208364684065365
573	6.428992583280367
574	6.5631664813105886
575	6.612511274643187
576	6.96495704736428
577	8.130268997443299
578	7.928729371241687
579	7.2617632321573975
580	7.355734688546903
581	7.915072076534918
582	8.205451962282993
583	7.949617250796772
584	7.161071275651043
585	7.574441406968129
586	7.226606534727395
587	7.124974847393921
588	7.7001049937021016
589	8.010196316854216
590	7.2690975939388665
591	7.654310271690494
592	8.051987553725708
593	7.763878358021479
594	8.194547615302293
595	7.373954557459914
596	7.736326958464546
597	7.909173158142718
598	7.410588398428489
599	7.884150395446255
600	8.632107981490899
601	8.047927891029756
602	7.467175461195348
603	8.589136938119365
604	8.179083819674952
605	8.102610836594613
606	8.429066932447181
607	8.13305067907785
608	8.387055949276327
609	8.025853634649684
610	7.80298742235196
611	8.14967966527715
612	7.982131208138327
613	8.659278405229406
614	8.563598439573065
615	7.776621389862362
616	8.269919414701661
617	8.417915427667037
618	7.910857119886423
619	8.075922535756781
620	8.04166149597493
621	8.05657791454683
622	8.67153918258192
623	7.316839432042272
624	7.42373770887502
625	6.847350610026124
626	6.821928369946498
627	6.732600154545826
628	6.641345483649138
629	6.162357687022855
630	7.636514396968979
631	7.472466491647245
632	7.17801538343399
633	8.180195889402787
634	7.928470982757694
635	7.928805710034296
636	8.29562500209408
637	7.86620633812818
638	7.760990761567859
639	7.587969948917576
640	8.019721424188887
641	6.98465403424715
642	6.896826140384701
643	7.863868179974172
644	7.60948151536277
645	7.861930145243289
646	8.0310940207755
647	8.24395828872971
648	8.942904620437398
649	8.291960331873446
650	7.5543692308749435
651	8.095487040484585
652	8.312520186761233
653	8.189641766168299
654	8.111740958947848
655	7.785558690789651
656	8.117540183068487
657	8.29549482749159
658	7.787444900046067
659	7.827945527753188
660	7.2303560577951105
661	7.447502605469291
662	6.872095034907035
663	7.443512119519241
664	7.419517409390541
665	8.315908135058132
666	8.217562412826624
667	7.926856631746466
668	8.554323067316986
669	8.107746506095388
670	7.406506611866491
671	6.995584189431111
672	7.174310919924232
673	6.7882854135768955
674	6.634282247029151
675	7.125981318187973
676	7.146464715152762
677	7.482094312137788
678	7.965186150839245
679	8.300046478607646
680	8.98728157455786
681	8.260365824299251
682	8.389451432831471
683	8.690556787087889
684	8.681437332551472
685	8.802732864069508
686	8.086892586089412
687	8.764246956161665
688	9.104640350695128
689	8.468854534620117
690	9.020021032752151
691	7.720828770126381
692	7.640763949306464
693	7.997709097966193
694	7.938861241944675
695	6.844562412595545
696	7.205808496798447
697	7.189300933748141
698	7.276939403082801
699	7.085515840148727
700	7.402391435022139
701	6.425043819739328
702	7.121294511665801
703	7.264971191743406
704	6.712811010478328
705	6.638321490929499
706	6.67413411292647
707	6.7957202006686845
708	7.430521247075443
709	7.514289833060581
710	7.610575573415005
711	8.034941379498335
712	8.805832616893591
713	6.2818914255738765
714	6.869133206171776
715	6.635336248609386
716	6.582283073032044
717	6.82246766861935
718	6.8947234244956475
719	7.132127580764491
720	7.507403948426687
721	7.299449660466639
722	6.666790954584133
723	6.468857675871214
724	6.953562971792071
725	7.344753756848076
726	7.092822026758815
727	6.962325071882697
728	7.317034736335687
729	7.511440133063688
730	6.7008047770650645
731	6.693713902142974
732	6.664818057301659
733	7.043386295036586
734	6.547722996772104
735	7.2005835198485455
736	6.817717920598861
737	7.386398408614242
738	7.7629876844537815
739	8.493183447514946
740	8.46689685338995
741	7.943645488243303
742	7.87364416246694
743	7.465336697458406
744	7.58225055812005
745	7.7833285667637035
746	7.513346876968074
747	7.3221905528464735
748	6.586530917630233
749	6.837580182512105
750	7.461486095484547
751	7.0576138809080255
752	7.596635960768563
753	7.2128120946832315
754	6.763447128581438
755	8.097150319252073
756	7.398989231210594
757	7.847350741939001
758	7.231814071075627
759	8.01979761007783
760	7.738894179889137
761	7.973321752819382
762	7.929950856533398
763	8.231166148608859
764	7.413537594134005
765	7.869178519697101
766	7.316815911756211
767	7.405285300208455
768	7.938687267604273
769	7.9902736208864376
770	8.008651402233946
771	8.382962409598136
772	8.269832799177115
773	8.920814454536384
774	8.636815719879431
775	8.039045465068842
776	8.33382917998922
777	8.446604001522553
778	7.950271950665556
779	7.576925216135839
780	7.9959087835461276
781	8.148545546614189
782	8.207877211862433
783	7.624867134205452
784	8.219286692268238
785	7.714881717814341
786	8.076493313581244
787	7.986903632663903
788	7.4597832303468286
789	7.62093177187532
790	7.848754026415266
791	7.237908702507239
792	6.916507267827174
793	7.4296736773582035
794	7.016174208935764
795	7.205204912793434
796	7.590736724816374
797	8.01188540591717
798	7.977179457822083
799	7.405984302288184
800	7.593297957161677
801	7.631902973716108
802	7.9332266165544425
803	7.8446722770300505
804	8.025226019882783
805	8.351844069339966
806	8.48338947873636
807	8.697808570828261
808	8.328268994031502
809	7.878287833495677
810	7.1666912777232366
811	7.459413405796054
812	7.318495864173444
813	6.513576712045867
814	6.64050011231551
815	7.267814631664688
816	7.594660540830258
817	7.474441282921315
818	7.512625716366216
819	7.240527808853436
820	7.049960648443021
821	6.7909197371207295
822	7.102840560504182
823	7.490229854062079
824	7.516300861413307
825	7.028407454710646
826	7.443358160056244
827	7.95447668195949
828	8.033982494712824
829	7.47469408179977
830	7.4508413382060406
831	8.190381663708715
832	8.257920532685652
833	8.118857923695687
834	7.7955951469590685
835	8.192016075218845
836	7.7586905612982475
837	7.904349909061663
838	8.387234237168464
839	8.233488997145905
840	8.34964098525933
841	7.374740108356921
842	7.731566598924397
843	7.797895546933521
844	8.016850564753252
845	7.563774087348168
846	7.475909380796123
847	7.299582064276043
848	8.039973795063895
849	8.206639137977021
850	7.9435052858627335
851	7.683497186939197
852	7.962002197646372
853	8.388771786502575
854	7.867047061266359
855	8.42579939537799
856	8.171824540838829
857	7.746872342145046
858	7.720517267542308
859	7.623787785623383
860	7.303458882163128
861	6.998687985074601
862	7.125110050687734
863	7.186922504690742
864	7.328153391833996
865	7.498925327701367
866	7.525918075263432
867	8.21895939253922
868	8.188038354415458
869	8.398126296446057
870	7.584131952563687
871	7.691240135944135
872	7.854438431243601
873	8.307498681376892
874	8.477460908033285
875	7.878679381849608
876	7.325707396544293
877	7.455421637525594
878	7.735234760310941
879	7.647486933529317
880	7.267111691297485
881	6.984953603570057
882	8.500353302785234
883	8.884575859661602
884	8.135323706883991
885	6.530467288876271
886	6.877858191281442
887	7.229916080726312
888	6.588234629157617
889	7.048013855255736
890	7.1536175427427535
891	6.49571442921288
892	7.307124483857898
893	7.725916202458703
894	8.024882929315156
895	7.922211214259621
896	7.02566813740962
897	6.809601713814775
898	7.750645205573379
899	7.070091725894804
900	7.035671099194543
901	7.700314764723766
902	7.574465163156983
903	7.8648602644422585
904	8.05071170657054
905	8.336620003094001
906	8.20026337390669
907	8.087887084348411
908	7.455183527377059
909	7.266277092602593
910	7.547854552732836
911	7.502522388331382
912	8.085783649186084
913	7.093300048213658
914	7.8372550882638885
915	7.802427016105405
916	8.394458691410641
917	8.020499287336317
918	8.64021871733426
919	7.798402827306255
920	7.719458850990286
921	7.46162494629936
922	7.206194648652401
923	7.131083117650679
924	7.585646546439063
925	7.303317686723394
926	7.9307948880531
927	8.619727920324292
928	9.17818405084856
929	9.556778933360313
930	8.541386095046699
931	7.898146925722708
932	8.05689446839594
933	7.1097993904092895
934	7.019558268107224
935	6.995078673407668
936	7.086084030416099
937	6.985163230901337
938	8.24139046734005
939	7.2259700933771915
940	7.855234310810412
941	8.144307079072314
942	7.9915670102727105
943	7.739933499381872
944	8.24406031016836
945	7.738611229280235
946	7.739121542109645
947	7.204048964639143
948	7.539378070165659
949	7.451380018996492
950	7.95343755101901
951	6.519199200317468
952	6.782682196168352
953	7.056470343725584
954	6.327500507433805
955	6.8296484978717125
956	6.662903352684788
957	6.60411802577705
958	7.278140028294217
959	7.512884059194709
960	7.31395951119083
961	7.347769705369171
962	7.265767733471911
963	7.505532505326181
964	7.613619931706015
965	7.5441890054258005
966	7.510122336172486
967	7.348897675509868
968	7.728291305582654
969	7.812993295637237
970	7.717670896020014
971	7.340487350558707
972	7.850218174164472
973	7.628932394981849
974	8.27545045785236
975	8.401961164106083
976	8.093860270082196
977	7.960150271017961
978	8.256334535152858
979	8.630372249671401
980	8.512782854444056
981	7.836451604073878
982	7.984604719237563
983	7.797932970974118
984	8.073926096103243
985	8.33064305103603
986	7.869483875488511
987	8.496109576452113
988	8.284161030810694
989	7.614212368951697
990	7.560191637008591
991	7.354973564688822
992	7.32447738281159
993	7.124188344827797
994	7.280522830293943
995	6.8481843440564045
996	7.536529252284653
997	7.962785342074064
998	8.521647297181339
999	8.180057561572847
1000	7.210552454255748
1001	7.4291837307265105
1002	6.681165117806275
1003	6.592477647900108
1004	6.711134735373077
1005	6.930420482455629
1006	6.75344227217078
1007	7.087300467288241
1008	7.45114759369207
1009	7.48839749497902
1010	8.047374984345701
1011	8.508433614457322
1012	7.579169515333707
1013	8.20174713558812
1014	7.552785343402183
1015	8.084959329627331
1016	7.732680362577794
1017	7.21546955021585
1018	7.2660218691644385
1019	6.895063471416822
1020	6.89753918169497
1021	6.61065972060187
1022	6.795381701694524
1023	7.697384964037001
1024	7.51097320775979
1025	7.953947616425724
1026	7.658815319164378
1027	7.777126379723438
1028	8.203132786680287
1029	8.276116671298123
1030	8.014145090866563
1031	7.078430602762261
1032	7.1248422098426705
1033	7.48722784812192
1034	7.455876530585833
1035	7.238347202104741
1036	7.485941906978489
1037	7.315077383432268
1038	8.682286492227679
1039	8.663495008841082
1040	7.8834462805922385
1041	8.570764544030476
1042	7.883346843918224
1043	7.36423650431229
1044	7.418674296327583
1045	7.128222697685656
1046	7.775008936062896
1047	7.79724944481593
1048	7.813454428985564
1049	7.474104310270645
1050	7.426486636699992
1051	7.452411229108865
1052	7.179669819861216
1053	7.037744487693738
1054	6.845912394686948
1055	6.774595177558696
1056	7.965038375185671
1057	7.873749825546818
1058	7.780021599159894
1059	7.932802762633111
1060	8.167088046205903
1061	8.686577417563653
1062	8.618358699739169
1063	8.401723479162655
1064	8.319151462275242
1065	8.589900197255808
1066	8.07910097449391
1067	8.826866241314763
1068	8.019687508103088
1069	8.250203691682495
1070	8.131667109634547
1071	7.987578759228187
1072	8.174906351235611
1073	8.242326881599709
1074	8.357555823332222
1075	8.19764580827121
1076	8.635131860708121
1077	8.817456684620765
1078	9.466262335057579
1079	8.902335386258114
1080	8.690860563694951
1081	7.802244537181157
1082	7.710487346058977
1083	7.737447677105216
1084	8.208201834128833
1085	7.562126446865733
1086	7.788375995310947
1087	7.630487108621928
1088	7.740752322874565
1089	7.9441269980133695
1090	8.312830686822918
1091	8.814997399660516
1092	8.895050370751157
1093	8.649247098374408
1094	8.452697375837145
1095	8.63186029933721
1096	8.00587078894056
1097	8.952634289899523
1098	8.183691658330568
1099	7.756974113430111
1100	7.831680701988682
1101	7.6483577380370695
1102	7.83746356667729
1103	8.073639063536064
1104	8.04845973967264
1105	8.336688060443127
1106	8.082962424727977
1107	8.45145848810736
1108	8.111579556893442
1109	6.885305325423739
1110	6.789682343470348
1111	6.41729046104729
1112	6.588920709193472
1113	6.129485861729179
1114	6.3053479356296105
1115	6.001874997706736
1116	6.816675469930965
1117	6.995890722983567
1118	7.751414052932521
1119	6.925029269623861
1120	8.356170038551166
1121	8.478154885901203
1122	8.073815354567452
1123	7.709317369380223
1124	8.16488742094668
1125	7.755655829444995
1126	7.8955122672553415
1127	8.119000713416593
1128	8.023434914351345
1129	7.738291731995002
1130	7.6632816595210915
1131	7.65451915028269
1132	6.994071342497789
1133	7.440438085864432
1134	7.133820450939881
1135	7.243000858981089
1136	7.858323955976156
1137	8.511523571374664
1138	7.746023100241354
1139	8.140387664161945
1140	7.923264424421651
1141	8.04817022692169
1142	8.17879483394682
1143	8.07955155360106
1144	7.635163967641073
1145	8.17922046613052
1146	8.156274881220234
1147	7.361844072610763
1148	7.629284018599639
1149	7.98012557677172
1150	7.857936478678741
1151	8.255783270030658
1152	7.861905113134962
1153	7.684605546684574
1154	7.9956411926069455
1155	8.035634235816783
1156	8.12839107914578
1157	8.989170263746274
1158	9.039841728383909
1159	8.658087081127505
1160	8.373512996359777
1161	8.019233104628013
1162	9.01911929044789
1163	7.335638141525158
1164	7.679577777137008
1165	8.269847004986255
1166	7.7681393516741855
1167	7.773163093438479
1168	8.15366863926317
1169	7.965452985704166
1170	7.89911470277503
1171	7.922431060318367
1172	8.310027526369442
1173	8.6534815185538
1174	8.627954889337891
1175	8.77736139588371
1176	8.420202349331044
1177	8.345665085077673
1178	9.011238983791282
1179	8.705759362005116
1180	8.746859595237364
1181	8.404080766847184
1182	8.57298848902071
1183	8.003325815300723
1184	8.648365399398326
1185	8.824803399280878
1186	8.218101842147197
1187	8.919059834813172
1188	8.573967323312342
1189	8.845457953972439
1190	8.178428954882353
1191	8.682382226201636
1192	8.415154980115727
1193	7.02948493470245
1194	8.196065312069125
1195	7.871721495369913
1196	8.143185507444851
1197	7.787986993248712
1198	8.619367831097682
1199	7.953893243068763
1200	8.027686437502833
1201	8.070081399159323
1202	9.343127470838485
1203	7.956387343059948
1204	8.6595790821175
1205	7.971450276056384
1206	8.088261049829706
1207	7.574988583636946
1208	6.765076276036448
1209	7.168834963799604
1210	6.751322190339725
1211	6.6415623691761745
1212	6.6358063161109
1213	7.251428508560206
1214	7.43503704009917
1215	7.05734467138085
1216	6.653854236825384
1217	7.059905252123075
1218	6.60436766362065
1219	6.864891060361691
1220	6.77408071505448
1221	7.33349734922915
1222	6.905248584359006
1223	6.317290677669205
1224	6.569517993684166
1225	7.8152327635562
1226	7.79984553609841
1227	7.343186669487929
1228	7.282575373137076
1229	7.288355234236704
1230	7.678285859560233
1231	7.780056260896918
1232	7.86632024700423
1233	7.924239693144349
1234	8.332285172361457
1235	8.215892467606412
1236	8.635877530304029
1237	8.045353049406378
1238	9.126924988199352
1239	9.145457171349724
1240	8.92936544680093
1241	7.994834439359439
1242	7.885480032949417
1243	7.638544880401302
1244	7.757453948298934
1245	7.610509140209567
1246	8.107340342980379
1247	8.178420372600673
1248	8.854748459483176
1249	7.473017017591898
1250	8.132437877995471
1251	8.361129415051561
1252	7.480960318792671
1253	7.1435707164104905
1254	6.994977808716019
1255	6.615662896875401
1256	6.994524402823201
1257	6.822365827074756
1258	7.039800353614499
1259	7.085451538175981
1260	7.218644882511505
1261	7.557236361278834
1262	8.020737770811134
1263	7.945469132424822
1264	8.247833989177902
1265	7.6272740873499645
1266	7.0693117019499665
1267	6.818332531755599
1268	6.45704733552331
1269	6.500251111633325
1270	6.200592228681719
1271	6.237535305991058
1272	6.540676993545468
1273	8.16118206269009
1274	7.804248406328583
1275	8.322094991017327
1276	8.255043573905374
1277	8.444630605655252
1278	8.338261169183152
1279	7.9328127432457824
1280	9.019619169777393
1281	7.5495754544005
1282	7.6158477046163
1283	8.473858965730347
1284	7.7179611001732455
1285	7.916806182595424
1286	7.745751985725152
1287	7.949971105707659
1288	7.051256905012056
1289	7.828516693063731
1290	7.651518308716785
1291	7.605771810315462
1292	7.719502096030083
1293	7.897333918473573
1294	7.321925356004177
1295	7.89501573384952
1296	7.879093781207523
1297	8.370679801918735
1298	9.466104974659574
1299	9.454874229640618
1300	8.250131944133864
1301	7.904815801736456
1302	8.350112340315642
1303	8.35327299947108
1304	7.393584291044779
1305	6.4511755661174135
1306	6.673350752705947
1307	7.220564706204065
1308	6.869696704894622
1309	7.9603674121612915
1310	7.778624079253268
1311	7.2170045260763365
1312	8.494433369482394
1313	7.4837070199274525
1314	7.877191861325861
1315	7.911499960970325
1316	7.793837564303195
1317	7.756134627566162
1318	7.488429674114078
1319	7.515539932977968
1320	10.590949933649151
1321	8.728933842439648
1322	7.801101569852917
1323	8.66266342975068
1324	7.945263424322871
1325	8.000033844377011
1326	8.509190126464802
1327	7.7993457188463795
1328	8.0546051768935
1329	8.902842951274485
1330	9.200886530025693
1331	8.870780031589643
1332	8.36042867278185
1333	9.089583415743958
1334	8.879833963021833
1335	8.338257604715414
1336	8.370637482811759
1337	7.772362292359405
1338	8.126107148644252
1339	8.229176947489655
1340	7.769278599612762
1341	7.1464218856198825
1342	5.94668455472657
1343	6.722605666530427
1344	6.74340247435502
1345	6.67922719918718
1346	6.067800439922564
1347	6.504125929660715
1348	7.446673793813519
1349	7.374211453832891
1350	7.84083879718489
1351	7.267176009716375
1352	8.62811538283867
1353	8.020581473979911
1354	8.398441358569233
1355	8.909221817996194
1356	9.154369328981517
1357	9.419772293032244
1358	8.859197033881307
1359	8.884242032593503
1360	8.815447453789794
1361	7.857960041070283
1362	7.537465558877165
1363	7.218742751112101
1364	7.525401636166048
1365	7.205586793526004
1366	7.10744886930557
1367	7.067407858558765
1368	7.477237186320526
1369	7.88906758697575
1370	8.297822158192819
1371	7.507807558368971
1372	8.523955423224548
1373	8.548938833368975
1374	8.31242225487125
1375	8.557997364680485
1376	8.408483922107772
1377	8.885028702447908
1378	8.396721342496038
1379	9.314785487624249
1380	8.989047251144754
1381	8.174351878063712
1382	8.762928582289225
1383	7.923709080685864
1384	8.21311897671531
1385	8.362091019280177
1386	8.929540598274821
1387	8.428976125118888
1388	9.594139176055275
1389	8.37960048882485
1390	8.920808218633232
1391	8.14153225486612
1392	8.584328707700637
1393	9.150729020540536
1394	9.083282215206522
1395	8.798995547666799
1396	8.441042601084918
1397	9.462367164332399
1398	9.212100799611731
1399	9.051083050138507
1400	9.174422997886268
1401	8.880476879593957
1402	7.886053156758836
1403	8.670435657905525
1404	8.609559351531756
1405	7.390238467324016
1406	8.233093094591478
1407	7.432001479958622
1408	7.488059417229573
1409	7.5910835594621275
1410	7.930398307854643
1411	7.527044321553464
1412	9.203202474699664
1413	9.967187396888882
1414	9.040917761367833
1415	8.977700489407379
1416	8.230846727181886
1417	8.202454532327375
1418	7.405673998230438
1419	7.937743546614094
1420	7.539101963680629
1421	7.722359210497501
1422	7.170726499359177
1423	8.748997390292889
1424	8.353135082803389
1425	8.241068672733874
1426	8.567708093241384
1427	8.337495202304565
1428	9.09134071249785
1429	8.466666588082816
1430	8.469488180530858
1431	9.321727344560546
1432	7.843564183283835
1433	7.380960522668116
1434	8.192249018878204
1435	7.347691763246842
1436	7.35362887007512
1437	7.647364575111167
1438	7.380649369048559
1439	8.170678104383784
1440	8.023704630013208
1441	8.10359666743315
1442	8.312813719202202
1443	8.159961828918721
1444	8.200116617986724
1445	8.425365171704348
1446	8.541818263876022
1447	8.909928791272431
1448	8.212901877143743
1449	8.40598598917015
1450	8.82243829713268
1451	8.09436716457627
1452	8.542409027113232
1453	8.4932992957385
1454	8.81063177713523
1455	8.111735677036803
1456	8.045861466749018
1457	7.733178744883034
1458	10.365095786167627
1459	8.9729735031187
1460	8.692798936176562
1461	8.128158151691338
1462	8.900728585089793
1463	8.084155870310989
1464	7.6896897839544724
1465	7.774704187458807
1466	7.136201386239554
1467	7.26975662965815
1468	7.629066129760504
1469	7.648283619297099
1470	7.443037371123177
1471	8.250443125990424
1472	8.502932631652898
1473	8.41018852616568
1474	8.198833941403889
1475	8.599643310877434
1476	8.204657336268292
1477	9.095173713569746
1478	9.175938457369519
1479	8.677664864307475
1480	8.395492259791707
1481	8.492248705333541
1482	9.00653159611823
1483	8.211811738354687
1484	8.235865604946909
1485	8.348967186479783
1486	8.32195161950901
1487	8.972069270253607
1488	8.486609914277354
1489	8.225179433580609
1490	8.710599946060324
1491	8.15868517198794
1492	8.156014915794634
1493	7.191989311265312
1494	8.419650038345289
1495	8.161009930345891
1496	7.658513483812193
1497	7.690035007665624
1498	8.198954640319222
1499	7.973374889640789
1500	7.934186688071213
1501	9.146192118101736
1502	8.7130164197494
1503	8.822462472263151
1504	7.915498842358584
1505	8.629532287731015
1506	8.836785460496808
1507	8.263898067919873
1508	8.494911114038212
1509	8.596122311528475
1510	8.955760721724578
1511	6.693380156997242
1512	6.476940121121722
1513	7.101345773692508
1514	7.596477966806983
1515	7.277139128308443
1516	7.755471199597583
1517	8.258469633214803
1518	8.856693338564884
1519	8.80577885508883
1520	8.28586558877098
1521	7.84388836428497
1522	7.386086536196785
1523	8.009233032061093
1524	7.430996017297098
1525	7.6816206298553595
1526	7.139892712996643
1527	7.404242610800905
1528	10.26366564257652
1529	8.385499021272206
1530	9.377918482336698
1531	8.46081084252264
1532	7.969842516843063
1533	7.948914521016622
1534	8.544637515377703
1535	8.34450783163323
1536	8.87371126494703
1537	8.15991139090384
1538	7.3776048063486535
1539	7.497828414390718
1540	7.9844475809657105
1541	7.733478033656098
1542	7.260643726255324
1543	7.704366114729217
1544	7.120930591705488
1545	8.262864912151047
1546	8.335582365157647
1547	7.817510561004008
1548	8.128109160516194
1549	8.531221381169114
1550	6.963085635111465
1551	6.315464873338819
1552	7.207334194988464
1553	7.23337926116327
1554	8.041062848729142
1555	8.28651205035587
1556	9.236773100177128
1557	9.067709356315367
1558	9.566950337790548
1559	8.89942523665868
1560	8.336273969599738
1561	8.077021083300032
1562	8.40022676016663
1563	7.636226912103553
1564	8.229917214842025
1565	7.229735467414362
1566	7.513935523831583
1567	8.457539700467162
1568	7.674455248977077
1569	7.2071593204500415
1570	8.144703492762403
1571	8.006477295383656
1572	8.195030915768097
1573	8.43013457115135
1574	8.501414038372609
1575	8.029180702701963
1576	8.109345358926342
1577	8.204581687735873
1578	8.97891983336392
1579	9.291624431283923
1580	8.476000348113029
1581	8.924599116084917
1582	9.149025426879799
1583	9.255843866207766
1584	8.47692577956539
1585	8.791511020722774
1586	9.069144639660234
1587	8.295984542596152
1588	8.763360756985112
1589	8.127465790330413
1590	8.010320071338557
1591	8.193711242419388
1592	7.955665210600284
1593	7.759778140953453
1594	8.705701761882484
1595	7.782441964269614
1596	8.325027753372815
1597	8.142914350244322
1598	8.680562363846914
1599	8.801863613352204
1600	9.124811196153914
1601	9.063704471699436
1602	8.78146900487932
1603	8.15456201016297
1604	8.45155497929619
1605	8.75778246554849
1606	8.681373672222241
1607	8.555921744806758
1608	7.885284407266097
1609	8.394013585154237
1610	8.56194413657353
1611	9.258974992396782
1612	9.56762413802018
1613	9.170502471759027
1614	9.49795967029138
1615	9.070906280244808
1616	8.555620888272214
1617	7.920708593545539
1618	8.620383004056656
1619	8.237721493861319
1620	8.95664194186108
1621	8.829515983075975
1622	8.403810274212898
1623	8.318918818941269
1624	8.60466179383772
1625	8.803528977765438
1626	9.79524548060646
1627	8.462825220907785
1628	8.805472648177927
1629	8.936474558460647
1630	8.884477912119145
1631	8.835493138044571
1632	8.609973570921909
1633	9.0628698373029
1634	8.647650073354665
1635	8.648202368688827
1636	7.761060400711953
1637	8.007998519288945
1638	8.236218170559042
1639	8.337159476048832
1640	8.324775046657923
1641	8.992370151803945
1642	8.430507654081957
1643	9.226269651041248
1644	9.640174477299498
1645	9.453257575287001
1646	9.860284007277262
1647	9.471317986747447
1648	8.909486443128845
1649	8.16181496385741
1650	8.401153494031806
1651	8.447991350953798
1652	7.469971861118027
1653	7.609046875491295
1654	6.7323322057242025
1655	7.373745827831799
1656	7.592066071271788
1657	7.172118515873749
1658	7.001032367749717
1659	7.541764032993495
1660	7.699285938456023
1661	9.259230351961977
1662	8.514047447374258
1663	8.975486201952261
1664	8.028065743396809
1665	8.32496289848398
1666	8.642563778250915
1667	8.870181019566473
1668	8.291196515461396
1669	8.600069008348418
1670	8.266381399807724
1671	9.116222809663345
1672	8.861024070028186
1673	8.392956100652853
1674	8.872894838161491
1675	9.171255091356114
1676	9.580431488406331
1677	8.761728319909436
1678	8.716006206961904
1679	9.310190413641376
1680	9.81512121184494
1681	8.982845543723153
1682	8.87816150596302
1683	7.484136311147744
1684	8.147104942850984
1685	7.597153580322025
1686	8.20216834190637
1687	7.7136026443631796
1688	8.148156575003602
1689	7.691922010228501
1690	7.995182446761954
1691	7.985925531719977
1692	8.39090470279484
1693	7.834911687425738
1694	7.249073242985697
1695	7.455952354787023
1696	9.10872092413793
1697	8.183634570370364
1698	8.923002315553001
1699	9.093554643818063
1700	8.641028289550588
1701	8.149603674353187
1702	8.280883149528929
1703	8.890217099002196
1704	8.58202306420653
1705	8.78689029215477
1706	8.096632178210836
1707	7.977802747438281
1708	7.355818093828479
1709	6.721769813066103
1710	7.614850906138718
1711	8.04229056866707
1712	7.376765869087294
1713	7.911213294579378
1714	8.232148414804835
1715	8.41136847732434
1716	8.6550058804056
1717	8.862816840703818
1718	8.76246674514604
1719	9.135354621823703
1720	9.939432957968656
1721	8.88925449593114
1722	9.984850787384422
1723	9.67724862743097
1724	9.092919361277714
1725	9.816187977782537
1726	9.169150519056908
1727	9.74505312993104
1728	9.72008054913848
1729	9.755159071079062
1730	9.672572582698901
1731	9.86116190729365
1732	9.510717035283085
1733	8.778502106903895
1734	9.079344740317598
1735	9.265569272697466
1736	8.434097418173984
1737	9.496333010603374
1738	9.621749080068868
1739	8.632638454900503
1740	8.323833788455605
1741	8.514166377269376
1742	8.930891711232347
1743	10.195123793441425
1744	9.746485495549951
1745	9.393706371415462
1746	10.121451520330094
1747	9.842990037674252
1748	9.242881226413132
1749	9.479646115119273
1750	9.543941730695767
1751	9.49875262262357
1752	7.909456482936381
1753	8.493053479635293
1754	8.246315094899689
1755	8.22379683133479
1756	8.886246125675374
1757	8.466895702299563
1758	8.517788707421618
1759	8.759480736836032
1760	8.75211401054903
1761	9.815154469657458
1762	9.965414533784962
1763	9.217891545479157
1764	8.891480188875114
1765	9.165082546636345
1766	8.844591546477474
1767	8.157560329257226
1768	8.793126993941101
1769	7.98230997344228
1770	7.341456113071912
1771	7.21458161112953
1772	7.13376866435852
1773	7.073257897619748
1774	8.580609438027953
1775	9.209128900943332
1776	8.991654813960698
1777	9.652621210047696
1778	9.467713422846511
1779	9.120600390105805
1780	9.420321786405678
1781	10.401755907279668
1782	9.618934209068584
1783	9.984424742589557
1784	9.115511967622977
1785	8.907507118808944
1786	8.816446022094416
1787	8.917418173509239
1788	8.551798392840045
1789	9.246808584781016
1790	8.98490022201112
1791	8.90338338553919
1792	8.65362218398481
1793	8.757663569338646
1794	9.102273821243372
1795	10.206375734901084
1796	9.255173614420134
1797	8.817718706410304
1798	9.253103371349086
1799	8.854346640749943
1800	8.443093715487999
1801	8.028138077304632
1802	8.365895469236833
1803	8.367321852993637
1804	9.0384666264072
1805	9.304562561002157
1806	9.070596441223485
1807	10.562195132289384
1808	8.83326530487852
1809	8.558660920072578
1810	10.230727785951014
1811	8.326742847266882
1812	8.224269476605105
1813	10.336943458170264
1814	9.571685207794516
1815	10.129776039642076
1816	9.260839424808792
1817	9.290529317293183
1818	10.642330039531284
1819	8.919516790666458
1820	8.961723486641182
1821	10.781543677631605
1822	9.277806797514623
1823	9.665967260442438
1824	10.603731041907713
1825	8.688250771387287
1826	9.243405816769018
1827	10.170122924302394
1828	9.505940490970119
1829	10.387494211714191
1830	9.954922548254947
1831	9.934635946386294
1832	9.316175240600783
1833	9.18630366222147
1834	8.865014014567238
1835	9.372922164475174
1836	8.970112534806574
1837	9.21732571420409
1838	8.797932203302064
1839	9.224455179816573
1840	8.283496864126116
1841	9.966215717910998
1842	8.651096029157927
1843	8.049367779770996
1844	7.389491302709941
1845	8.988027969131412
1846	8.403902057315058
1847	10.222457225906279
1848	9.261419866160924
1849	9.806694491497254
1850	9.749466906886164
1851	9.194359553852054
1852	8.848448975314883
1853	10.142663596102809
1854	8.033787133012211
1855	9.435495551747712
1856	10.877017037559881
1857	9.717091544621498
1858	8.906694944611521
1859	8.61615929899653
1860	9.683723374874132
1861	8.945994725978991
1862	7.961516864529623
1863	8.958040935042405
1864	9.211689982446202
1865	9.500773576786484
1866	10.092761622220774
1867	11.351147267231202
1868	11.377246114762968
1869	12.6604630603215
1870	12.456636545667198
1871	10.345979901430624
1872	11.956834475095956
1873	9.941512988664826
1874	9.565210332405508
1875	9.603504608013504
1876	9.385559396655523
1877	9.823923054790356
1878	7.908275520681774
1879	8.854756978063063
1880	8.830696716343661
1881	9.869628232518542
1882	10.64490902254657
1883	8.327312871554936
1884	9.454205525722086
1885	11.780795745838951
1886	9.03860998708162
1887	9.950684483096074
1888	10.422562670110489
1889	10.901065152316878
1890	9.468455315405134
1891	9.20459596421862
1892	8.851498591388776
1893	8.951484063400247
1894	9.347715613818602
1895	10.421375469725337
1896	9.718075051651354
1897	10.259729284550879
1898	9.521297597238037
1899	9.47309233464704
1900	10.464733507991953
1901	9.974229798192301
1902	9.704493088968881
1903	9.691843943281917
1904	10.312882438283394
1905	11.035433919300809
1906	9.966628144714928
1907	9.614427461140647
1908	10.598732092690415
1909	9.176571130039832
1910	9.264762961791025
1911	10.766737526074158
1912	9.822184101261456
1913	9.860046229253822
1914	10.151584324570386
1915	10.560971367972988
1916	10.183934388536207
1917	10.747444551780402
1918	9.874593922362545
1919	9.653877550398246
1920	9.412655062198745
1921	10.544427633461314
1922	10.906388533971194
1923	10.334379734051902
1924	10.590872165563294
1925	10.252830917339267
1926	11.286758512643779
1927	9.991852120269344
1928	9.728804965379933
1929	9.3578682583224
1930	9.059016757094314
1931	9.505515218810041
1932	9.211900128080572
1933	8.105702094700732
1934	9.877405333240393
1935	8.931169695665687
1936	9.189641525992043
1937	9.144923576594277
1938	11.910507006103467
1939	11.009496234887244
1940	10.892682984126855
1941	9.438795910776761
1942	8.97865408128884
1943	9.765363003548075
1944	10.000385930775812
1945	9.624473381954687
1946	9.772761331762455
1947	10.430326729458248
1948	9.20486313787089
1949	9.29565424770623
1950	8.568037357179398
1951	9.322734951129831
1952	8.342036163629343
1953	9.11751480383599
1954	9.831650002812314
1955	10.03417533262916
1956	9.435091109796028
1957	10.07739795509333
1958	10.612395152583632
1959	9.68160290352317
1960	9.810036803466193
1961	9.497340038142779
1962	9.613620237126135
1963	10.387425906692282
1964	9.503050724514187
1965	12.209945822684034
1966	11.41999873596007
1967	10.835793722988408
1968	10.287385628255896
1969	11.783687639292019
1970	12.253934986512292
1971	10.974080760678623
1972	12.22249855990497
1973	11.326031197526914
1974	11.104135350833426
1975	11.337388623487252
1976	11.602180172610494
1977	11.775034955661775
1978	12.127971262498047
1979	11.645610291146136
1980	10.931785690232134
1981	11.0490561276138
1982	11.064655501109547
1983	10.95446349750528
1984	10.927550391023445
1985	11.519838039989066
1986	10.995079283065714
1987	10.522345560544347
1988	10.627991897381525
1989	11.280450677209062
1990	10.850815696641908
1991	11.058113887235049
1992	10.989685314975246
1993	10.944122696550025
1994	10.807310835986142
1995	11.304021334896486
1996	10.951193301601847
1997	10.466738274927344
1998	11.42956537171351
1999	10.683046303600916
2000	10.335009392133319
2001	9.997358520595713
2002	11.189768552271246
2003	10.66692716655465
2004	11.579829823197757
2005	10.260759358117667
2006	10.181566790721817
2007	8.88625082307173
2008	10.36525996430283
2009	10.06609153833868
2010	10.805102149920724
2011	10.223100223965002
2012	10.893398191708842
2013	10.933540243253816
2014	10.564106269721918
2015	9.331557667838107
2016	9.666341977753795
2017	9.072571272988883
2018	10.422787809242049
2019	8.774375729976759
2020	7.853937245622577
2021	8.435656358588343
2022	9.435965467499235
2023	9.869581848381145
2024	9.032878196239038
2025	8.793626774475143
2026	9.283914576163662
2027	10.11636122226519
2028	9.91555528550189
2029	10.002079809948107
2030	9.756673090137387
2031	10.642227860392913
2032	9.548995723014407
2033	8.376257756326638
2034	9.475199010081184
2035	9.152832894146215
2036	9.540100701924306
2037	10.631002011487723
2038	11.405389412138474
2039	11.46642610878483
2040	10.732005099316059
2041	10.629968783526985
2042	10.353258653644207
2043	9.167568694277891
2044	9.714791881439595
2045	9.17829512611423
2046	10.834542278361031
2047	10.32681244253838
2048	12.310547552696434
2049	10.693921484780931
2050	11.836912520816146
2051	11.420441572259039
2052	10.914112421575568
2053	11.086565153496972
2054	10.279555607489103
2055	10.50891976479789
2056	9.859966508944881
2057	9.738466281911387
2058	10.268210625867056
2059	12.299010641189442
2060	9.08305046052535
2061	11.18641194535136
2062	12.022865480244654
2063	10.358408096767297
2064	10.968279953331198
2065	10.085772886012947
2066	9.54747788055097
2067	8.466754060489873
2068	11.605863460629497
2069	9.526584841410791
2070	10.543634849789601
2071	10.3634101357355
2072	8.626094496028843
2073	9.848520939382535
2074	9.635260504861328
2075	10.285779028142496
2076	10.466699692102026
2077	10.715670652243292
2078	9.222860837441798
2079	10.211768296302257
2080	12.963207379808813
2081	10.96654226868469
2082	10.296796923363182
2083	10.10384186405306
2084	11.891275410259658
2085	13.517725124256769
2086	10.87221686304785
2087	11.420441572259039
2088	12.067961581002795
2089	12.323455447610442
2090	9.803246212586192
2091	9.177829886361284
2092	10.763481409034362
2093	9.684342081084225
2094	12.398205182433948
2095	12.560634713071714
2096	12.790598136337744
2097	9.823670154234684
2098	9.493032475459888
2099	10.741676901378156
2100	10.864969218143205
2101	11.18630358649681
2102	10.528205314113265
2103	10.010160664764298
2104	9.754195289018288
2105	9.015898508267515
2106	10.060354364021112
2107	12.026781134383969
2108	11.35440266378099
2109	10.3161447420193
2110	10.05241424464427
2111	12.077812969672264
2112	11.709628937691207
2113	12.617267725336848
2114	12.895247765090653
2115	12.68344361661388
2116	12.886576294935862
2117	11.605863460629498
2118	11.567926084953182
2119	12.685948507584834
2120	11.693233358671101
2121	12.530059701376091
2122	12.581298878831925
2123	12.408689635360856
2124	11.07582998575782
2125	12.408689635360856
2126	11.18630358649681
2127	10.673533671443431
2128	13.20282003655604
2129	12.790598136337744
2130	11.8541718909129
2131	9.988682961784086
2132	10.268210625867058
2133	10.192613340695253
2134	11.164907821358662
2135	11.94832175080176
2136	12.105396063645705
2137	11.178879304975458
2138	10.77330395961227
2139	12.110073504205412
2140	11.420441572259037
2141	11.261053321320318
2142	12.804442430146135
2143	11.371898990317497
2144	10.741676901378156
2145	9.584723524051297
2146	9.539276908203213
2147	10.095601382395987
2148	11.922131505631059
2149	12.935524809484257
2150	11.81652567543615
2151	10.883431588023482
2152	12.963207379808813
2153	11.560052260614345
2154	11.335803056143822
2155	11.74952226215999
2156	13.622374753009678
2157	11.980753557042037
2158	12.57217162457871
2159	11.92877825037463
2160	11.836912520816146
2161	12.513339264113766
2162	12.211802617228685
2163	12.513339264113766
2164	11.056557316295443
2165	11.922131505631059
2166	12.513339264113766
2167	11.335803056143824
2168	11.693071484590256
2169	12.026781134383969
2170	12.62880463684384
2171	10.974006997932412
2172	11.108995985197142
2173	11.37481440044285
2174	12.014567727024705
2175	11.855179476085986
2176	7.570671792877346
2177	6.971751375506262
2178	9.639535216150986
2179	8.442082180297554
2180	7.962907524875822
2181	7.488741687567147
2182	6.6259830676954135
2183	8.831041647738193
2184	7.190656488828613
2185	9.293712358452604
2186	6.797839866414147
2187	7.291093008073927
2188	7.013444286714563
2189	7.640854526987344
2190	7.131372695759808
2191	7.303041856646944
2192	7.291308254209911
2193	7.21743738211013
2194	7.706494280437419
2195	8.175539613489896
2196	7.657863061174614
2197	6.868410455758309
2198	6.8708716352430415
2199	7.327288549941307
2200	8.322892864794612
2201	6.6958256675257655
2202	7.258627110969149
2203	7.763543870158978
2204	7.238905039561347
2205	6.726555872868912
2206	6.885730335298728
2207	8.45003029908198
2208	7.160574282296881
2209	7.126141507733424
2210	8.156955590465623
2211	7.77466177754588
2212	7.046070562084173
2213	7.086877875016841
2214	7.1916343322045275
2215	6.955696023866003
2216	7.331223533307243
2217	6.843421422135265
2218	7.108008768345989
2219	6.961462617227742
2220	8.175545113155769
2221	8.020454600731798
2222	7.248813699816166
2223	7.180939783448863
2224	6.774101716551401
2225	7.152125535089304
2226	7.096515422332541
2227	7.301140539614187
2228	6.619124663481258
2229	6.51120339882746
2230	6.280963255088097
2231	6.684781252510634
2232	8.30538689687517
2233	7.07298478634312
2234	7.2133237465096
2235	6.475783313905524
2236	7.188358586641739
2237	7.451945392103115
2238	7.492874547273717
2239	6.733518721698044
2240	7.26524020523417
2241	6.944332054220272
2242	7.044720313618746
2243	6.474775511470989
2244	6.949431849835985
2245	7.571395476749034
2246	7.822568851660585
2247	6.273255364369856
2248	7.5810002523142845
2249	8.094695888795055
2250	6.784263351404938
2251	7.668734278297238
2252	6.637375770672417
2253	6.741514945958878
2254	6.733375533864825
2255	7.377394569536455
2256	6.86154005084751
2257	6.996822610632338
2258	6.931953181150607
2259	6.819069480547618
2260	6.411054055604112
2261	6.507898321263244
2262	6.202128753795367
2263	6.957283087081322
2264	6.2643124515603965
2265	7.259207144682325
2266	8.396551795887243
2267	7.782026745413447
2268	7.221297053744502
2269	6.684435161149896
2270	7.154159103943432
2271	7.496022469189921
2272	6.574097178683996
2273	6.239418004757192
2274	7.627732216631481
2275	6.622172286055681
2276	6.684482510140796
2277	7.059737083804667
2278	7.0176611647025915
2279	6.6509885485919735
2280	6.980296614128878
2281	7.50893944754852
2282	6.016551954001935
2283	7.522781523964271
2284	7.219053872649346
2285	7.090835648308722
2286	7.1528195390434774
2287	6.015529439689761
2288	8.326029737681921
2289	7.457879190128922
2290	6.765570775992781
2291	6.735748285670292
2292	6.222823506505839
2293	7.1656106147933265
2294	6.29682538368029
2295	6.4869813062635835
2296	6.522280450229191
2297	7.101389425906918
2298	6.723811548680536
2299	6.723502843788391
2300	6.103457934147407
2301	6.450569290999977
2302	6.274450685117457
2303	6.8300537255326965
2304	7.008512561181124
2305	6.371994700836392
2306	6.582990550763595
2307	7.9314445619104195
2308	6.847712346766242
2309	5.908778692265416
2310	7.486384198050791
2311	6.867210578161172
2312	6.83165399456669
2313	6.6847348101639295
2314	6.903006862115332
2315	7.8246760283041805
2316	8.042801331523425
2317	6.434638982312663
2318	6.170686408989831
2319	7.385902100304989
2320	6.288649534710109
2321	6.865798281721776
2322	5.607551949958303
2323	8.178300443520325
2324	6.378793992118606
2325	6.851644159075141
2326	6.528373319108518
2327	6.383165166438912
2328	6.444259518398231
2329	6.4815064214169045
2330	7.7086273490640504
2331	5.610145627734807
2332	7.109253708045388
2333	6.693447668102916
2334	6.794293510875668
2335	6.158144674275263
2336	6.634395564841566
2337	5.710187433105481
2338	7.044689406785848
2339	6.006535490309084
2340	7.165652586935918
2341	7.656226018649965
2342	5.757165626081788
2343	6.310773485408859
2344	6.67894921517453
2345	7.2320546534431
2346	6.639588544407112
2347	6.538731152935558
2348	5.67898231680684
2349	7.57888339480642
2350	5.872267354182969
2351	6.504759003141572
2352	7.2523661236338
2353	6.263196348877357
2354	7.537772045281711
2355	6.959021561405777
2356	6.608656031354219
2357	6.545659985519668
2358	6.836145079094335
2359	7.047809132960172
2360	6.547650535151923
2361	7.502255799726198
2362	6.179150478377236
2363	6.741163453904337
2364	5.910856343588776
2365	6.169194686148664
2366	6.851093412307929
2367	6.7987877977755575
2368	7.677185429738627
2369	6.483683354572937
2370	7.6424727419616305
2371	6.566401841046874
2372	6.534660649537152
2373	6.649128981311043
2374	6.5922624634175016
2375	6.801658792433202
2376	6.3974652976858035
2377	6.468915121174865
2378	7.031752561873372
2379	7.764356427668316
2380	5.817198347696151
2381	10.316263573139162
2382	6.121609253350262
2383	6.7815587310201675
2384	6.200591962345356
2385	6.910924488604499
2386	6.584396735850936
2387	7.119512322414376
2388	7.019323462218676
2389	6.6316963672093845
2390	6.991977427792237
2391	6.959934515353563
2392	7.331365959478583
2393	6.664797359520017
2394	6.687421168556785
2395	7.286251532499966
2396	7.131921056236102
2397	6.267350251054003
2398	5.127263102457237
2399	8.278858057371126
2400	5.901336800551643
2401	5.72154340652666
2402	7.373838680640264
2403	7.054440664336808
2404	6.82214071203315
2405	6.566687296628017
2406	7.456480482341444
2407	6.654265514593453
2408	6.454951256956525
2409	6.9386837000187676
2410	7.377295749341997
2411	6.2898468454124465
2412	7.412451280510728
2413	7.839384786300215
2414	6.649643737883423
2415	7.269847564647126
2416	6.720638243236307
2417	6.9918884700588135
2418	6.405756347961871
2419	6.842249175992483
2420	5.790187788851483
2421	6.58036955514065
2422	6.358060634988409
2423	6.218367354358113
2424	7.294907001874783
2425	6.454111723265477
2426	6.4624287855668054
2427	6.727094027542387
2428	7.422710022649394
2429	7.028162502391353
2430	7.04615202722775
2431	6.5566792698655245
2432	5.723056740754496
2433	6.967086249178143
2434	7.281209316350088
2435	5.78794901452864
2436	5.692952770393859
2437	6.304694784529863
2438	5.652635239950517
2439	5.771218750578046
2440	6.66884957731292
2441	6.887796295704025
2442	6.300198245322603
2443	6.472688318479422
2444	6.667819275564645
2445	7.829775284918348
2446	6.252110242786612
2447	6.234502687672533
2448	6.943738310086807
2449	6.512005449426875
2450	6.609432107118034
2451	6.7091083065370976
2452	6.444068688970953
2453	5.993870245162505
2454	6.382781940417376
2455	6.690739115041038
2456	6.243422371739057
2457	7.135159356624639
2458	6.432778280993283
2459	6.4883865461815855
2460	7.066001879334642
2461	6.130414512859648
2462	7.849806911676325
2463	7.290928345488567
2464	6.56434713949883
2465	8.304809024694656
2466	6.739394933694948
2467	7.110090923950683
2468	7.187645523178235
2469	8.380323694632528
2470	6.610258456726379
2471	5.221811796779059
2472	7.0954186760155595
2473	7.088567848445573
2474	7.009179668518805
2475	6.509210990210354
2476	6.819192471048817
2477	7.7837360842532215
2478	6.215813099286586
2479	6.153468310795295
2480	6.425834548885266
2481	8.044108245729715
2482	6.420942522871748
2483	6.015300488471198
2484	7.3626830486871535
2485	6.115664557493098
2486	6.432155811848037
2487	6.539511922798481
2488	6.354533746322229
2489	6.464386635508392
2490	6.446776461652118
2491	6.382198574467999
2492	6.344133218827466
2493	7.013518960400063
2494	6.528098525711604
2495	6.060284879576439
2496	7.87904026873368
2497	6.561275522511959
2498	6.402341746824483
2499	6.020734939583024
2500	7.183808361051334
2501	6.695709380047658
2502	7.0510398087018835
2503	7.359062294260385
2504	6.326241117926568
2505	6.609889607176679
2506	7.752800766350562
2507	5.101624220144394
2508	7.537720126277064
2509	7.368576178410465
2510	6.632610282506051
2511	7.528127492006168
2512	7.212833442307868
2513	6.777158732071843
2514	6.837925945350172
2515	5.317170794977496
2516	6.601736623732314
2517	6.265756855436404
2518	6.335393772826721
2519	6.825627664853058
2520	6.887218410058946
2521	6.667715065845413
2522	6.6921748947327195
2523	6.125284591821407
2524	5.639577053948868
2525	6.196397095820844
2526	6.610137573228806
2527	6.6424151913143765
2528	7.736258928154008
2529	6.42353179915475
2530	6.0603793574379345
2531	6.645360479609367
2532	6.142236731689508
2533	7.24936361931972
2534	7.4373199174672875
2535	6.858541677653088
2536	6.859364080018451
2537	6.557358085683184
2538	6.770432823504082
2539	5.271977675774138
2540	6.659159598393097
2541	5.4760543514138025
2542	7.813951637071987
2543	6.9696627139065495
2544	6.47686042518551
2545	6.082328770037844
2546	6.508270351677192
2547	7.0006729324174435
2548	6.557578299084706
2549	7.197416354754596
2550	7.762011486316699
2551	6.012903726848654
2552	5.989063094121114
2553	6.1405494736032225
2554	6.654588369017643
2555	7.536461046617755
2556	5.796888989377726
2557	6.527971818688042
2558	6.374110925082985
2559	6.243496163465553
2560	6.890654130048902
2561	5.730898656386074
2562	6.23289669423461
2563	7.277310341961643
2564	5.700989967062823
2565	6.90714455274823
2566	6.43547392214389
2567	7.467711269661958
2568	7.217935033333602
2569	6.899718859535939
2570	5.805450407629972
2571	7.104938950360028
2572	7.6051516773738275
2573	6.774881368015298
2574	6.351214725419799
2575	6.867479381742417
2576	5.671945297328746
2577	6.636693875569069
2578	6.102425535066154
2579	6.759472520486469
2580	6.212123438761249
2581	5.52529430152472
2582	6.9714120186621855
2583	6.393858880367946
2584	5.639356043433514
2585	6.16377613753099
2586	6.535679059719973
2587	6.599427157472363
2588	7.7800513660593875
2589	4.885423779888935
2590	6.551466847299005
2591	6.432113743942436
2592	5.952841039499171
2593	6.532073898373342
2594	6.039943688887629
2595	6.865862259111415
2596	6.622957849342951
2597	5.64430845846784
2598	6.092408506919158
2599	6.661957218473589
2600	6.632006549284952
2601	6.550469913406299
2602	6.34909535868406
2603	6.320464678933681
2604	6.879305073657516
2605	6.5568951130281725
2606	7.311488209605077
2607	6.482827827221794
2608	6.05208037248617
2609	6.655322142378219
2610	6.396615554006708
2611	6.866057480008669
2612	5.4851137907727905
2613	6.103611327375674
2614	7.050865873206128
2615	5.37957075796103
2616	6.271692687123839
2617	6.306481271201471
2618	6.746671188352178
2619	6.5340719380451695
2620	6.74626902742861
2621	7.64656811611472
2622	6.4962906841714165
2623	6.03452084645491
2624	6.237310454180033
2625	6.074208470740884
2626	6.837456966849643
2627	7.165622080046154
2628	6.312931582315253
2629	5.899559484840432
2630	6.141655742119028
2631	5.617209251374635
2632	7.125375163538546
2633	5.993099289840357
2634	5.977441736029677
2635	6.486901315817057
2636	6.645526437409297
2637	5.622141696586623
2638	6.67095569829533
2639	6.234276539256619
2640	5.859320464320044
2641	6.219282396034286
2642	6.0652205550527185
2643	6.572024822600654
2644	6.117664728148866
2645	6.277519663624011
2646	6.816934247514433
2647	6.601102185801981
2648	5.6056232406075495
2649	7.0565286607546
2650	7.554844759689319
2651	6.2017188477029705
2652	6.555299105742945
2653	5.653482717635454
2654	6.446629625939195
2655	6.354715864310455
2656	5.32709586732094
2657	4.935677948203216
2658	5.963052945110975
2659	6.678004022116702
2660	6.893193105710358
2661	6.630687080618507
2662	4.66830893090071
2663	6.32726543358169
2664	6.597920009544467
2665	5.890196466578987
2666	7.172444376383278
2667	6.942945063019025
2668	6.139657442004611
2669	6.149176168333804
2670	6.789998494306095
2671	6.608527804242481
2672	6.522779306793319
2673	5.7581139080814445
2674	6.056692645777083
2675	5.9894565513477644
2676	6.8511362758652945
2677	6.38207460215367
2678	6.689003414803936
2679	7.20454786547872
2680	6.483115550367961
2681	6.429126531553829
2682	5.7397165957280585
2683	6.844370367727849
2684	6.907877310224178
2685	5.507634258150841
2686	5.809183314250168
2687	6.252550430544353
2688	6.913609518096997
2689	6.726325013435686
2690	5.666298974921409
2691	5.95779019248296
2692	5.484073493181041
2693	6.0317214287336105
2694	5.654661188907506
2695	6.549741025303795
2696	6.362314854380157
2697	5.3356496791975845
2698	5.730977708047194
2699	6.742949585344871
2700	6.421411987908948
2701	6.761504480196955
2702	6.418196078043917
2703	6.273100726656628
2704	6.378914940960654
2705	6.476363959894335
2706	7.178762671588509
2707	6.396648311670321
2708	6.495788718220747
2709	6.061083051598224
2710	5.900246344012725
2711	5.733969112178875
2712	6.011720449972083
2713	6.890021085896454
2714	6.230400952363831
2715	6.783957400003722
2716	6.2507850595721175
2717	6.099471809025783
2718	6.082868202374721
2719	6.672726742822422
2720	6.4412349410053995
2721	6.143231525601796
2722	6.4693360355019625
2723	6.555811010534224
2724	6.438054776363044
2725	7.615198536327632
2726	5.815333960403136
2727	6.919491107707749
2728	6.996835108612702
2729	5.818995631272685
2730	6.028587007006967
2731	6.453614128974618
2732	6.797359887476649
2733	6.316260662917442
2734	5.898255581400726
2735	6.12235708227176
2736	6.666862051607498
2737	6.470591932485109
2738	6.956371598170846
2739	5.855422104077543
2740	6.157649712481444
2741	6.595989118304487
2742	5.773057097978395
2743	6.702026665095449
2744	6.987270141712262
2745	5.953754643955881
2746	6.76036229550563
2747	6.388955892718344
2748	5.95219765643852
2749	5.597712473286306
2750	5.90758123767139
2751	6.163934156988085
2752	6.576747316670135
2753	6.773494075762639
2754	6.625557121007395
2755	7.157043559758277
2756	6.582891722035531
2757	5.976676042224743
2758	6.2646184563876695
2759	6.334776076924755
2760	5.748132662434347
2761	5.990290516167543
2762	7.484618404560991
2763	6.10023110952291
2764	6.6380066220355705
2765	6.729181547153604
2766	6.908248405120156
2767	6.8859353115095345
2768	5.879577137432799
2769	9.192814639633767
2770	6.244402370527012
2771	6.6644148335888405
2772	5.859939144632232
2773	6.126516375424497
2774	6.653766421484393
2775	6.6029893363163135
2776	6.949615974225087
2777	7.041625491578372
2778	5.5455924908127825
2779	6.468725653955037
2780	6.280327319656307
2781	6.152036576976865
2782	6.378191397697277
2783	5.85859367741732
2784	7.006177439711918
2785	5.602065035367514
2786	7.99480080512728
2787	6.468176861789031
2788	5.664567438501167
2789	6.094278749382923
2790	5.794590307705677
2791	6.656054375183786
2792	6.704305596720138
2793	6.583518883468646
2794	5.474597631677316
2795	6.265399723920457
2796	5.34884990001308
2797	6.604150214809762
2798	6.300757064868273
2799	4.987192208674946
2800	5.568866056901606
2801	5.352783649851805
2802	6.223169826324436
2803	6.478894263107291
2804	5.604884236748215
2805	7.283564018707893
2806	6.617887265646651
2807	6.905164746014014
2808	5.796421663538403
2809	5.682245625325091
2810	5.076730269390696
2811	8.049355694612819
2812	5.696488939474236
2813	6.0134973812712476
2814	6.4130209765600465
2815	6.046330981710471
2816	5.7762361067955315
2817	6.437555751599584
2818	6.718107026522438
2819	5.1533178116651275
2820	5.733046023541256
2821	5.981763778297625
2822	6.265920185096784
2823	6.456197932752644
2824	6.640219337621602
2825	7.3887372587985105
2826	6.6986757065251705
2827	5.8435297758907465
2828	6.811077008195927
2829	6.342890807357239
2830	5.521216772876508
2831	5.924499717145297
2832	5.581898242158136
2833	6.709477948971196
2834	6.764844573504718
2835	6.378214436880773
2836	5.952782001746222
2837	6.434201559594404
2838	6.464137433755342
2839	6.476085633422171
2840	5.854564777296554
2841	5.1615478257560214
2842	5.573798421943337
2843	6.748925768551476
2844	6.347785748019209
2845	5.0617016127730885
2846	6.32433280737691
2847	5.107911564053792
2848	6.825113934631643
2849	6.145527341520815
2850	5.600849717501953
2851	5.361170608343677
2852	6.632847612621063
2853	5.23950340150755
2854	6.421687893722376
2855	6.757005785108381
2856	6.659057825689267
2857	6.196767596398516
2858	5.837956716989034
2859	7.288447351169674
2860	5.979903630697427
2861	6.549071228485184
2862	5.003069775703698
2863	5.626504487165521
2864	6.599066814255599
2865	6.070715044842279
2866	6.015161530621761
2867	6.361312652639537
2868	7.1623798753245325
2869	6.541867377946806
2870	6.512722008296211
2871	6.535609238704179
2872	5.696091941837603
2873	5.67644012832594
2874	6.344999458338282
2875	7.036841054875154
2876	5.930348440052456
2877	8.264827398598586
2878	8.843367847724084
2879	5.778606643391383
2880	6.241859361840266
2881	7.606774939991185
2882	7.095511221595689
2883	6.452537307791886
2884	5.175910420875465
2885	6.902613767403677
2886	6.3966466696758975
2887	5.989105209182512
2888	5.7325982788367424
2889	5.843148634244649
2890	5.857805493939596
2891	7.370979887739102
2892	6.80130762318551
2893	5.404116039557477
2894	5.042889842988089
2895	5.347556709969247
2896	5.696246216204882
2897	6.510793949070967
2898	6.511570779704762
2899	7.03386650719524
2900	5.058721438789397
2901	6.131250362971764
2902	5.984667742651187
2903	5.930139334267726
2904	6.826467756363563
2905	6.930304806112005
2906	5.873490335320065
2907	6.379922527977488
2908	6.035995016084257
2909	4.728943784572566
2910	7.219479940482936
2911	6.522360373196328
2912	5.929088502983914
2913	6.448496431081648
2914	5.8850531231060375
2915	4.891652739361534
2916	5.735114452056321
2917	6.59944135178867
2918	5.598824970822523
2919	5.339589627856207
2920	4.830231292586786
2921	6.26003487149321
2922	6.032181341945164
2923	6.473641899717305
2924	7.316759322478569
2925	6.191941822313886
2926	6.278991505557078
2927	5.723663315817946
2928	5.611942874478032
2929	6.499530962272568
2930	5.570099167058629
2931	6.482354456361424
2932	5.3099912216921705
2933	6.369305070418726
2934	5.754858250467384
2935	5.9005517658683555
2936	5.6411971388249995
2937	5.9197453843495795
2938	5.959479076911931
2939	6.129985242630445
2940	5.973015364097055
2941	6.154457186183363
2942	5.787525041760278
2943	7.1478419567392155
2944	6.094471411591311
2945	5.165978908971676
2946	6.281332220356051
2947	6.206915561147852
2948	5.514437245313809
2949	5.241294871850922
2950	6.01125548345807
2951	5.508927444247875
2952	5.610920414952426
2953	6.608887797152208
2954	6.905653005571606
2955	5.602072342342921
2956	6.161463994529347
2957	6.71822652538965
2958	5.66775123180697
2959	5.732936045868067
2960	6.006545567211144
2961	5.593858116771928
2962	6.586801655124269
2963	7.051963692209599
2964	6.507545822440603
2965	5.5657869031850575
2966	5.786868707729309
2967	7.067911291916376
2968	6.740101335296472
2969	5.466388454266813
2970	5.262308977845955
2971	5.893196363876256
2972	6.613757159887399
2973	5.512690114781304
2974	6.050105764196761
2975	6.534885871094501
2976	4.186764379676646
2977	6.148491676445953
2978	5.792866583794607
2979	5.340318034759166
2980	6.8359597865985915
2981	5.831684941351245
2982	6.104024620582934
2983	5.896463622552817
2984	5.749191421740601
2985	5.540963084461352
2986	5.453285774591361
2987	6.858309900437104
2988	6.897420686598827
2989	5.28624063224281
2990	5.6575854841523245
2991	5.524391657886039
2992	4.570980156144385
2993	6.406271999322788
2994	5.8965618202355765
2995	5.868984782285864
2996	5.921504326917976
2997	5.6491961195706875
2998	5.904857576220206
2999	5.628548712054483
3000	5.979574841227572
3001	6.7740192685032135
3002	6.215511871544571
3003	6.673784057385827
3004	6.386308249376597
3005	5.923469556610231
3006	6.281254242610724
3007	5.199100433283248
3008	6.115978907816524
3009	7.099382537238949
3010	5.27177049415351
3011	5.749727635523671
3012	6.698706460720939
3013	5.724417025134924
3014	4.950855979690781
3015	5.251972558328604
3016	6.709374181802065
3017	6.548933256625951
3018	6.476509728923757
3019	5.850945558155601
3020	5.996762160266169
3021	6.21551390305793
3022	6.150050993498559
3023	6.726740018327039
3024	5.4306139035033505
3025	6.480354791082018
3026	5.538671385113316
3027	5.662635820843809
3028	5.274141545838853
3029	6.653826829125428
3030	5.63219429211922
3031	6.009652451972093
3032	5.5718806548749775
3033	6.313243402058105
3034	5.659501158227461
3035	6.47178222692275
3036	6.96741679309067
3037	6.489085439957517
3038	5.72147866118473
3039	5.6448964884396045
3040	5.80826954380402
3041	6.428700880580245
3042	4.663111651500676
3043	8.483809799390118
3044	6.804218789966306
3045	5.481509949329574
3046	3.9554962817522803
3047	5.843189753677279
3048	5.709379985403511
3049	6.241735399424867
3050	5.183258735472912
3051	6.418203547449858
3052	5.967857089626093
3053	5.526083843412106
3054	6.506169322253003
3055	5.516933877711426
3056	6.876890036328246
3057	5.794814202724895
3058	5.1564639078766366
3059	6.801876106879656
3060	6.914582224585935
3061	5.931949595462234
3062	5.057771720198538
3063	6.418375887829772
3064	5.745257702330509
3065	4.783493620179697
3066	5.09829533066421
3067	5.455438301065031
3068	5.341906455003434
3069	5.795685134118514
3070	6.1232287240400165
3071	6.938499809428427
3072	6.1515827579499724
3073	7.412341748278514
3074	5.020065511892898
3075	5.426009692723503
3076	5.596765615489863
3077	4.849660296929542
3078	5.200063256728814
3079	5.99532614623269
3080	6.069022254649214
3081	6.068143663423844
3082	6.047128234611147
3083	5.9899977035448835
3084	6.072496876926378
3085	5.984247401715258
3086	5.161178519209423
3087	5.77956962682474
3088	5.598402470806599
3089	5.630428770644638
3090	5.035418941320279
3091	5.375242720263053
3092	6.061131283756611
3093	6.170004279759217
3094	5.287360622499778
3095	5.572692608789209
3096	6.925800985437689
3097	6.209593820018334
3098	6.421718267437739
3099	5.166982830062226
3100	5.442665028511138
3101	5.388595902291993
3102	5.307892416538353
3103	6.063205395871724
3104	6.220235959931127
3105	5.239388458872707
3106	5.5100622941834585
3107	5.716200950776029
3108	5.793346177174161
3109	4.995731273314938
3110	5.4675144931091495
3111	5.451663326029024
3112	5.257528477949588
3113	5.053526934015084
3114	6.5941285921994615
3115	5.77577969554732
3116	5.315547898193853
3117	5.694800074522924
3118	5.71360887666563
3119	7.062196486207013
3120	5.875248647510573
3121	5.1963922620223535
3122	5.719695853942193
3123	5.515809151786295
3124	6.4911535260393
3125	6.241228676549312
3126	6.551547084350745
3127	5.374092578689206
3128	5.9818188888491255
3129	5.6301741283752325
3130	4.956978181283623
3131	5.989039082796067
3132	6.027916023993175
3133	5.486603147433851
3134	5.69765255352734
3135	5.972150092585719
3136	5.743251279876745
3137	5.77653712009575
3138	5.755379325533744
3139	5.482939145477097
3140	6.138768484769711
3141	5.7227087420438085
3142	5.862776284431925
3143	6.523583740936486
3144	5.0859304507743515
3145	6.927873452195131
3146	8.149485579165828
3147	5.479900240604635
3148	6.102505814419444
3149	6.151854534874941
3150	5.811671523163602
3151	5.367144930787058
3152	5.828725606190217
3153	5.315151760177914
3154	5.03474235516478
3155	5.881987649786762
3156	5.273344318361634
3157	6.739626579718347
3158	5.277763710944605
3159	5.020234374401755
3160	6.31586410397475
3161	5.775203725619477
3162	6.000851861408384
3163	5.238557360034898
3164	5.764635527359659
3165	6.887755262759329
3166	5.3834232376483
3167	6.21184917387953
3168	6.984070187504739
3169	6.252283401223627
3170	5.335558132982701
3171	5.25603132096388
3172	5.503886448816729
3173	6.244373824369068
3174	5.659127127258355
3175	5.764300664877904
3176	7.75425436927907
3177	5.938308509976598
3178	5.2465179148253815
3179	5.583856174823351
3180	6.51174797060538
3181	5.497545080647667
3182	5.560298043101259
3183	5.201123536661839
3184	5.069279260956541
3185	5.029656287404283
3186	4.673287038191405
3187	5.516233759603981
3188	5.376754599219231
3189	5.19554349157066
3190	5.151087703025436
3191	5.234785083438462
3192	5.981476464788226
3193	6.211019208857863
3194	4.9912958964543925
3195	5.815741708974755
3196	5.651360281383304
3197	5.118242269678317
3198	6.009058771210375
3199	5.954576562098223
3200	5.255554994441237
3201	5.780395819345175
3202	6.3420338648966705
3203	5.455958872566069
3204	5.580361484110235
3205	4.765491676136071
3206	4.929968505039021
3207	5.689432849123838
3208	6.2619044200786185
3209	5.698352062886382
3210	5.418128026311134
3211	5.838483925859323
3212	5.471644924675803
3213	5.783606297286797
3214	5.040654858400634
3215	5.1235143426681615
3216	5.93942261347358
3217	5.360195804679089
3218	5.541719777734887
3219	5.034017613744663
3220	5.356591923795971
3221	4.0601606538893735
3222	5.409801195442455
3223	5.081071913422814
3224	5.592957861063885
3225	4.700760283578752
3226	4.992508960237764
3227	5.347663035262288
3228	5.575114373332669
3229	5.798479684218559
3230	6.545847123205494
3231	5.2926318691016085
3232	5.190904462818387
3233	5.0830389399745695
3234	5.844969530691319
3235	5.797695516253506
3236	5.014350932174061
3237	4.184179913906689
3238	5.417669395097224
3239	5.425505538277271
3240	5.176213904396144
3241	5.897285186569392
3242	5.555781641743957
3243	4.7109904372242415
3244	5.215477440571146
3245	5.42854171393631
3246	4.653398328949512
3247	5.698770747468388
3248	4.778668461318187
3249	5.952315283522503
3250	6.432596722578024
3251	6.5083695102832975
3252	5.74127995399142
3253	4.387296657787767
3254	6.032069417480413
3255	6.827331609281719
3256	5.258404241252287
3257	4.312483392940107
3258	5.395754344420755
3259	5.2405493952439155
3260	5.426240158585013
3261	4.798603634291567
3262	5.328372414682541
3263	7.006158520916949
3264	5.539438036550738
3265	6.159425184907663
3266	5.348380023457613
3267	5.404421931134449
3268	5.371797058871266
3269	5.481280262333053
3270	5.608002141166503
3271	5.693493748277126
3272	4.697756129479352
3273	6.260365710469223
3274	5.405781581166948
3275	4.285507009499069
3276	4.722345285582977
3277	5.123787932593469
3278	5.115770816606
3279	5.2046629194541385
3280	6.695818287877993
3281	4.810647918273874
3282	4.652940464398137
3283	5.1619193680447655
3284	7.982668110901096
3285	5.323733800078978
3286	6.569783765909598
3287	4.729626074168452
3288	5.508807281811613
3289	6.247441820515638
3290	4.957469549253667
3291	5.815861413499892
3292	6.336195913098229
3293	5.52511203028226
3294	5.859823814213065
3295	5.484217093357847
3296	5.584296499296331
3297	4.961209050347273
3298	6.3952416758675845
3299	5.760647980463149
3300	5.329432007750458
3301	4.537215183003575
3302	5.921133883600902
3303	6.667887594815832
3304	5.462126140261422
3305	6.041322250300586
3306	4.808192245335695
3307	7.132307899627129
3308	5.191123341369787
3309	6.011214872897171
3310	7.228951379794394
3311	5.534258527316997
3312	3.6110018579837906
3313	6.349346424123656
3314	5.906892662139932
3315	5.206445583080658
3316	7.321079121093225
3317	5.338566052317837
3318	5.48531235976147
3319	5.600251904213473
3320	4.904375808003605
3321	5.152039948375911
3322	5.3538479857043155
3323	5.096329372157113
3324	5.6220185006498085
3325	5.6260219368313145
3326	5.3426009366017535
3327	6.026804483477207
3328	5.7237322253330145
3329	5.300899292028511
3330	5.532153049351447
3331	4.913064125259542
3332	4.503683402234996
3333	4.671831350368921
3334	6.040184799883576
3335	5.681941268327657
3336	5.617337440917934
3337	4.571989252411152
3338	5.454932927054671
3339	5.55930730431629
3340	5.493556242629479
3341	5.994192235867158
3342	5.623387371543764
3343	6.410811894413327
3344	5.48933629294036
3345	4.855756454221405
3346	5.735543823044448
3347	5.375812736711287
3348	5.290878455483607
3349	5.247847758551604
3350	4.084280275487185
3351	5.21190058227301
3352	5.550424407922998
3353	5.886691949493747
3354	6.3184391330535155
3355	5.638072107800776
3356	5.450708284658838
3357	6.853994714708197
3358	4.848090706922832
3359	4.547805458649989
3360	5.246697079621523
3361	4.6098258238633045
3362	5.253369895358606
3363	5.757954177588446
3364	4.6119411743098295
3365	5.933803618952446
3366	5.034114479556898
3367	4.729018575076789
3368	5.5968847653742495
3369	4.933567482597694
3370	5.3585112067607295
3371	5.589956370615102
3372	5.51398983149058
3373	5.5156793007676725
3374	5.623748826428303
3375	4.947476843074979
3376	4.4766281136415795
3377	5.453237020695014
3378	5.554710666633462
3379	5.625743865926335
3380	5.844685420387151
3381	5.276461114186178
3382	5.218502121061988
3383	5.55564750514336
3384	4.4149489313376495
3385	5.292038851549465
3386	5.363147198781894
3387	6.497322389353519
3388	5.724681498986804
3389	4.241314604991707
3390	6.150610416246504
3391	5.9799501117619664
3392	5.472961791009185
3393	4.958158115860111
3394	6.088292582404788
3395	5.095873778739623
3396	4.811365549757456
3397	5.539999659657754
3398	3.9832708176431266
3399	5.92956551349882
3400	4.936019429879208
3401	5.78336764313445
3402	5.145545653107488
3403	6.249119598210912
3404	6.298855115575691
3405	5.322292754185804
3406	5.98555296739187
3407	6.112366105123549
3408	5.077211009507514
3409	4.272265150072674
3410	5.167003410924413
3411	5.619110643310163
3412	5.468167210240663
3413	4.942483110237034
3414	5.992884812318462
3415	5.368635969377333
3416	5.658753727332279
3417	4.590640988872119
3418	5.4635177826871795
3419	5.774648571017011
3420	4.383887613049071
3421	5.089622169833035
3422	3.858649383286727
3423	5.488206828784059
3424	5.42198659610483
3425	4.8403959746079
3426	6.2755744536076055
3427	4.445146325864749
3428	4.851632238636093
3429	5.854118144671331
3430	5.7593369505950065
3431	4.985487420552836
3432	5.254190945239984
3433	4.678914303073242
3434	3.815479736956584
3435	4.549890138663741
3436	4.296516801780941
3437	4.6259063676185725
3438	4.808078768139752
3439	5.7675809582887805
3440	4.7237202995749294
3441	6.016542958290309
3442	4.976368487601997
3443	4.467853657236909
3444	4.763298256771282
3445	5.150530062331921
3446	5.027031517868187
3447	5.269175070496413
3448	5.222647590897248
3449	5.892523816197116
3450	5.19173379854141
3451	4.884993834067654
3452	4.006198754391258
3453	4.913995001880046
3454	4.984794516427362
3455	6.0751908906309335
3456	5.041655321535989
3457	5.019083295100211
3458	6.551581085390852
3459	5.3722964216550615
3460	5.2267867816212386
3461	6.010036474138083
3462	5.032404031338892
3463	4.977044778732541
3464	6.7988936393913715
3465	5.090767817255233
3466	5.139038961772004
3467	4.794084641852793
3468	5.704104309087099
3469	5.271161852328136
3470	5.143821937794508
3471	6.814452942290414
3472	6.011327733226386
3473	5.84184013547112
3474	4.72095139044024
3475	6.746646864575395
3476	5.078102925087766
3477	5.2711597946353415
3478	5.250486945610564
3479	4.197672443417743
3480	4.308599424375951
3481	5.194007842333434
3482	5.5730328237492435
3483	5.277678059324135
3484	8.02400297787466
3485	5.463565077003503
3486	5.371337881086353
3487	5.311573823617843
3488	4.521434306111134
3489	5.816631532287045
3490	5.695392384563062
3491	5.296172260355416
3492	8.006488824217016
3493	4.980989441552584
3494	4.609404446528434
3495	4.738230506350453
3496	5.705447574112817
3497	4.560417902567554
3498	6.040061435931582
3499	4.272435469235438
3500	5.646282228207089
3501	4.938029225063238
3502	5.590110273607998
3503	5.419653959642107
3504	5.2580460196877326
3505	5.449213733153702
3506	4.9764502896594935
3507	4.966720606417701
3508	4.556221329276176
3509	4.810514430728316
3510	5.235787378603803
3511	4.211243136833282
3512	5.5646268137452175
3513	5.081639334103145
3514	5.513526204620783
3515	5.3106935854437625
3516	4.956530542595239
3517	4.819915158820038
3518	5.195763016537496
3519	6.4578081281014565
3520	4.747639127912228
3521	5.229825017725221
3522	4.531175199015859
3523	5.640110642085352
3524	5.610332970220867
3525	4.678046083938133
3526	4.4945301522856855
3527	6.060015093685575
3528	5.4346191854658485
3529	6.158790426070295
3530	5.31639312397046
3531	4.845570692956507
3532	5.866627804843461
3533	5.745221751509078
3534	5.309901270186796
3535	5.315451027842592
3536	5.075523783336187
3537	4.9368658914859544
3538	4.6783187727032125
3539	3.413995667435641
3540	4.981464987866965
3541	3.844221287220794
3542	4.56576679433364
3543	7.768714309940551
3544	4.926231419871792
3545	4.555887783634717
3546	5.129611021811177
3547	5.0037390662659735
3548	4.911055872059697
3549	4.424082894520456
3550	4.670556543620236
3551	6.5428806213302355
3552	5.064952961752042
3553	4.856237390656303
3554	5.1793043228251
3555	5.141327785878331
3556	5.126565396587759
3557	4.5560018674100515
3558	6.734673410532906
3559	4.554061824360678
3560	5.559634294670921
3561	4.173994417347524
3562	5.601966385041603
3563	6.114008610418879
3564	5.9497755825428955
3565	5.212786705265202
3566	4.830062219986113
3567	5.640493530835392
3568	4.782972478706651
3569	5.859620385084206
3570	5.454343573802177
3571	4.858211128661309
3572	3.5504993845401844
3573	4.037255034463044
3574	5.041651188482623
3575	4.83421411669551
3576	5.528723548162519
3577	3.992253203155795
3578	5.028047120067669
3579	5.051033450678201
3580	5.29936325607112
3581	6.130000054772435
3582	5.445502808385646
3583	7.672208691642496
3584	4.836888676071949
3585	4.68141569700898
3586	3.777943215203427
3587	4.352481298492238
3588	4.182556636314342
3589	5.3026371090598445
3590	5.081261829104074
3591	4.431668691704641
3592	4.5622836802838025
3593	4.630590630027547
3594	5.246038020823623
3595	4.781695055205391
3596	5.327746640577468
3597	5.995345750465511
3598	4.709695759672061
3599	4.647590344497486
3600	6.330601001208434
3601	5.083606073739105
3602	5.338097438265178
3603	5.198789061958385
3604	4.445306294446636
3605	4.8787762534422
3606	4.061997907040928
3607	4.545646632300917
3608	5.49959427386108
3609	6.327716037520281
3610	4.0481235164088485
3611	3.762968753033138
3612	4.973084237278069
3613	4.949290219014845
3614	4.895889684464235
3615	4.3847568075744014
3616	5.36429803095379
3617	4.532900595927652
3618	4.420318351525539
3619	4.4478247372960045
3620	3.9911237986156376
3621	4.917964858013276
3622	4.766890627421775
3623	5.387040861968682
3624	4.483578502333023
3625	4.41446390821188
3626	5.88859446803407
3627	4.531022971239132
3628	5.308539206517905
3629	4.601629726409005
3630	5.37900391631924
3631	4.564265669239973
3632	4.67554768248389
3633	6.42253088083071
3634	4.58731610894198
3635	5.219175835001009
3636	4.8767865813822056
3637	5.598787283240146
3638	5.676713177410547
3639	4.073583937978066
3640	3.902288254380824
3641	5.096405240387657
3642	4.538827534817965
3643	4.959765442143653
3644	4.772760307863358
3645	5.3191783435275095
3646	4.792272136355795
3647	5.846274829933343
3648	4.626888067200339
3649	4.866409555421205
3650	5.764579740652591
3651	4.578770242567217
3652	4.784612630406672
3653	5.591278970570574
3654	4.359960882837285
3655	6.207293708209061
3656	4.615422674905876
3657	5.817920506042913
3658	5.0786290388986535
3659	5.877359784179166
3660	5.329033537106631
3661	4.648631942181307
3662	5.615549011516631
3663	4.369924169637171
3664	4.9154587224569575
3665	5.390567158251591
3666	5.381362440872119
3667	4.169167654496144
3668	4.704632503434752
3669	4.586491859260733
3670	5.1020290513442355
3671	4.991038657513398
3672	5.085901774471941
3673	4.161799632053727
3674	4.637732297661113
3675	5.0649134938070635
3676	4.77775337959452
3677	4.5341562691037485
3678	4.945000459015826
3679	4.2003265557280045
3680	4.516793636476523
3681	7.362282679586794
3682	4.2027095579987614
3683	4.536945785730694
3684	5.031887679311289
3685	4.887797172340612
3686	4.307306892092511
3687	4.745060112154123
3688	3.4113224198936694
3689	3.2570529720600283
3690	4.171341209559278
3691	5.763172754269576
3692	4.658463494780221
3693	4.422756439042865
3694	4.688281489174357
3695	5.748483257863283
3696	4.076174340038329
3697	3.725761284134214
3698	6.217335177814412
3699	3.570812586674959
3700	3.943786043081835
3701	7.224432073839505
3702	4.936997227146019
3703	3.3549951767737047
3704	4.676432827050702
3705	4.996656307391861
3706	4.266995988333335
3707	4.742795362452603
3708	4.2610571792157765
3709	4.097946286673512
3710	5.343062654122265
3711	4.478010485087525
3712	4.855897590308633
3713	4.383229458929202
3714	3.9792298355995688
3715	4.420498491663416
3716	4.705277052043287
3717	5.2621672278000675
3718	4.606160284523975
3719	4.308011053033436
3720	4.490294144431683
3721	4.768300106186476
3722	4.891753302367421
3723	3.4229310723709427
3724	4.756878690499452
3725	5.0725997472244035
3726	6.082173465303606
3727	3.3501196703994998
3728	4.309344562443239
3729	4.751284637315708
3730	5.506028486993415
3731	3.972075060999893
3732	5.356927804138233
3733	4.343063122830241
3734	6.132991811335827
3735	4.933442650061754
3736	3.1676117066977736
3737	5.53367415935956
3738	4.4746178177635745
3739	4.434591355767614
3740	5.167152178294257
3741	3.8988843294609294
3742	4.78761940578734
3743	4.515497215672973
3744	4.770666793356366
3745	4.2304420296331795
3746	4.260693370315164
3747	4.667890295812918
3748	4.8120183176668725
3749	4.644032772344678
3750	4.041880832294446
3751	4.566483359696813
3752	4.540950703982756
3753	5.327254511954737
3754	3.8718569027954897
3755	3.7996796304828293
3756	4.622460874726633
3757	4.682131297122044
3758	4.236704108178257
3759	4.275802650122936
3760	4.674380869570004
3761	4.291158711122669
3762	5.066721674216842
3763	4.462416110959673
3764	4.515794543501485
3765	4.399823914640521
3766	4.7391659655732425
3767	5.041734676158454
3768	5.712049195491671
3769	4.839005872079289
3770	5.47621347939686
3771	5.448834349435355
3772	6.133743324655909
3773	5.733693704167532
3774	4.530643148481729
3775	4.297862157306479
3776	4.903068311188479
3777	4.419682307503486
3778	3.7606744016643843
3779	4.3450372475633205
3780	4.838342146908686
3781	5.2999689273294095
3782	4.612519410918317
3783	4.670757796195695
3784	4.9032401121566895
3785	3.246075714282318
3786	5.533220422053155
3787	4.3967593731774155
3788	5.164820784311653
3789	4.19580689322258
3790	4.2562248094044435
3791	4.718552381949096
3792	5.141875371291658
3793	4.767071519970977
3794	5.004254298503689
3795	3.9903438370180124
3796	3.907414482123735
3797	4.26570680337222
3798	4.024756958296868
3799	4.326897231310365
3800	5.140837160882023
3801	3.4805901860386723
3802	4.539897183167234
3803	4.02913653704782
3804	3.9710888376928297
3805	4.605902543156079
3806	5.09029164090167
3807	3.8778262446057434
3808	3.8562687792040746
3809	3.221056545355614
3810	5.226530835302283
3811	4.678542687671605
3812	4.275823345286156
3813	5.182375033907119
3814	3.990901880241841
3815	4.815128226654654
3816	3.96247209945084
3817	3.733553935728969
3818	4.1624820719979425
3819	5.290886694323248
3820	5.9556148659093004
3821	2.9713943172864323
3822	4.327066703367265
3823	4.190258231578596
3824	3.5988276871825686
3825	4.015683659415579
3826	4.055384928653744
3827	3.6580007603504687
3828	4.518637334130142
3829	4.92577650262535
3830	4.763118124175788
3831	5.142824754446103
3832	4.6080601530123495
3833	4.627612195735151
3834	4.032979097239146
3835	4.316821336387899
3836	4.197950456673491
3837	5.201257284834715
3838	4.5780519313201715
3839	4.462322789367216
3840	4.884268516377901
3841	4.2729814052218655
3842	4.327705437913032
3843	3.9095419605225774
3844	5.883546459448093
3845	4.57145151814967
3846	4.0765161685939075
3847	4.641380810701168
3848	3.249047388597722
3849	5.962440500588537
3850	5.229820903042041
3851	5.304541502576704
3852	5.1315831947613235
3853	3.794848131447642
3854	2.7348181310320903
3855	5.039290544991827
3856	4.290496755918159
3857	5.048886383569529
3858	4.403772530149273
3859	4.648542337146795
3860	4.257172942185154
3861	4.176383787905174
3862	3.9692753893258637
3863	4.33472556850656
3864	4.127568454194368
3865	4.247239006270604
3866	4.782389370429058
3867	5.726793281747268
3868	4.658580003750713
3869	4.054873018667115
3870	3.5247406495063416
3871	3.6482792559665076
3872	4.345751540643559
3873	3.4596540019935027
3874	4.49286945387902
3875	3.704761010926733
3876	3.9688319755991945
3877	3.963437946743338
3878	5.21171419482981
3879	4.472433999023298
3880	4.564936678149808
3881	4.548386108015742
3882	3.5620575375286534
3883	3.7397801979955023
3884	4.462255088082882
3885	3.8941250265122527
3886	4.437690731490939
3887	5.667796733061406
3888	4.516825945399885
3889	4.6698060599455005
3890	3.9384897571044606
3891	3.9884170184721843
3892	3.8742446061250915
3893	4.153261312017531
3894	3.392042633750562
3895	3.6233581019628476
3896	4.815910837602482
3897	4.214688367692386
3898	4.105644248310243
3899	3.416246087188173
3900	5.005268896422988
3901	5.253419118832312
3902	3.3870389558582574
3903	3.9598133609903616
3904	4.639186398642064
3905	4.933996438678477
3906	4.735882798824776
3907	3.739655132342918
3908	4.565378117427587
3909	3.754138531095431
3910	4.802530224855635
3911	4.205392981913547
3912	4.755124042837036
3913	4.185101740511817
3914	2.904027718425727
3915	4.735888932410478
3916	3.2880617109524133
3917	3.7556794339975776
3918	4.653984003857522
3919	4.21799251720031
3920	4.394489830132253
3921	4.048222797360473
3922	3.6151434930632265
3923	3.905155842927073
3924	4.484883524322013
3925	2.886209932022175
3926	4.92889455118031
3927	4.96792999815708
3928	3.3350643740495545
3929	4.147526967140608
3930	4.571910919234016
3931	4.142050154617749
3932	5.845946430479318
3933	4.156251709900516
3934	4.140961045763385
3935	5.135771205647307
3936	3.9889437817628703
3937	3.691312507106303
3938	3.6253763995399804
3939	3.8173884910731424
3940	4.120866428822222
3941	3.693237118168184
3942	4.640713798962523
3943	4.700539972035381
3944	4.931976780810513
3945	3.999826965228897
3946	3.9503920631850935
3947	4.510200422641917
3948	4.112954738918225
3949	5.029524548026032
3950	3.3555078488151615
3951	3.7333141249041804
3952	3.5275536697130425
3953	4.165910475437112
3954	4.533558755463044
3955	3.9509917679068804
3956	3.411618725463648
3957	3.528956985180499
3958	2.628613743432667
3959	3.767102868526261
3960	3.3521245403673614
3961	3.9784922165081733
3962	4.398635639107789
3963	3.9065486249544885
3964	3.827419525891986
3965	3.6211598247766124
3966	4.281158451414852
3967	5.40955308828948
3968	4.516292602446848
3969	4.253778364365969
3970	4.001298461807952
3971	4.994769667670139
3972	4.44706709287163
3973	4.294668172938808
3974	5.238174152237319
3975	3.7110384376006254
3976	4.45451316140357
3977	4.32115901462374
3978	2.7220698866987028
3979	5.36259832616992
3980	3.3358233964629047
3981	4.3726996417602475
3982	4.1502489009887835
3983	3.5297231313681556
3984	2.657954858407819
3985	4.521860717909062
3986	3.819421813585193
3987	3.971378503349476
3988	4.411362673352977
3989	4.080152037514382
3990	4.047077862144201
3991	3.8433560577260844
3992	3.603359661335332
3993	3.8065627029177778
3994	4.443304122428755
3995	3.86845411131184
3996	4.4140615883775
3997	5.025231692052518
3998	4.3883174811732655
3999	2.7747166900331166
4000	4.120079131878077
4001	3.479124803432851
4002	4.475127148831405
4003	3.276760382078205
4004	3.9543687102987066
4005	4.9947320650239835
4006	3.253310949851402
4007	3.2829981554818475
4008	4.18706068813758
4009	5.4101779140653825
4010	4.997966177516799
4011	3.49182455717709
4012	3.475671259888952
4013	4.8410932874510895
4014	3.4539226018084097
4015	3.9516011683851278
4016	3.1411108868573145
4017	4.04512194790537
4018	4.05130552762345
4019	3.4508690043390775
4020	4.091980956753413
4021	3.710994535092226
4022	4.703404425144591
4023	4.961572025132808
4024	4.911652050524863
4025	4.420179206547331
4026	4.236120444931466
4027	3.7325763598922475
4028	5.363514074944035
4029	3.745942975246781
4030	3.5057148306902843
4031	3.5542635593124365
4032	3.91749052947309
4033	3.2536909206246234
4034	3.210180010677291
4035	3.1015512932540696
4036	3.539952699575311
4037	3.6602560710340484
4038	3.226976230552345
4039	3.584303053850993
4040	6.701718075863488
4041	2.6309303820422527
4042	3.24644057003926
4043	3.14694518330929
4044	4.175735731502593
4045	3.2308487031121658
4046	4.751510056518095
4047	3.422606944143602
4048	3.525606880956955
4049	3.7444924037670435
4050	3.697832236317378
4051	3.472804805207264
4052	2.9039289738013987
4053	3.75416673654442
4054	4.42318310276133
4055	3.0948588128649708
4056	3.1807293485487165
4057	4.181694367603882
4058	3.495233657975934
4059	3.798185648609335
4060	3.9768751379654694
4061	3.615332867871481
4062	3.8100416129294605
4063	4.107820351060921
4064	5.036147348107211
4065	4.150980091288252
4066	4.518218454255974
4067	4.594844421019496
4068	4.458299691524014
4069	3.028635355094388
4070	3.6402799395837113
4071	4.2320263301023875
4072	4.790157037166363
4073	3.770373844102793
4074	3.7463917567630447
4075	3.4052790761120706
4076	3.361958580782924
4077	4.19627510327526
4078	3.3763094795939947
4079	3.1149171985542377
4080	3.468646038380256
4081	3.9685784277235405
4082	4.3388929694541
4083	3.698455282480706
4084	3.7525981280886502
4085	3.504810742434016
4086	2.5781675668130966
4087	3.591567580480046
4088	4.0753644475849775
4089	3.032723272921065
4090	2.9448402412833463
4091	4.1955036394735155
4092	3.253221574756001
4093	3.6546413696008724
4094	2.589100801998491
4095	2.973688977011053
4096	4.76124109946311
4097	4.323533093204869
4098	3.5123813630043386
4099	4.772121471164542
4100	3.0473352207390887
4101	3.1834526274232133
4102	3.244300429511736
4103	2.9591532048086435
4104	2.517765335962886
4105	3.7246290068293444
4106	3.9649869621312277
4107	3.6022220175205577
4108	4.830914526998972
4109	3.3280553804730713
4110	3.5509927469823612
4111	5.050212169451418
4112	3.211694577706238
4113	3.453067015838317
4114	4.314126287450108
4115	3.8454380600769467
4116	4.955526154236569
4117	3.6114329353743084
4118	3.3416610780253473
4119	4.152820747739236
4120	2.9811962449961698
4121	3.396312977175419
4122	3.2208153306741014
4123	3.1531657173789505
4124	3.1373740281881233
4125	2.4628606802159907
4126	2.9463430987976604
4127	3.205333677217427
4128	2.5412188093287567
4129	2.4498409575454247
4130	3.1709504473302026
4131	2.885734449664926
4132	4.069428826025096
4133	3.5155156668621794
4134	4.690273470611338
4135	3.639236240039171
4136	3.304604403827142
4137	3.5006749537697432
4138	3.933503348129465
4139	2.3952200610209737
4140	3.0650156563862243
4141	2.69572125399527
4142	3.1338163953998923
4143	2.8326573541941475
4144	3.197079807406755
4145	2.901425894591626
4146	3.061745656092475
4147	3.1773244593482364
4148	3.4331863289437305
4149	3.5185025593347383
4150	3.810446984735225
4151	2.9259781183800104
4152	2.9333122690398095
4153	3.2388295006364647
4154	3.455107485137169
4155	2.3897009241536766
4156	2.6406573169128653
4157	3.248581407554771
4158	3.4615037161360687
4159	3.0883815465974784
4160	2.8684149046205483
4161	2.394621592355397
4162	2.9590759644825937
4163	3.179984614470938
4164	2.2674371224760397
4165	2.848080151562307
4166	3.8014001385291376
4167	2.727436951050365
4168	2.747267834681077
4169	3.0173043401921875
4170	2.7009553103026653
4171	2.921324765470862
4172	2.9283762570065135
4173	2.744023901694227
4174	3.094930314119743
4175	2.95424493850364
4176	2.7399896760504143
4177	2.6264464023861085
4178	3.298256842220851
4179	3.320403721708992
4180	3.305715436677395
4181	3.8373571616065907
4182	2.435401229081411
4183	2.8998494384583893
4184	2.8736898923928424
4185	2.596835820100156
4186	3.8599269044980278
4187	4.406173249184659
4188	3.009511208279639
4189	2.6594544944908347
4190	3.2771502007136273
4191	3.2196156112517382
4192	2.6314068517523865
4193	2.6318493924447743
4194	3.297856250368998
4195	2.9084323652433635
4196	3.967189750695203
4197	3.127228970957142
4198	3.287423885446637
4199	3.031684580235852
4200	2.502188654209965
4201	3.3634514480144557
4202	2.3240355595267963
4203	2.6081762542821156
4204	2.3115566269827803
4205	2.8138640114530746
4206	2.531914942901185
4207	2.646444979976033
4208	3.4837746462465744
4209	3.4389218122444603
4210	2.605566412437805
4211	2.5275276762515824
4212	2.2400002217146366
4213	2.806976120915252
4214	2.3945289768828606
4215	3.142814528695047
4216	2.800252278031773
4217	2.689822713995475
4218	3.2777410344950257
4219	2.475615868588428
4220	3.1771959894699435
4221	3.3284340489471833
4222	2.4411506463331802
4223	2.6359522610177764
4224	2.8514140305053455
4225	2.8650331714387
4226	2.3269864229909465
4227	2.5753908643850334
4228	2.4618617374667844
4229	2.9541817595397197
4230	3.41129376694727
4231	2.7395887365527787
4232	2.590956342274093
4233	2.7181228852990698
4234	2.867474662032633
4235	2.9087595585114663
4236	3.393143542382658
4237	2.359003484717392
4238	2.388572098464607
4239	2.9141718377787873
4240	2.816684207623025
4241	6.250776627647397
4242	4.306722288356433
4243	4.380557544093856
4244	2.850762264213233
4245	2.5797491123771783
4246	2.2752266945543536
4247	2.751904466587551
4248	2.847504696150097
4249	2.6356964616316922
4250	2.444643434454498
4251	3.0104130666223177
4252	2.536024438130595
4253	2.263978358909501
4254	3.025972974447468
4255	2.7496133223483032
4256	2.3750763428041064
4257	2.8927088547828923
4258	2.315339715222203
4259	3.1434922814139394
4260	2.327246448921712
4261	2.7206385884066195
4262	3.32311190401383
4263	3.8718212255922566
4264	2.7104957185019853
4265	2.735443479038058
4266	2.868857658644333
4267	2.277418401924577
4268	2.389926964433444
4269	2.576713334360366
4270	2.7129015607994735
4271	2.161381236441315
4272	5.912123510250842
4273	1.954092807994256
4274	2.25041563817298
4275	2.2674182400492873
4276	2.557622746719686
4277	2.1962492650493535
4278	2.5972140161124417
4279	2.1604904873313973
4280	2.7463204005932136
4281	2.79658818587124
4282	3.431769656139368
4283	2.3749938299919306
4284	2.448996325797925
4285	2.3080330499375217
4286	2.7228090792758928
4287	2.0692562954645894
4288	2.91237989079633
4289	2.117681114774293
4290	2.164370650852926
4291	2.47331507943715
4292	2.136421339531356
4293	2.625725306815797
4294	2.243123133218126
4295	2.2737895702507602
4296	2.1716971583277522
4297	2.335819424641808
4298	1.969687087465266
4299	2.0286048093993116
4300	2.418380456988274
4301	2.374739557387234
4302	2.561542249384748
4303	1.7491573349484546
4304	1.8379707654418573
4305	2.3155729790329573
4306	1.8840049342909992
4307	2.245068017688267
4308	2.0242243916623406
4309	2.5242301867119754
4310	1.8443948022284395
4311	2.8739584453025193
4312	2.445233588120842
4313	1.7417496448993761
4314	1.7539879358225412
4315	1.5369548690576247
4316	1.80121337629623
4317	1.6139367931582989
4318	1.4355022076005826
4319	1.4218075722180865
4320	1.6745170917966803
4321	2.3094722384295094
4322	1.3749811130903673
4323	1.301977631089478
4324	1.3361634112130916
4325	1.9548554528874948
4326	1.4408980006902485
4327	2.1543779662602263
4328	1.2654793512697569
4329	1.254000556723485
4330	1.206476333756405
4331	1.0287531439051376
4332	1.0123884210628797
4333	1.006773191949354
4334	0.996165496498004
4335	0.9741841419380792
4336	1.9742164394680555
4337	1.2756186948819979
4338	1.721399092162272
4339	0.9107137132599541
4340	0.9035767985089542
4341	0.8861810365094409
