cluster1	cluster2	clusterNew	distance	size
408.0	409.0	2176.0	-7.752	223.0
410.0	2176.0	2177.0	-6.524	317.0
1807.0	1985.0	2178.0	-6.151	59.0
1478.0	1976.0	2179.0	-6.046	49.0
1559.0	1830.0	2180.0	-5.979	64.0
1069.0	1918.0	2181.0	-5.911	63.0
407.0	2177.0	2182.0	-5.804	408.0
424.0	1984.0	2183.0	-5.651	134.0
608.0	1509.0	2184.0	-5.393	84.0
1989.0	1998.0	2185.0	-5.266	37.0
216.0	387.0	2186.0	-5.168	213.0
836.0	1906.0	2187.0	-5.144	107.0
188.0	784.0	2188.0	-5.126	131.0
225.0	712.0	2189.0	-5.103	150.0
867.0	1372.0	2190.0	-5.094	111.0
232.0	2149.0	2191.0	-5.092	77.0
1297.0	1742.0	2192.0	-5.088	82.0
848.0	1957.0	2193.0	-5.087	65.0
456.0	2039.0	2194.0	-5.084	98.0
1699.0	2086.0	2195.0	-5.063	45.0
1242.0	2115.0	2196.0	-5.05	70.0
1296.0	1741.0	2197.0	-4.986	94.0
1831.0	2184.0	2198.0	-4.975	108.0
1567.0	1774.0	2199.0	-4.911	103.0
425.0	2178.0	2200.0	-4.867	148.0
162.0	1248.0	2201.0	-4.866	157.0
1071.0	1823.0	2202.0	-4.829	63.0
855.0	1982.0	2203.0	-4.799	100.0
650.0	1966.0	2204.0	-4.765	76.0
319.0	603.0	2205.0	-4.713	109.0
398.0	1352.0	2206.0	-4.695	128.0
1731.0	1872.0	2207.0	-4.692	34.0
1605.0	2195.0	2208.0	-4.687	84.0
1482.0	1757.0	2209.0	-4.646	65.0
422.0	1988.0	2210.0	-4.62	151.0
776.0	1922.0	2211.0	-4.613	78.0
537.0	1777.0	2212.0	-4.595	111.0
4.0	1975.0	2213.0	-4.518	113.0
1354.0	1377.0	2214.0	-4.502	106.0
1885.0	2204.0	2215.0	-4.47	88.0
538.0	1905.0	2216.0	-4.412	96.0
186.0	782.0	2217.0	-4.403	157.0
609.0	1510.0	2218.0	-4.4	100.0
361.0	613.0	2219.0	-4.388	114.0
1179.0	2111.0	2220.0	-4.381	59.0
1700.0	2087.0	2221.0	-4.379	53.0
1070.0	1919.0	2222.0	-4.365	62.0
1678.0	1748.0	2223.0	-4.365	56.0
217.0	388.0	2224.0	-4.356	195.0
170.0	2054.0	2225.0	-4.309	91.0
1404.0	1604.0	2226.0	-4.297	72.0
1990.0	2189.0	2227.0	-4.29	171.0
1250.0	1301.0	2228.0	-4.284	93.0
357.0	916.0	2229.0	-4.283	156.0
158.0	471.0	2230.0	-4.255	166.0
5.0	1177.0	2231.0	-4.252	150.0
1991.0	2183.0	2232.0	-4.252	152.0
583.0	1775.0	2233.0	-4.231	89.0
942.0	1934.0	2234.0	-4.231	99.0
547.0	1244.0	2235.0	-4.21	120.0
96.0	1937.0	2236.0	-4.196	108.0
561.0	1743.0	2237.0	-4.185	82.0
977.0	2135.0	2238.0	-4.182	54.0
161.0	1247.0	2239.0	-4.168	162.0
601.0	2029.0	2240.0	-4.165	63.0
560.0	1176.0	2241.0	-4.155	110.0
559.0	1175.0	2242.0	-4.134	109.0
897.0	2016.0	2243.0	-4.126	88.0
164.0	2179.0	2244.0	-4.125	153.0
1557.0	1680.0	2245.0	-4.125	67.0
1107.0	2096.0	2246.0	-4.097	42.0
2182.0	2194.0	2247.0	-4.085	506.0
1064.0	1960.0	2248.0	-4.078	84.0
883.0	2014.0	2249.0	-4.077	88.0
67.0	219.0	2250.0	-4.066	131.0
1682.0	1783.0	2251.0	-4.062	52.0
835.0	874.0	2252.0	-4.051	100.0
97.0	597.0	2253.0	-4.05	121.0
46.0	1161.0	2254.0	-4.046	118.0
1401.0	1780.0	2255.0	-4.043	61.0
289.0	1936.0	2256.0	-4.04	101.0
1479.0	1491.0	2257.0	-4.04	85.0
1399.0	1448.0	2258.0	-4.028	71.0
78.0	980.0	2259.0	-4.016	101.0
743.0	761.0	2260.0	-4.001	109.0
644.0	709.0	2261.0	-3.995	162.0
956.0	2172.0	2262.0	-3.989	58.0
187.0	2056.0	2263.0	-3.974	105.0
167.0	808.0	2264.0	-3.969	140.0
73.0	1974.0	2265.0	-3.963	75.0
1868.0	2185.0	2266.0	-3.959	47.0
421.0	1824.0	2267.0	-3.949	130.0
1061.0	1599.0	2268.0	-3.949	92.0
779.0	1382.0	2269.0	-3.939	109.0
1186.0	1487.0	2270.0	-3.93	73.0
1038.0	1556.0	2271.0	-3.927	88.0
430.0	2222.0	2272.0	-3.923	124.0
875.0	2187.0	2273.0	-3.913	176.0
773.0	1633.0	2274.0	-3.901	85.0
234.0	1416.0	2275.0	-3.889	101.0
1226.0	1630.0	2276.0	-3.886	86.0
1185.0	1486.0	2277.0	-3.885	84.0
169.0	2053.0	2278.0	-3.879	77.0
433.0	786.0	2279.0	-3.872	127.0
1060.0	1598.0	2280.0	-3.869	101.0
774.0	1645.0	2281.0	-3.862	83.0
144.0	1315.0	2282.0	-3.859	91.0
651.0	1967.0	2283.0	-3.852	70.0
150.0	1239.0	2284.0	-3.844	166.0
149.0	1238.0	2285.0	-3.828	116.0
689.0	1600.0	2286.0	-3.822	73.0
1109.0	1886.0	2287.0	-3.822	60.0
1778.0	1986.0	2288.0	-3.819	59.0
426.0	1915.0	2289.0	-3.818	121.0
910.0	1634.0	2290.0	-3.809	130.0
138.0	869.0	2291.0	-3.79	137.0
218.0	769.0	2292.0	-3.789	123.0
1066.0	1962.0	2293.0	-3.774	85.0
1299.0	2198.0	2294.0	-3.767	155.0
100.0	600.0	2295.0	-3.757	129.0
762.0	857.0	2296.0	-3.748	138.0
1187.0	1488.0	2297.0	-3.737	73.0
1904.0	2212.0	2298.0	-3.732	125.0
659.0	1580.0	2299.0	-3.717	82.0
128.0	2201.0	2300.0	-3.714	221.0
290.0	562.0	2301.0	-3.714	125.0
119.0	459.0	2302.0	-3.707	149.0
432.0	1158.0	2303.0	-3.694	107.0
665.0	739.0	2304.0	-3.693	103.0
643.0	708.0	2305.0	-3.689	151.0
519.0	1663.0	2306.0	-3.68	97.0
1356.0	1746.0	2307.0	-3.671	75.0
229.0	2180.0	2308.0	-3.667	147.0
2216.0	2252.0	2309.0	-3.666	196.0
1387.0	2057.0	2310.0	-3.658	72.0
1490.0	1571.0	2311.0	-3.658	97.0
1182.0	1483.0	2312.0	-3.654	83.0
1251.0	1302.0	2313.0	-3.65	73.0
13.0	927.0	2314.0	-3.646	97.0
1202.0	1827.0	2315.0	-3.636	47.0
1646.0	2058.0	2316.0	-3.617	33.0
816.0	1151.0	2317.0	-3.612	146.0
783.0	2263.0	2318.0	-3.61	175.0
1704.0	1832.0	2319.0	-3.609	68.0
42.0	196.0	2320.0	-3.605	166.0
386.0	1423.0	2321.0	-3.602	114.0
955.0	1525.0	2322.0	-3.597	91.0
1528.0	1980.0	2323.0	-3.59	37.0
70.0	1575.0	2324.0	-3.584	150.0
487.0	1744.0	2325.0	-3.579	99.0
159.0	1339.0	2326.0	-3.575	148.0
429.0	2181.0	2327.0	-3.573	125.0
1155.0	1263.0	2328.0	-3.571	87.0
449.0	577.0	2329.0	-3.567	158.0
1450.0	1747.0	2330.0	-3.564	58.0
142.0	1708.0	2331.0	-3.534	103.0
461.0	929.0	2332.0	-3.532	99.0
785.0	1414.0	2333.0	-3.528	106.0
448.0	1573.0	2334.0	-3.525	153.0
43.0	197.0	2335.0	-3.524	163.0
508.0	604.0	2336.0	-3.52	132.0
145.0	1316.0	2337.0	-3.514	105.0
612.0	1601.0	2338.0	-3.509	100.0
38.0	1545.0	2339.0	-3.503	94.0
944.0	1412.0	2340.0	-3.489	86.0
23.0	1728.0	2341.0	-3.483	101.0
1037.0	1411.0	2342.0	-3.48	97.0
44.0	198.0	2343.0	-3.475	129.0
1279.0	1374.0	2344.0	-3.472	98.0
854.0	1981.0	2345.0	-3.466	83.0
1361.0	1648.0	2346.0	-3.457	54.0
1920.0	2202.0	2347.0	-3.455	81.0
384.0	2273.0	2348.0	-3.452	248.0
1475.0	1914.0	2349.0	-3.451	56.0
146.0	1317.0	2350.0	-3.45	112.0
464.0	1749.0	2351.0	-3.433	86.0
1122.0	1944.0	2352.0	-3.433	70.0
1822.0	2272.0	2353.0	-3.433	146.0
423.0	2266.0	2354.0	-3.431	147.0
849.0	1446.0	2355.0	-3.426	80.0
230.0	1152.0	2356.0	-3.42	144.0
446.0	770.0	2357.0	-3.404	131.0
607.0	1555.0	2358.0	-3.403	105.0
1184.0	1485.0	2359.0	-3.4	79.0
961.0	1596.0	2360.0	-3.396	119.0
1577.0	1979.0	2361.0	-3.395	52.0
163.0	2213.0	2362.0	-3.387	231.0
1403.0	1603.0	2363.0	-3.387	75.0
737.0	1036.0	2364.0	-3.386	93.0
381.0	397.0	2365.0	-3.383	142.0
1340.0	2097.0	2366.0	-3.382	67.0
55.0	2138.0	2367.0	-3.38	94.0
1570.0	2163.0	2368.0	-3.38	56.0
40.0	1547.0	2369.0	-3.372	87.0
1240.0	1730.0	2370.0	-3.371	70.0
277.0	884.0	2371.0	-3.369	136.0
21.0	181.0	2372.0	-3.365	145.0
1089.0	1576.0	2373.0	-3.362	112.0
986.0	1057.0	2374.0	-3.359	108.0
822.0	2004.0	2375.0	-3.355	85.0
6.0	389.0	2376.0	-3.354	184.0
98.0	598.0	2377.0	-3.352	141.0
274.0	622.0	2378.0	-3.352	114.0
1987.0	2232.0	2379.0	-3.352	187.0
735.0	1034.0	2380.0	-3.348	82.0
1869.0	1870.0	2381.0	-3.345	19.0
2218.0	2319.0	2382.0	-3.344	168.0
382.0	1506.0	2383.0	-3.343	123.0
924.0	2246.0	2384.0	-3.343	110.0
1400.0	1449.0	2385.0	-3.34	71.0
385.0	837.0	2386.0	-3.337	161.0
1075.0	1092.0	2387.0	-3.328	76.0
1149.0	2093.0	2388.0	-3.314	68.0
802.0	803.0	2389.0	-3.31	137.0
31.0	2109.0	2390.0	-3.304	100.0
843.0	1873.0	2391.0	-3.304	75.0
1243.0	2116.0	2392.0	-3.304	64.0
985.0	1056.0	2393.0	-3.303	93.0
88.0	316.0	2394.0	-3.298	127.0
1076.0	1093.0	2395.0	-3.282	87.0
165.0	1977.0	2396.0	-3.281	94.0
395.0	1440.0	2397.0	-3.277	117.0
1271.0	1318.0	2398.0	-3.27	104.0
1726.0	1867.0	2399.0	-3.268	58.0
798.0	2247.0	2400.0	-3.266	589.0
66.0	2292.0	2401.0	-3.265	190.0
1191.0	1907.0	2402.0	-3.262	57.0
928.0	1373.0	2403.0	-3.254	92.0
281.0	1393.0	2404.0	-3.253	87.0
610.0	1027.0	2405.0	-3.243	142.0
1065.0	1961.0	2406.0	-3.242	81.0
304.0	1863.0	2407.0	-3.236	95.0
15.0	1853.0	2408.0	-3.23	85.0
1701.0	1793.0	2409.0	-3.229	77.0
851.0	2139.0	2410.0	-3.223	77.0
68.0	1040.0	2411.0	-3.221	156.0
482.0	2136.0	2412.0	-3.221	75.0
1558.0	1723.0	2413.0	-3.22	58.0
915.0	1933.0	2414.0	-3.219	105.0
873.0	2200.0	2415.0	-3.2	203.0
1353.0	1376.0	2416.0	-3.196	124.0
428.0	1790.0	2417.0	-3.194	98.0
618.0	2265.0	2418.0	-3.194	141.0
137.0	868.0	2419.0	-3.192	135.0
1217.0	1515.0	2420.0	-3.187	96.0
1683.0	1703.0	2421.0	-3.186	85.0
1826.0	2231.0	2422.0	-3.183	179.0
14.0	450.0	2423.0	-3.181	148.0
941.0	1875.0	2424.0	-3.179	81.0
460.0	898.0	2425.0	-3.173	105.0
269.0	2255.0	2426.0	-3.17	106.0
653.0	988.0	2427.0	-3.169	96.0
1705.0	1847.0	2428.0	-3.169	65.0
72.0	1745.0	2429.0	-3.164	91.0
1578.0	1721.0	2430.0	-3.155	61.0
65.0	926.0	2431.0	-3.154	145.0
61.0	2037.0	2432.0	-3.153	98.0
853.0	1750.0	2433.0	-3.145	76.0
1503.0	1727.0	2434.0	-3.141	59.0
126.0	994.0	2435.0	-3.137	209.0
736.0	1035.0	2436.0	-3.13	95.0
742.0	760.0	2437.0	-3.122	107.0
209.0	1441.0	2438.0	-3.121	128.0
37.0	1544.0	2439.0	-3.118	116.0
441.0	1860.0	2440.0	-3.09	98.0
1562.0	1799.0	2441.0	-3.084	59.0
168.0	809.0	2442.0	-3.078	127.0
578.0	611.0	2443.0	-3.078	128.0
1606.0	2221.0	2444.0	-3.078	86.0
649.0	1965.0	2445.0	-3.075	78.0
692.0	2251.0	2446.0	-3.073	115.0
790.0	829.0	2447.0	-3.071	127.0
648.0	976.0	2448.0	-3.066	89.0
1938.0	2253.0	2449.0	-3.066	131.0
237.0	1896.0	2450.0	-3.065	72.0
1120.0	1480.0	2451.0	-3.056	97.0
536.0	1718.0	2452.0	-3.055	121.0
135.0	383.0	2453.0	-3.045	199.0
791.0	1736.0	2454.0	-3.04	91.0
2271.0	2316.0	2455.0	-3.032	121.0
677.0	943.0	2456.0	-3.031	150.0
1262.0	1917.0	2457.0	-3.03	60.0
133.0	286.0	2458.0	-3.027	136.0
1298.0	2308.0	2459.0	-3.02	192.0
1519.0	1635.0	2460.0	-3.016	80.0
468.0	1569.0	2461.0	-3.012	120.0
1396.0	1970.0	2462.0	-3.011	63.0
1661.0	1732.0	2463.0	-3.01	50.0
19.0	950.0	2464.0	-3.007	154.0
1320.0	1939.0	2465.0	-3.006	26.0
700.0	2133.0	2466.0	-3.001	80.0
1283.0	1392.0	2467.0	-3.001	97.0
9.0	2008.0	2468.0	-2.997	88.0
1647.0	2059.0	2469.0	-2.994	33.0
8.0	620.0	2470.0	-2.99	151.0
362.0	1305.0	2471.0	-2.987	139.0
1137.0	1756.0	2472.0	-2.987	71.0
919.0	2063.0	2473.0	-2.985	67.0
679.0	806.0	2474.0	-2.984	114.0
438.0	646.0	2475.0	-2.975	123.0
427.0	918.0	2476.0	-2.973	158.0
1993.0	2288.0	2477.0	-2.971	69.0
1291.0	1650.0	2478.0	-2.966	83.0
104.0	488.0	2479.0	-2.958	157.0
45.0	199.0	2480.0	-2.957	136.0
1945.0	2013.0	2481.0	-2.956	27.0
893.0	1686.0	2482.0	-2.952	91.0
358.0	2188.0	2483.0	-2.949	226.0
1394.0	1501.0	2484.0	-2.949	66.0
64.0	457.0	2485.0	-2.948	174.0
140.0	871.0	2486.0	-2.939	142.0
49.0	1203.0	2487.0	-2.935	129.0
132.0	285.0	2488.0	-2.933	121.0
452.0	1165.0	2489.0	-2.93	140.0
1881.0	2217.0	2490.0	-2.929	177.0
877.0	1752.0	2491.0	-2.926	113.0
616.0	2214.0	2492.0	-2.923	172.0
1430.0	2207.0	2493.0	-2.918	75.0
7.0	619.0	2494.0	-2.917	145.0
431.0	2347.0	2495.0	-2.917	147.0
1760.0	1866.0	2496.0	-2.917	61.0
1751.0	2345.0	2497.0	-2.912	102.0
579.0	1825.0	2498.0	-2.91	105.0
548.0	1245.0	2499.0	-2.909	132.0
550.0	1935.0	2500.0	-2.909	86.0
800.0	1201.0	2501.0	-2.907	189.0
1355.0	1378.0	2502.0	-2.903	83.0
763.0	2041.0	2503.0	-2.901	66.0
797.0	878.0	2504.0	-2.896	148.0
401.0	1949.0	2505.0	-2.895	90.0
617.0	1973.0	2506.0	-2.895	72.0
1526.0	2262.0	2507.0	-2.892	100.0
1246.0	2088.0	2508.0	-2.89	59.0
1472.0	1940.0	2509.0	-2.888	58.0
554.0	775.0	2510.0	-2.883	124.0
270.0	1781.0	2511.0	-2.879	71.0
1386.0	1434.0	2512.0	-2.875	88.0
47.0	1385.0	2513.0	-2.871	130.0
996.0	2090.0	2514.0	-2.868	82.0
2171.0	2322.0	2515.0	-2.865	99.0
99.0	599.0	2516.0	-2.864	117.0
1409.0	1535.0	2517.0	-2.864	62.0
1192.0	2286.0	2518.0	-2.863	110.0
930.0	1755.0	2519.0	-2.86	114.0
151.0	804.0	2520.0	-2.858	165.0
1183.0	1484.0	2521.0	-2.848	85.0
1461.0	2323.0	2522.0	-2.846	76.0
184.0	2278.0	2523.0	-2.845	157.0
307.0	934.0	2524.0	-2.844	104.0
1154.0	2457.0	2525.0	-2.844	112.0
26.0	998.0	2526.0	-2.843	116.0
481.0	486.0	2527.0	-2.842	136.0
1549.0	2084.0	2528.0	-2.842	36.0
233.0	435.0	2529.0	-2.84	152.0
520.0	1664.0	2530.0	-2.839	126.0
154.0	2091.0	2531.0	-2.826	95.0
1574.0	2358.0	2532.0	-2.816	149.0
1560.0	2009.0	2533.0	-2.811	54.0
682.0	1729.0	2534.0	-2.806	75.0
93.0	1806.0	2535.0	-2.803	88.0
343.0	1312.0	2536.0	-2.798	101.0
77.0	979.0	2537.0	-2.795	102.0
894.0	1395.0	2538.0	-2.795	81.0
952.0	1110.0	2539.0	-2.794	110.0
51.0	288.0	2540.0	-2.79	126.0
2300.0	2376.0	2541.0	-2.787	405.0
1579.0	1722.0	2542.0	-2.782	41.0
823.0	2005.0	2543.0	-2.779	76.0
1453.0	1619.0	2544.0	-2.777	75.0
1473.0	2295.0	2545.0	-2.776	168.0
777.0	2283.0	2546.0	-2.769	131.0
1173.0	1275.0	2547.0	-2.769	96.0
322.0	1090.0	2548.0	-2.762	123.0
1964.0	2341.0	2549.0	-2.76	116.0
1398.0	1994.0	2550.0	-2.758	48.0
744.0	870.0	2551.0	-2.756	135.0
279.0	2421.0	2552.0	-2.753	172.0
1642.0	2427.0	2553.0	-2.753	128.0
1828.0	2245.0	2554.0	-2.752	92.0
1106.0	2095.0	2555.0	-2.748	59.0
2219.0	2344.0	2556.0	-2.747	212.0
1665.0	2310.0	2557.0	-2.739	118.0
171.0	621.0	2558.0	-2.738	113.0
1861.0	2336.0	2559.0	-2.738	151.0
997.0	1675.0	2560.0	-2.735	82.0
844.0	2335.0	2561.0	-2.728	222.0
614.0	2206.0	2562.0	-2.721	197.0
107.0	1923.0	2563.0	-2.72	75.0
2186.0	2298.0	2564.0	-2.718	338.0
241.0	1763.0	2565.0	-2.717	109.0
1443.0	1452.0	2566.0	-2.708	61.0
838.0	1908.0	2567.0	-2.707	75.0
1901.0	2249.0	2568.0	-2.705	111.0
491.0	1948.0	2569.0	-2.704	87.0
819.0	896.0	2570.0	-2.703	142.0
390.0	1477.0	2571.0	-2.702	105.0
268.0	1996.0	2572.0	-2.701	47.0
378.0	1502.0	2573.0	-2.69	94.0
970.0	1172.0	2574.0	-2.687	101.0
818.0	1849.0	2575.0	-2.686	99.0
957.0	1527.0	2576.0	-2.68	109.0
772.0	931.0	2577.0	-2.671	103.0
982.0	2223.0	2578.0	-2.67	106.0
1865.0	2281.0	2579.0	-2.668	109.0
596.0	2236.0	2580.0	-2.667	176.0
1222.0	1771.0	2581.0	-2.663	81.0
129.0	1997.0	2582.0	-2.658	87.0
156.0	647.0	2583.0	-2.658	147.0
2224.0	2239.0	2584.0	-2.658	357.0
102.0	602.0	2585.0	-2.657	146.0
780.0	1383.0	2586.0	-2.657	138.0
1304.0	1857.0	2587.0	-2.657	56.0
1761.0	1884.0	2588.0	-2.655	49.0
478.0	2342.0	2589.0	-2.653	160.0
76.0	978.0	2590.0	-2.652	117.0
1694.0	1805.0	2591.0	-2.641	68.0
1300.0	2346.0	2592.0	-2.64	109.0
75.0	95.0	2593.0	-2.637	142.0
394.0	404.0	2594.0	-2.634	129.0
1205.0	1602.0	2595.0	-2.634	98.0
778.0	1381.0	2596.0	-2.633	130.0
1216.0	1514.0	2597.0	-2.63	107.0
39.0	1546.0	2598.0	-2.627	105.0
309.0	1856.0	2599.0	-2.625	79.0
497.0	895.0	2600.0	-2.623	145.0
834.0	1447.0	2601.0	-2.622	83.0
726.0	1616.0	2602.0	-2.621	91.0
517.0	2085.0	2603.0	-2.618	96.0
615.0	1903.0	2604.0	-2.605	97.0
1876.0	2234.0	2605.0	-2.603	119.0
2113.0	2274.0	2606.0	-2.598	91.0
33.0	1336.0	2607.0	-2.596	133.0
405.0	1029.0	2608.0	-2.596	84.0
1059.0	1597.0	2609.0	-2.595	131.0
231.0	1667.0	2610.0	-2.586	109.0
1588.0	1797.0	2611.0	-2.583	59.0
1851.0	2348.0	2612.0	-2.579	272.0
63.0	399.0	2613.0	-2.569	141.0
655.0	1644.0	2614.0	-2.562	110.0
62.0	1319.0	2615.0	-2.561	107.0
638.0	2289.0	2616.0	-2.56	188.0
48.0	437.0	2617.0	-2.558	165.0
666.0	740.0	2618.0	-2.558	90.0
640.0	1068.0	2619.0	-2.555	107.0
1188.0	1489.0	2620.0	-2.553	82.0
1927.0	2074.0	2621.0	-2.551	33.0
711.0	2267.0	2622.0	-2.55	214.0
815.0	1548.0	2623.0	-2.542	120.0
91.0	103.0	2624.0	-2.541	128.0
210.0	1451.0	2625.0	-2.541	132.0
637.0	1959.0	2626.0	-2.541	84.0
455.0	2038.0	2627.0	-2.538	103.0
1410.0	1673.0	2628.0	-2.535	65.0
817.0	2197.0	2629.0	-2.533	150.0
539.0	2468.0	2630.0	-2.531	197.0
2317.0	2428.0	2631.0	-2.53	211.0
1679.0	1698.0	2632.0	-2.529	40.0
447.0	2321.0	2633.0	-2.52	195.0
1098.0	1565.0	2634.0	-2.52	91.0
1156.0	1264.0	2635.0	-2.512	89.0
1583.0	2238.0	2636.0	-2.508	92.0
2375.0	2599.0	2637.0	-2.504	164.0
2062.0	2476.0	2638.0	-2.501	164.0
892.0	1637.0	2639.0	-2.5	123.0
393.0	2258.0	2640.0	-2.499	133.0
973.0	1277.0	2641.0	-2.499	95.0
1474.0	2609.0	2642.0	-2.499	173.0
1195.0	1537.0	2643.0	-2.497	98.0
551.0	2256.0	2644.0	-2.493	150.0
185.0	2225.0	2645.0	-2.484	163.0
1554.0	1759.0	2646.0	-2.484	115.0
22.0	223.0	2647.0	-2.483	136.0
411.0	2400.0	2648.0	-2.483	654.0
999.0	1390.0	2649.0	-2.482	75.0
1766.0	2011.0	2650.0	-2.481	48.0
353.0	1930.0	2651.0	-2.479	105.0
1084.0	2248.0	2652.0	-2.479	138.0
2244.0	2422.0	2653.0	-2.478	332.0
305.0	1864.0	2654.0	-2.477	92.0
371.0	1613.0	2655.0	-2.469	116.0
2230.0	2302.0	2656.0	-2.461	315.0
1270.0	2350.0	2657.0	-2.46	171.0
850.0	2303.0	2658.0	-2.454	179.0
480.0	485.0	2659.0	-2.449	134.0
805.0	1359.0	2660.0	-2.448	78.0
987.0	1058.0	2661.0	-2.441	119.0
330.0	2287.0	2662.0	-2.435	133.0
235.0	1417.0	2663.0	-2.434	94.0
1033.0	1888.0	2664.0	-2.432	43.0
1221.0	1770.0	2665.0	-2.428	91.0
1077.0	1094.0	2666.0	-2.423	85.0
1695.0	2148.0	2667.0	-2.421	43.0
18.0	949.0	2668.0	-2.42	161.0
434.0	2191.0	2669.0	-2.42	135.0
974.0	1174.0	2670.0	-2.42	110.0
505.0	2105.0	2671.0	-2.419	82.0
852.0	904.0	2672.0	-2.417	126.0
338.0	821.0	2673.0	-2.416	154.0
141.0	2250.0	2674.0	-2.415	203.0
1508.0	2459.0	2675.0	-2.414	244.0
1282.0	1928.0	2676.0	-2.41	75.0
741.0	759.0	2677.0	-2.407	128.0
276.0	807.0	2678.0	-2.406	108.0
1357.0	1380.0	2679.0	-2.403	56.0
1978.0	2373.0	2680.0	-2.399	119.0
914.0	940.0	2681.0	-2.391	150.0
125.0	899.0	2682.0	-2.39	165.0
2092.0	2567.0	2683.0	-2.389	85.0
320.0	2137.0	2684.0	-2.386	60.0
166.0	2362.0	2685.0	-2.373	321.0
157.0	470.0	2686.0	-2.367	157.0
191.0	402.0	2687.0	-2.366	160.0
1454.0	1620.0	2688.0	-2.365	61.0
106.0	1073.0	2689.0	-2.364	101.0
2237.0	2593.0	2690.0	-2.36	224.0
139.0	2233.0	2691.0	-2.359	164.0
205.0	571.0	2692.0	-2.351	124.0
542.0	2433.0	2693.0	-2.349	142.0
879.0	2296.0	2694.0	-2.349	213.0
1421.0	2022.0	2695.0	-2.347	55.0
224.0	2549.0	2696.0	-2.345	200.0
472.0	1550.0	2697.0	-2.345	81.0
1338.0	2630.0	2698.0	-2.344	261.0
1164.0	1877.0	2699.0	-2.339	72.0
380.0	1504.0	2700.0	-2.338	89.0
1963.0	2434.0	2701.0	-2.338	73.0
1227.0	1631.0	2702.0	-2.335	85.0
2055.0	2490.0	2703.0	-2.335	186.0
1950.0	2352.0	2704.0	-2.331	91.0
1517.0	2606.0	2705.0	-2.329	113.0
1078.0	1095.0	2706.0	-2.328	62.0
1326.0	2203.0	2707.0	-2.327	147.0
87.0	315.0	2708.0	-2.326	133.0
101.0	1023.0	2709.0	-2.326	130.0
584.0	1754.0	2710.0	-2.324	109.0
953.0	1523.0	2711.0	-2.323	87.0
1415.0	2279.0	2712.0	-2.32	162.0
652.0	1641.0	2713.0	-2.316	86.0
963.0	2349.0	2714.0	-2.312	130.0
989.0	1643.0	2715.0	-2.311	85.0
116.0	155.0	2716.0	-2.306	160.0
396.0	406.0	2717.0	-2.302	146.0
1331.0	2458.0	2718.0	-2.302	173.0
272.0	2477.0	2719.0	-2.298	120.0
1086.0	1235.0	2720.0	-2.298	100.0
1512.0	2073.0	2721.0	-2.296	76.0
111.0	668.0	2722.0	-2.295	124.0
632.0	1067.0	2723.0	-2.291	119.0
415.0	1241.0	2724.0	-2.29	126.0
1624.0	2112.0	2725.0	-2.29	33.0
360.0	2403.0	2726.0	-2.287	188.0
228.0	687.0	2727.0	-2.286	102.0
1074.0	1091.0	2728.0	-2.285	84.0
1492.0	2505.0	2729.0	-2.279	138.0
74.0	2571.0	2730.0	-2.276	174.0
94.0	2412.0	2731.0	-2.276	171.0
255.0	2015.0	2732.0	-2.275	83.0
582.0	2199.0	2733.0	-2.275	159.0
349.0	1081.0	2734.0	-2.274	148.0
1290.0	1470.0	2735.0	-2.273	100.0
256.0	2001.0	2736.0	-2.269	76.0
755.0	1638.0	2737.0	-2.268	92.0
500.0	1178.0	2738.0	-2.267	102.0
213.0	799.0	2739.0	-2.263	206.0
1610.0	2215.0	2740.0	-2.263	116.0
287.0	1204.0	2741.0	-2.258	99.0
1199.0	2320.0	2742.0	-2.25	211.0
1375.0	2415.0	2743.0	-2.249	249.0
832.0	1162.0	2744.0	-2.241	79.0
2152.0	2495.0	2745.0	-2.238	152.0
1142.0	1231.0	2746.0	-2.237	126.0
1796.0	2429.0	2747.0	-2.233	116.0
1062.0	2449.0	2748.0	-2.232	181.0
2417.0	2619.0	2749.0	-2.231	205.0
880.0	2503.0	2750.0	-2.228	147.0
176.0	1397.0	2751.0	-2.227	96.0
52.0	222.0	2752.0	-2.226	130.0
872.0	2379.0	2753.0	-2.222	252.0
1720.0	2361.0	2754.0	-2.222	71.0
1758.0	1768.0	2755.0	-2.217	84.0
1916.0	2493.0	2756.0	-2.215	93.0
282.0	2514.0	2757.0	-2.213	139.0
193.0	1439.0	2758.0	-2.212	109.0
1337.0	1438.0	2759.0	-2.212	104.0
1153.0	2610.0	2760.0	-2.208	169.0
36.0	1543.0	2761.0	-2.206	100.0
71.0	1972.0	2762.0	-2.205	85.0
206.0	1105.0	2763.0	-2.205	121.0
1043.0	1835.0	2764.0	-2.204	103.0
1025.0	1028.0	2765.0	-2.198	108.0
1150.0	1829.0	2766.0	-2.195	66.0
771.0	1180.0	2767.0	-2.192	104.0
379.0	2291.0	2768.0	-2.191	192.0
2031.0	2114.0	2769.0	-2.187	20.0
412.0	842.0	2770.0	-2.184	131.0
451.0	1388.0	2771.0	-2.181	112.0
833.0	2297.0	2772.0	-2.179	122.0
756.0	2211.0	2773.0	-2.178	131.0
264.0	2024.0	2774.0	-2.176	87.0
1063.0	1273.0	2775.0	-2.175	125.0
2156.0	2500.0	2776.0	-2.174	91.0
11.0	975.0	2777.0	-2.173	111.0
1719.0	2564.0	2778.0	-2.168	374.0
24.0	153.0	2779.0	-2.166	132.0
969.0	1099.0	2780.0	-2.165	116.0
121.0	160.0	2781.0	-2.163	181.0
698.0	1621.0	2782.0	-2.162	93.0
1707.0	2575.0	2783.0	-2.162	147.0
1332.0	1943.0	2784.0	-2.157	60.0
1169.0	2447.0	2785.0	-2.155	169.0
1460.0	2119.0	2786.0	-2.15	41.0
856.0	1102.0	2787.0	-2.148	117.0
3.0	2418.0	2788.0	-2.147	256.0
263.0	1088.0	2789.0	-2.144	128.0
124.0	1363.0	2790.0	-2.133	163.0
377.0	499.0	2791.0	-2.133	102.0
1458.0	2627.0	2792.0	-2.133	118.0
1295.0	1740.0	2793.0	-2.125	79.0
127.0	725.0	2794.0	-2.122	166.0
580.0	1358.0	2795.0	-2.121	102.0
1249.0	2592.0	2796.0	-2.115	164.0
328.0	1237.0	2797.0	-2.114	101.0
1636.0	1684.0	2798.0	-2.112	104.0
2309.0	2453.0	2799.0	-2.11	395.0
2040.0	2694.0	2800.0	-2.105	222.0
2357.0	2425.0	2801.0	-2.097	236.0
352.0	1929.0	2802.0	-2.096	92.0
416.0	2196.0	2803.0	-2.095	129.0
2416.0	2604.0	2804.0	-2.09	221.0
1753.0	1983.0	2805.0	-2.081	50.0
1431.0	2463.0	2806.0	-2.079	87.0
130.0	1850.0	2807.0	-2.077	104.0
900.0	2448.0	2808.0	-2.077	166.0
392.0	2492.0	2809.0	-2.076	251.0
2556.0	2633.0	2810.0	-2.074	407.0
1080.0	2166.0	2811.0	-2.073	38.0
466.0	2497.0	2812.0	-2.06	172.0
2469.0	2538.0	2813.0	-2.053	114.0
902.0	1321.0	2814.0	-2.052	101.0
152.0	2190.0	2815.0	-2.051	195.0
215.0	2475.0	2816.0	-2.043	186.0
678.0	2354.0	2817.0	-2.039	219.0
462.0	2061.0	2818.0	-2.036	65.0
954.0	1524.0	2819.0	-2.035	91.0
1362.0	2228.0	2820.0	-2.034	134.0
1791.0	2327.0	2821.0	-2.034	154.0
1958.0	2355.0	2822.0	-2.034	93.0
882.0	2460.0	2823.0	-2.029	146.0
1706.0	1848.0	2824.0	-2.028	68.0
1476.0	1971.0	2825.0	-2.025	54.0
391.0	1189.0	2826.0	-2.024	122.0
1505.0	2276.0	2827.0	-2.024	119.0
1462.0	1529.0	2828.0	-2.02	70.0
557.0	630.0	2829.0	-2.014	131.0
820.0	2243.0	2830.0	-2.007	162.0
484.0	788.0	2831.0	-2.003	148.0
333.0	2170.0	2832.0	-2.0	69.0
1140.0	1232.0	2833.0	-1.999	127.0
1666.0	1952.0	2834.0	-1.997	73.0
1085.0	1234.0	2835.0	-1.992	105.0
795.0	1456.0	2836.0	-1.989	102.0
2010.0	2569.0	2837.0	-1.985	104.0
16.0	1632.0	2838.0	-1.983	111.0
417.0	787.0	2839.0	-1.981	121.0
201.0	812.0	2840.0	-1.973	143.0
476.0	2517.0	2841.0	-1.973	116.0
1215.0	1513.0	2842.0	-1.973	76.0
1429.0	1838.0	2843.0	-1.972	51.0
826.0	1323.0	2844.0	-1.969	98.0
83.0	532.0	2845.0	-1.965	100.0
89.0	317.0	2846.0	-1.965	133.0
734.0	2664.0	2847.0	-1.961	94.0
1379.0	2307.0	2848.0	-1.958	113.0
291.0	563.0	2849.0	-1.956	125.0
676.0	2605.0	2850.0	-1.955	183.0
2229.0	2318.0	2851.0	-1.95	331.0
1609.0	2445.0	2852.0	-1.948	111.0
510.0	1511.0	2853.0	-1.946	125.0
1614.0	2807.0	2854.0	-1.945	131.0
589.0	1159.0	2855.0	-1.944	77.0
1042.0	1834.0	2856.0	-1.944	100.0
845.0	1322.0	2857.0	-1.938	113.0
1640.0	2546.0	2858.0	-1.938	178.0
1507.0	1992.0	2859.0	-1.937	47.0
840.0	2618.0	2860.0	-1.933	139.0
2107.0	2205.0	2861.0	-1.932	114.0
337.0	2612.0	2862.0	-1.93	360.0
794.0	922.0	2863.0	-1.916	116.0
1146.0	1445.0	2864.0	-1.916	68.0
1670.0	1710.0	2865.0	-1.916	49.0
294.0	634.0	2866.0	-1.915	125.0
195.0	1660.0	2867.0	-1.911	89.0
0.0	2094.0	2868.0	-1.907	110.0
690.0	2511.0	2869.0	-1.906	100.0
1145.0	1444.0	2870.0	-1.9	75.0
1160.0	1265.0	2871.0	-1.898	87.0
2411.0	2413.0	2872.0	-1.898	214.0
1639.0	2773.0	2873.0	-1.897	176.0
341.0	1310.0	2874.0	-1.892	109.0
1328.0	1413.0	2875.0	-1.886	68.0
971.0	2508.0	2876.0	-1.877	120.0
1787.0	2158.0	2877.0	-1.871	41.0
2049.0	2120.0	2878.0	-1.871	17.0
278.0	2676.0	2879.0	-1.863	164.0
827.0	1324.0	2880.0	-1.859	102.0
2210.0	2381.0	2881.0	-1.854	170.0
1862.0	2164.0	2882.0	-1.849	38.0
108.0	839.0	2883.0	-1.846	115.0
2326.0	2384.0	2884.0	-1.839	258.0
2140.0	2268.0	2885.0	-1.835	99.0
1855.0	2582.0	2886.0	-1.834	104.0
2.0	2732.0	2887.0	-1.833	178.0
212.0	1200.0	2888.0	-1.827	114.0
1530.0	2740.0	2889.0	-1.825	147.0
1325.0	2513.0	2890.0	-1.824	174.0
1932.0	1946.0	2891.0	-1.82	43.0
1467.0	2132.0	2892.0	-1.819	73.0
143.0	1314.0	2893.0	-1.809	108.0
1887.0	2539.0	2894.0	-1.808	122.0
2644.0	2752.0	2895.0	-1.807	280.0
283.0	2643.0	2896.0	-1.801	158.0
1615.0	2555.0	2897.0	-1.799	89.0
938.0	1206.0	2898.0	-1.798	107.0
2089.0	2528.0	2899.0	-1.798	43.0
2486.0	2698.0	2900.0	-1.796	403.0
1289.0	1469.0	2901.0	-1.795	113.0
54.0	2684.0	2902.0	-1.79	150.0
321.0	2340.0	2903.0	-1.788	163.0
1039.0	2399.0	2904.0	-1.787	109.0
752.0	2127.0	2905.0	-1.786	74.0
521.0	1702.0	2906.0	-1.784	116.0
937.0	1818.0	2907.0	-1.783	80.0
631.0	2293.0	2908.0	-1.782	151.0
1341.0	2893.0	2909.0	-1.781	153.0
220.0	1902.0	2910.0	-1.772	73.0
766.0	1925.0	2911.0	-1.771	78.0
50.0	2554.0	2912.0	-1.769	168.0
828.0	1168.0	2913.0	-1.768	95.0
194.0	824.0	2914.0	-1.766	138.0
1269.0	2337.0	2915.0	-1.766	154.0
1335.0	2324.0	2916.0	-1.766	197.0
2165.0	2290.0	2917.0	-1.757	135.0
260.0	965.0	2918.0	-1.753	128.0
2712.0	2756.0	2919.0	-1.749	255.0
374.0	2884.0	2920.0	-1.746	312.0
991.0	1334.0	2921.0	-1.745	102.0
1795.0	2814.0	2922.0	-1.744	117.0
280.0	912.0	2923.0	-1.734	123.0
1041.0	2007.0	2924.0	-1.729	77.0
1009.0	1520.0	2925.0	-1.727	84.0
1311.0	1846.0	2926.0	-1.725	66.0
667.0	2372.0	2927.0	-1.723	196.0
1677.0	2912.0	2928.0	-1.722	200.0
238.0	1897.0	2929.0	-1.721	87.0
211.0	546.0	2930.0	-1.72	177.0
1553.0	2100.0	2931.0	-1.72	33.0
1909.0	2800.0	2932.0	-1.717	246.0
636.0	1051.0	2933.0	-1.716	95.0
120.0	1135.0	2934.0	-1.714	112.0
738.0	1008.0	2935.0	-1.713	75.0
724.0	1052.0	2936.0	-1.708	122.0
1220.0	1842.0	2937.0	-1.706	73.0
359.0	2385.0	2938.0	-1.704	171.0
454.0	1564.0	2939.0	-1.701	118.0
489.0	1087.0	2940.0	-1.701	137.0
348.0	2811.0	2941.0	-1.699	136.0
2146.0	2628.0	2942.0	-1.699	74.0
1384.0	1956.0	2943.0	-1.698	74.0
261.0	1276.0	2944.0	-1.694	124.0
2501.0	2739.0	2945.0	-1.694	395.0
1779.0	2430.0	2946.0	-1.692	82.0
906.0	2193.0	2947.0	-1.689	128.0
1026.0	2382.0	2948.0	-1.688	231.0
1649.0	2820.0	2949.0	-1.688	160.0
909.0	1371.0	2950.0	-1.686	111.0
339.0	2795.0	2951.0	-1.683	161.0
2020.0	2695.0	2952.0	-1.68	79.0
1612.0	1690.0	2953.0	-1.679	52.0
758.0	2117.0	2954.0	-1.676	79.0
2277.0	2498.0	2955.0	-1.674	189.0
118.0	458.0	2956.0	-1.67	137.0
1121.0	1481.0	2957.0	-1.664	101.0
284.0	2491.0	2958.0	-1.656	190.0
672.0	2269.0	2959.0	-1.656	168.0
2455.0	2496.0	2960.0	-1.653	182.0
642.0	707.0	2961.0	-1.652	148.0
439.0	2060.0	2962.0	-1.651	87.0
1568.0	2161.0	2963.0	-1.647	48.0
504.0	605.0	2964.0	-1.646	111.0
920.0	2870.0	2965.0	-1.645	122.0
60.0	2036.0	2966.0	-1.644	97.0
765.0	1924.0	2967.0	-1.635	73.0
847.0	1821.0	2968.0	-1.63	79.0
524.0	1521.0	2969.0	-1.621	76.0
2601.0	2620.0	2970.0	-1.621	165.0
467.0	1163.0	2971.0	-1.619	131.0
1674.0	1714.0	2972.0	-1.618	37.0
2208.0	2681.0	2973.0	-1.615	234.0
1586.0	2333.0	2974.0	-1.614	137.0
1351.0	2028.0	2975.0	-1.611	70.0
334.0	2841.0	2976.0	-1.608	186.0
1024.0	1425.0	2977.0	-1.606	118.0
2257.0	2533.0	2978.0	-1.604	139.0
1166.0	2339.0	2979.0	-1.603	148.0
767.0	1926.0	2980.0	-1.6	63.0
639.0	2638.0	2981.0	-1.599	228.0
745.0	746.0	2982.0	-1.599	121.0
57.0	2033.0	2983.0	-1.598	114.0
134.0	2383.0	2984.0	-1.597	200.0
1349.0	2504.0	2985.0	-1.596	195.0
469.0	2583.0	2986.0	-1.593	231.0
764.0	2042.0	2987.0	-1.592	95.0
753.0	2128.0	2988.0	-1.591	64.0
1224.0	1773.0	2989.0	-1.591	103.0
346.0	2363.0	2990.0	-1.589	154.0
2406.0	2829.0	2991.0	-1.585	212.0
1208.0	2894.0	2992.0	-1.584	174.0
1293.0	1402.0	2993.0	-1.584	112.0
901.0	2636.0	2994.0	-1.578	161.0
2045.0	2437.0	2995.0	-1.578	120.0
259.0	1274.0	2996.0	-1.576	125.0
1784.0	2552.0	2997.0	-1.57	200.0
347.0	2226.0	2998.0	-1.568	159.0
306.0	933.0	2999.0	-1.567	123.0
654.0	2715.0	3000.0	-1.564	143.0
1442.0	1776.0	3001.0	-1.561	56.0
1671.0	1711.0	3002.0	-1.557	42.0
1139.0	1518.0	3003.0	-1.552	90.0
946.0	1141.0	3004.0	-1.546	134.0
345.0	2595.0	3005.0	-1.545	159.0
1360.0	2753.0	3006.0	-1.544	289.0
207.0	573.0	3007.0	-1.542	154.0
2315.0	2738.0	3008.0	-1.542	149.0
558.0	1911.0	3009.0	-1.541	91.0
1422.0	2726.0	3010.0	-1.539	242.0
1259.0	1309.0	3011.0	-1.535	84.0
1459.0	2284.0	3012.0	-1.533	190.0
501.0	2408.0	3013.0	-1.526	135.0
1408.0	2832.0	3014.0	-1.526	107.0
1533.0	2282.0	3015.0	-1.52	120.0
1493.0	2108.0	3016.0	-1.519	60.0
1735.0	2512.0	3017.0	-1.516	115.0
236.0	1895.0	3018.0	-1.511	78.0
1820.0	2603.0	3019.0	-1.51	115.0
1611.0	2371.0	3020.0	-1.507	160.0
859.0	1045.0	3021.0	-1.506	162.0
25.0	53.0	3022.0	-1.504	144.0
483.0	1941.0	3023.0	-1.502	114.0
1685.0	2639.0	3024.0	-1.499	163.0
1225.0	1816.0	3025.0	-1.492	58.0
1910.0	2750.0	3026.0	-1.492	169.0
549.0	2822.0	3027.0	-1.49	172.0
1019.0	2758.0	3028.0	-1.488	180.0
1900.0	2402.0	3029.0	-1.485	71.0
1280.0	2485.0	3030.0	-1.483	214.0
1794.0	2899.0	3031.0	-1.482	60.0
917.0	2483.0	3032.0	-1.481	279.0
27.0	342.0	3033.0	-1.475	118.0
1572.0	2964.0	3034.0	-1.475	153.0
990.0	1333.0	3035.0	-1.471	77.0
1424.0	2000.0	3036.0	-1.471	48.0
789.0	1734.0	3037.0	-1.47	88.0
332.0	2068.0	3038.0	-1.465	58.0
200.0	2529.0	3039.0	-1.46	216.0
1584.0	2301.0	3040.0	-1.451	162.0
1465.0	1808.0	3041.0	-1.45	64.0
1000.0	2471.0	3042.0	-1.443	187.0
2012.0	2126.0	3043.0	-1.443	17.0
1968.0	2484.0	3044.0	-1.442	77.0
710.0	2707.0	3045.0	-1.437	234.0
2398.0	2507.0	3046.0	-1.436	204.0
1054.0	1879.0	3047.0	-1.435	86.0
1538.0	2792.0	3048.0	-1.427	169.0
292.0	1789.0	3049.0	-1.426	89.0
2079.0	2581.0	3050.0	-1.417	90.0
2174.0	2775.0	3051.0	-1.416	132.0
2220.0	2451.0	3052.0	-1.414	156.0
903.0	2748.0	3053.0	-1.413	243.0
34.0	1428.0	3054.0	-1.412	103.0
801.0	2733.0	3055.0	-1.411	237.0
680.0	1427.0	3056.0	-1.408	92.0
932.0	2705.0	3057.0	-1.404	163.0
2821.0	2866.0	3058.0	-1.402	279.0
633.0	1079.0	3059.0	-1.396	82.0
1581.0	1733.0	3060.0	-1.396	56.0
727.0	1590.0	3061.0	-1.394	115.0
329.0	2951.0	3062.0	-1.391	237.0
226.0	2227.0	3063.0	-1.388	245.0
592.0	2703.0	3064.0	-1.388	235.0
2173.0	2589.0	3065.0	-1.388	166.0
2818.0	3005.0	3066.0	-1.387	224.0
966.0	2264.0	3067.0	-1.385	200.0
866.0	2887.0	3068.0	-1.383	257.0
208.0	444.0	3069.0	-1.379	145.0
86.0	323.0	3070.0	-1.372	132.0
1871.0	2370.0	3071.0	-1.368	83.0
1898.0	2577.0	3072.0	-1.368	125.0
606.0	1995.0	3073.0	-1.366	55.0
2693.0	2880.0	3074.0	-1.357	244.0
214.0	2617.0	3075.0	-1.356	240.0
552.0	2580.0	3076.0	-1.356	238.0
2426.0	3010.0	3077.0	-1.352	348.0
1223.0	1772.0	3078.0	-1.351	106.0
591.0	2254.0	3079.0	-1.35	170.0
1833.0	2405.0	3080.0	-1.349	166.0
1607.0	2409.0	3081.0	-1.346	110.0
528.0	1672.0	3082.0	-1.344	72.0
1330.0	2488.0	3083.0	-1.344	147.0
657.0	2304.0	3084.0	-1.342	153.0
1010.0	2596.0	3085.0	-1.342	172.0
2026.0	2656.0	3086.0	-1.338	333.0
865.0	2600.0	3087.0	-1.336	220.0
35.0	1542.0	3088.0	-1.335	124.0
696.0	792.0	3089.0	-1.334	127.0
2396.0	2541.0	3090.0	-1.333	499.0
190.0	2729.0	3091.0	-1.331	250.0
674.0	781.0	3092.0	-1.331	141.0
1696.0	2325.0	3093.0	-1.331	117.0
2848.0	2938.0	3094.0	-1.325	284.0
1236.0	2940.0	3095.0	-1.324	173.0
1463.0	1765.0	3096.0	-1.324	50.0
656.0	945.0	3097.0	-1.323	123.0
2679.0	2881.0	3098.0	-1.322	226.0
293.0	2749.0	3099.0	-1.316	267.0
513.0	1436.0	3100.0	-1.316	106.0
810.0	2523.0	3101.0	-1.315	239.0
373.0	445.0	3102.0	-1.311	141.0
701.0	2134.0	3103.0	-1.311	82.0
585.0	1589.0	3104.0	-1.309	86.0
123.0	2921.0	3105.0	-1.305	182.0
876.0	2573.0	3106.0	-1.297	180.0
1471.0	2558.0	3107.0	-1.293	151.0
453.0	1563.0	3108.0	-1.291	140.0
2527.0	2690.0	3109.0	-1.289	360.0
10.0	2674.0	3110.0	-1.285	281.0
136.0	2815.0	3111.0	-1.285	266.0
376.0	2551.0	3112.0	-1.282	198.0
2431.0	2584.0	3113.0	-1.281	502.0
1044.0	1836.0	3114.0	-1.279	101.0
1810.0	2763.0	3115.0	-1.275	136.0
2446.0	2917.0	3116.0	-1.274	250.0
1435.0	2557.0	3117.0	-1.273	160.0
2506.0	2747.0	3118.0	-1.27	188.0
1585.0	1737.0	3119.0	-1.262	49.0
697.0	793.0	3120.0	-1.261	127.0
2435.0	2766.0	3121.0	-1.26	275.0
1561.0	2837.0	3122.0	-1.259	136.0
1190.0	2946.0	3123.0	-1.258	128.0
227.0	686.0	3124.0	-1.254	114.0
2050.0	2835.0	3125.0	-1.252	111.0
768.0	2025.0	3126.0	-1.25	72.0
2441.0	2687.0	3127.0	-1.25	219.0
2724.0	2769.0	3128.0	-1.248	146.0
594.0	2456.0	3129.0	-1.247	194.0
2494.0	2685.0	3130.0	-1.244	466.0
400.0	691.0	3131.0	-1.242	114.0
69.0	221.0	3132.0	-1.24	131.0
2519.0	2741.0	3133.0	-1.236	213.0
825.0	2410.0	3134.0	-1.232	141.0
964.0	2825.0	3135.0	-1.228	116.0
2540.0	2776.0	3136.0	-1.227	217.0
253.0	1167.0	3137.0	-1.223	117.0
28.0	3023.0	3138.0	-1.22	179.0
699.0	2905.0	3139.0	-1.219	134.0
90.0	318.0	3140.0	-1.217	102.0
414.0	664.0	3141.0	-1.215	138.0
370.0	2647.0	3142.0	-1.212	219.0
242.0	1764.0	3143.0	-1.21	112.0
2397.0	2608.0	3144.0	-1.21	201.0
465.0	2150.0	3145.0	-1.208	68.0
2030.0	2157.0	3146.0	-1.208	22.0
2526.0	2683.0	3147.0	-1.204	201.0
587.0	1128.0	3148.0	-1.2	93.0
175.0	2462.0	3149.0	-1.199	116.0
693.0	2356.0	3150.0	-1.197	194.0
749.0	2306.0	3151.0	-1.196	173.0
12.0	576.0	3152.0	-1.189	137.0
509.0	623.0	3153.0	-1.187	146.0
2386.0	2673.0	3154.0	-1.186	315.0
2032.0	2559.0	3155.0	-1.184	172.0
344.0	2827.0	3156.0	-1.175	183.0
2027.0	2509.0	3157.0	-1.168	71.0
757.0	2858.0	3158.0	-1.167	230.0
516.0	2939.0	3159.0	-1.165	198.0
239.0	2588.0	3160.0	-1.163	116.0
1913.0	2642.0	3161.0	-1.156	195.0
369.0	948.0	3162.0	-1.155	165.0
1.0	2901.0	3163.0	-1.152	211.0
303.0	2882.0	3164.0	-1.151	126.0
1815.0	1894.0	3165.0	-1.151	28.0
830.0	2454.0	3166.0	-1.149	152.0
112.0	669.0	3167.0	-1.145	144.0
1072.0	1921.0	3168.0	-1.145	50.0
981.0	1197.0	3169.0	-1.138	95.0
2280.0	2585.0	3170.0	-1.137	247.0
2550.0	2809.0	3171.0	-1.131	299.0
1119.0	1193.0	3172.0	-1.13	115.0
115.0	1852.0	3173.0	-1.129	98.0
569.0	1858.0	3174.0	-1.123	78.0
41.0	2343.0	3175.0	-1.12	207.0
1181.0	2129.0	3176.0	-1.12	40.0
1294.0	1419.0	3177.0	-1.12	88.0
2798.0	2923.0	3178.0	-1.12	227.0
113.0	1420.0	3179.0	-1.114	102.0
811.0	1880.0	3180.0	-1.113	93.0
2006.0	2872.0	3181.0	-1.113	228.0
1878.0	2651.0	3182.0	-1.11	131.0
2568.0	2783.0	3183.0	-1.107	258.0
1258.0	2665.0	3184.0	-1.106	139.0
2294.0	2997.0	3185.0	-1.1	355.0
2594.0	3028.0	3186.0	-1.098	309.0
2035.0	2686.0	3187.0	-1.096	177.0
2338.0	2518.0	3188.0	-1.096	210.0
2360.0	2545.0	3189.0	-1.087	287.0
2525.0	2806.0	3190.0	-1.084	199.0
2353.0	2635.0	3191.0	-1.082	235.0
32.0	1426.0	3192.0	-1.079	133.0
1499.0	2786.0	3193.0	-1.078	80.0
148.0	1272.0	3194.0	-1.074	127.0
192.0	1018.0	3195.0	-1.072	156.0
1762.0	2903.0	3196.0	-1.068	184.0
2392.0	2634.0	3197.0	-1.067	155.0
243.0	962.0	3198.0	-1.066	147.0
1541.0	2868.0	3199.0	-1.063	150.0
2481.0	3137.0	3200.0	-1.062	144.0
2650.0	2957.0	3201.0	-1.061	149.0
443.0	1716.0	3202.0	-1.06	106.0
2666.0	3000.0	3203.0	-1.06	228.0
1364.0	2702.0	3204.0	-1.052	129.0
2331.0	2366.0	3205.0	-1.05	170.0
2351.0	3047.0	3206.0	-1.05	172.0
1593.0	2369.0	3207.0	-1.049	133.0
1691.0	2368.0	3208.0	-1.045	84.0
1030.0	2781.0	3209.0	-1.041	226.0
363.0	702.0	3210.0	-1.04	137.0
1108.0	2560.0	3211.0	-1.039	130.0
2622.0	2787.0	3212.0	-1.039	331.0
240.0	479.0	3213.0	-1.037	131.0
2443.0	2916.0	3214.0	-1.032	325.0
2334.0	3152.0	3215.0	-1.031	290.0
20.0	951.0	3216.0	-1.026	138.0
1194.0	2629.0	3217.0	-1.024	193.0
492.0	1466.0	3218.0	-1.023	123.0
2649.0	3133.0	3219.0	-1.023	288.0
177.0	2590.0	3220.0	-1.02	192.0
885.0	2662.0	3221.0	-1.013	197.0
1016.0	2613.0	3222.0	-1.013	185.0
1101.0	3045.0	3223.0	-1.013	282.0
2828.0	2852.0	3224.0	-1.011	181.0
891.0	2576.0	3225.0	-1.01	177.0
2487.0	2816.0	3226.0	-1.01	315.0
2489.0	2774.0	3227.0	-1.009	227.0
1629.0	2691.0	3228.0	-1.008	197.0
1687.0	2764.0	3229.0	-1.008	140.0
864.0	2110.0	3230.0	-1.006	90.0
2367.0	2922.0	3231.0	-1.002	211.0
545.0	2625.0	3232.0	-1.001	221.0
645.0	3075.0	3233.0	-0.998	291.0
541.0	3044.0	3234.0	-0.997	142.0
1803.0	2667.0	3235.0	-0.996	74.0
2572.0	3094.0	3236.0	-0.994	331.0
2615.0	3194.0	3237.0	-0.994	234.0
368.0	947.0	3238.0	-0.988	154.0
641.0	706.0	3239.0	-0.985	152.0
1103.0	3013.0	3240.0	-0.984	187.0
1724.0	2329.0	3241.0	-0.983	186.0
1050.0	2414.0	3242.0	-0.982	165.0
2801.0	2934.0	3243.0	-0.98	348.0
297.0	2658.0	3244.0	-0.972	265.0
967.0	2641.0	3245.0	-0.971	149.0
2778.0	3030.0	3246.0	-0.969	588.0
2502.0	2579.0	3247.0	-0.968	192.0
498.0	2799.0	3248.0	-0.965	456.0
556.0	2259.0	3249.0	-0.961	176.0
1144.0	1788.0	3250.0	-0.961	117.0
1287.0	1534.0	3251.0	-0.959	87.0
1196.0	2791.0	3252.0	-0.958	152.0
3015.0	3038.0	3253.0	-0.954	178.0
436.0	2520.0	3254.0	-0.952	240.0
503.0	1837.0	3255.0	-0.952	73.0
2869.0	2993.0	3256.0	-0.949	212.0
475.0	3014.0	3257.0	-0.948	157.0
540.0	2578.0	3258.0	-0.944	170.0
1617.0	2760.0	3259.0	-0.944	210.0
350.0	1082.0	3260.0	-0.943	134.0
331.0	886.0	3261.0	-0.941	117.0
1001.0	1306.0	3262.0	-0.94	87.0
1123.0	2124.0	3263.0	-0.94	62.0
183.0	2442.0	3264.0	-0.934	210.0
535.0	1717.0	3265.0	-0.934	97.0
2883.0	2987.0	3266.0	-0.933	210.0
202.0	813.0	3267.0	-0.93	164.0
1814.0	2570.0	3268.0	-0.93	162.0
2474.0	3006.0	3269.0	-0.929	403.0
2391.0	2586.0	3270.0	-0.926	213.0
365.0	1116.0	3271.0	-0.925	129.0
131.0	2862.0	3272.0	-0.923	427.0
1100.0	1498.0	3273.0	-0.919	97.0
2482.0	2891.0	3274.0	-0.917	134.0
1709.0	2909.0	3275.0	-0.915	196.0
474.0	1111.0	3276.0	-0.914	116.0
1769.0	2937.0	3277.0	-0.912	114.0
2759.0	3054.0	3278.0	-0.909	207.0
1715.0	2896.0	3279.0	-0.907	190.0
1662.0	1874.0	3280.0	-0.906	61.0
511.0	2721.0	3281.0	-0.904	142.0
2886.0	3130.0	3282.0	-0.902	570.0
2914.0	3071.0	3283.0	-0.898	221.0
555.0	2048.0	3284.0	-0.895	79.0
2240.0	2709.0	3285.0	-0.894	193.0
925.0	1813.0	3286.0	-0.893	81.0
2616.0	3066.0	3287.0	-0.89	412.0
1157.0	2745.0	3288.0	-0.889	184.0
588.0	905.0	3289.0	-0.885	96.0
2235.0	2888.0	3290.0	-0.885	234.0
1457.0	1539.0	3291.0	-0.883	95.0
2131.0	2659.0	3292.0	-0.883	143.0
258.0	3051.0	3293.0	-0.876	203.0
1083.0	2626.0	3294.0	-0.876	129.0
2542.0	2860.0	3295.0	-0.873	180.0
2754.0	2826.0	3296.0	-0.871	193.0
572.0	3115.0	3297.0	-0.87	206.0
543.0	1738.0	3298.0	-0.869	101.0
1437.0	2607.0	3299.0	-0.864	170.0
2388.0	2838.0	3300.0	-0.864	179.0
2742.0	2930.0	3301.0	-0.864	388.0
295.0	635.0	3302.0	-0.86	136.0
2162.0	2543.0	3303.0	-0.86	82.0
846.0	2844.0	3304.0	-0.856	170.0
273.0	2314.0	3305.0	-0.852	160.0
310.0	2900.0	3306.0	-0.852	460.0
2051.0	2330.0	3307.0	-0.85	65.0
525.0	1522.0	3308.0	-0.845	88.0
1792.0	2444.0	3309.0	-0.84	119.0
1899.0	2106.0	3310.0	-0.838	33.0
1055.0	1566.0	3311.0	-0.834	114.0
2942.0	3046.0	3312.0	-0.834	278.0
325.0	2395.0	3313.0	-0.833	140.0
189.0	2611.0	3314.0	-0.819	151.0
403.0	2640.0	3315.0	-0.817	200.0
1782.0	1839.0	3316.0	-0.816	43.0
911.0	3150.0	3317.0	-0.811	253.0
1147.0	2963.0	3318.0	-0.81	89.0
2332.0	2767.0	3319.0	-0.81	203.0
512.0	626.0	3320.0	-0.809	129.0
1455.0	2863.0	3321.0	-0.806	152.0
575.0	3286.0	3322.0	-0.804	178.0
2499.0	2574.0	3323.0	-0.799	233.0
147.0	1536.0	3324.0	-0.798	95.0
675.0	2424.0	3325.0	-0.797	149.0
2209.0	2704.0	3326.0	-0.793	156.0
586.0	1127.0	3327.0	-0.79	104.0
1281.0	2537.0	3328.0	-0.79	160.0
2365.0	2975.0	3329.0	-0.79	212.0
907.0	2553.0	3330.0	-0.784	182.0
2404.0	3024.0	3331.0	-0.772	250.0
2788.0	3090.0	3332.0	-0.769	755.0
2879.0	3116.0	3333.0	-0.769	414.0
1912.0	2450.0	3334.0	-0.762	97.0
1115.0	2104.0	3335.0	-0.751	82.0
1229.0	2440.0	3336.0	-0.749	144.0
2631.0	2794.0	3337.0	-0.747	377.0
2516.0	3157.0	3338.0	-0.746	188.0
2719.0	2924.0	3339.0	-0.744	197.0
1218.0	1516.0	3340.0	-0.743	103.0
688.0	2885.0	3341.0	-0.741	130.0
420.0	2696.0	3342.0	-0.733	273.0
1303.0	1651.0	3343.0	-0.732	69.0
364.0	1257.0	3344.0	-0.729	137.0
581.0	2945.0	3345.0	-0.728	443.0
1049.0	2464.0	3346.0	-0.727	210.0
730.0	2275.0	3347.0	-0.724	154.0
301.0	921.0	3348.0	-0.723	146.0
2632.0	2998.0	3349.0	-0.715	199.0
1032.0	3275.0	3350.0	-0.712	237.0
2834.0	3230.0	3351.0	-0.705	163.0
1126.0	2645.0	3352.0	-0.704	216.0
2614.0	2706.0	3353.0	-0.704	172.0
1693.0	1804.0	3354.0	-0.7	56.0
2678.0	2743.0	3355.0	-0.698	357.0
1802.0	2591.0	3356.0	-0.692	92.0
1125.0	1947.0	3357.0	-0.689	71.0
2648.0	2985.0	3358.0	-0.689	849.0
2854.0	3062.0	3359.0	-0.681	368.0
463.0	2981.0	3360.0	-0.68	279.0
2419.0	3154.0	3361.0	-0.679	450.0
750.0	2530.0	3362.0	-0.675	179.0
1228.0	1365.0	3363.0	-0.675	96.0
1053.0	3159.0	3364.0	-0.673	252.0
314.0	2387.0	3365.0	-0.662	142.0
1007.0	2364.0	3366.0	-0.661	141.0
2956.0	3187.0	3367.0	-0.658	314.0
2285.0	2817.0	3368.0	-0.656	335.0
2328.0	2561.0	3369.0	-0.656	309.0
2270.0	2947.0	3370.0	-0.654	201.0
2534.0	2779.0	3371.0	-0.652	207.0
2311.0	2536.0	3372.0	-0.65	198.0
2312.0	3263.0	3373.0	-0.644	145.0
595.0	3041.0	3374.0	-0.643	153.0
2867.0	3061.0	3375.0	-0.636	204.0
2401.0	3086.0	3376.0	-0.632	523.0
968.0	2669.0	3377.0	-0.631	200.0
2566.0	2839.0	3378.0	-0.63	182.0
2562.0	2859.0	3379.0	-0.628	244.0
493.0	3146.0	3380.0	-0.621	86.0
2823.0	2960.0	3381.0	-0.616	328.0
29.0	3122.0	3382.0	-0.615	209.0
3056.0	3098.0	3383.0	-0.613	318.0
2602.0	2920.0	3384.0	-0.611	403.0
265.0	2902.0	3385.0	-0.61	217.0
1500.0	3031.0	3386.0	-0.605	98.0
863.0	3043.0	3387.0	-0.603	113.0
1288.0	1468.0	3388.0	-0.598	117.0
3252.0	3272.0	3389.0	-0.596	579.0
2160.0	2260.0	3390.0	-0.59	115.0
1391.0	3060.0	3391.0	-0.58	98.0
841.0	2677.0	3392.0	-0.576	179.0
266.0	2952.0	3393.0	-0.575	128.0
662.0	685.0	3394.0	-0.573	98.0
442.0	3110.0	3395.0	-0.57	362.0
254.0	3183.0	3396.0	-0.569	330.0
2393.0	2563.0	3397.0	-0.568	168.0
3306.0	3376.0	3398.0	-0.568	983.0
523.0	694.0	3399.0	-0.566	120.0
375.0	3209.0	3400.0	-0.561	293.0
1143.0	2720.0	3401.0	-0.555	185.0
923.0	2836.0	3402.0	-0.554	148.0
1582.0	2241.0	3403.0	-0.55	145.0
958.0	1931.0	3404.0	-0.547	96.0
2670.0	3018.0	3405.0	-0.547	188.0
683.0	3063.0	3406.0	-0.544	279.0
180.0	1623.0	3407.0	-0.54	110.0
2522.0	3132.0	3408.0	-0.527	207.0
2984.0	3246.0	3409.0	-0.523	788.0
2407.0	3072.0	3410.0	-0.522	220.0
1286.0	3180.0	3411.0	-0.513	150.0
1785.0	3155.0	3412.0	-0.51	209.0
2680.0	3196.0	3413.0	-0.507	303.0
681.0	2727.0	3414.0	-0.505	154.0
553.0	2653.0	3415.0	-0.502	385.0
2713.0	2967.0	3416.0	-0.5	159.0
1292.0	3077.0	3417.0	-0.495	416.0
2531.0	2962.0	3418.0	-0.493	182.0
105.0	2535.0	3419.0	-0.492	143.0
1313.0	3205.0	3420.0	-0.49	204.0
2652.0	2996.0	3421.0	-0.489	263.0
1405.0	3221.0	3422.0	-0.487	233.0
3073.0	3292.0	3423.0	-0.485	198.0
972.0	2944.0	3424.0	-0.476	177.0
2780.0	3039.0	3425.0	-0.476	332.0
1798.0	2943.0	3426.0	-0.474	93.0
3121.0	3181.0	3427.0	-0.47	503.0
1432.0	3153.0	3428.0	-0.469	185.0
913.0	1048.0	3429.0	-0.454	102.0
1198.0	2803.0	3430.0	-0.453	166.0
2547.0	2918.0	3431.0	-0.446	224.0
2701.0	3142.0	3432.0	-0.439	292.0
2971.0	3318.0	3433.0	-0.437	220.0
2711.0	3253.0	3434.0	-0.436	265.0
2466.0	3163.0	3435.0	-0.424	291.0
3210.0	3262.0	3436.0	-0.423	224.0
2735.0	3068.0	3437.0	-0.419	357.0
2824.0	3217.0	3438.0	-0.414	261.0
1113.0	2102.0	3439.0	-0.413	64.0
3076.0	3093.0	3440.0	-0.407	355.0
1552.0	2099.0	3441.0	-0.406	32.0
204.0	570.0	3442.0	-0.405	147.0
2044.0	3301.0	3443.0	-0.404	400.0
2700.0	3228.0	3444.0	-0.404	286.0
1014.0	2890.0	3445.0	-0.403	225.0
2654.0	3057.0	3446.0	-0.399	255.0
2671.0	2988.0	3447.0	-0.398	146.0
959.0	2757.0	3448.0	-0.392	189.0
298.0	1587.0	3449.0	-0.388	106.0
2624.0	2861.0	3450.0	-0.387	242.0
1252.0	2919.0	3451.0	-0.384	291.0
336.0	3065.0	3452.0	-0.382	251.0
2473.0	3101.0	3453.0	-0.381	306.0
1260.0	2420.0	3454.0	-0.38	147.0
2065.0	2688.0	3455.0	-0.376	73.0
993.0	2682.0	3456.0	-0.374	235.0
2532.0	2675.0	3457.0	-0.373	393.0
2141.0	2904.0	3458.0	-0.371	116.0
3169.0	3307.0	3459.0	-0.368	160.0
1138.0	2978.0	3460.0	-0.362	199.0
1999.0	2736.0	3461.0	-0.362	91.0
534.0	2972.0	3462.0	-0.361	93.0
1801.0	3139.0	3463.0	-0.358	162.0
747.0	2153.0	3464.0	-0.357	77.0
831.0	3111.0	3465.0	-0.356	307.0
936.0	1021.0	3466.0	-0.351	129.0
2389.0	2932.0	3467.0	-0.348	383.0
2378.0	2565.0	3468.0	-0.347	223.0
1096.0	3342.0	3469.0	-0.346	309.0
574.0	1020.0	3470.0	-0.344	138.0
1854.0	2082.0	3471.0	-0.34	42.0
2043.0	2954.0	3472.0	-0.338	97.0
1697.0	2646.0	3473.0	-0.335	146.0
2857.0	3134.0	3474.0	-0.335	254.0
1285.0	1725.0	3475.0	-0.327	81.0
3035.0	3353.0	3476.0	-0.327	249.0
326.0	2995.0	3477.0	-0.326	178.0
2510.0	2737.0	3478.0	-0.325	216.0
3113.0	3248.0	3479.0	-0.325	958.0
3011.0	3050.0	3480.0	-0.323	174.0
684.0	3319.0	3481.0	-0.321	239.0
1809.0	2655.0	3482.0	-0.32	135.0
2480.0	2871.0	3483.0	-0.318	223.0
2066.0	2080.0	3484.0	-0.317	17.0
271.0	3177.0	3485.0	-0.309	137.0
308.0	2771.0	3486.0	-0.309	192.0
2941.0	3145.0	3487.0	-0.309	204.0
2804.0	3222.0	3488.0	-0.304	406.0
751.0	1608.0	3489.0	-0.299	132.0
244.0	2722.0	3490.0	-0.292	201.0
418.0	3161.0	3491.0	-0.291	265.0
1097.0	2125.0	3492.0	-0.287	28.0
2744.0	3325.0	3493.0	-0.285	228.0
1348.0	3144.0	3494.0	-0.28	244.0
2587.0	2810.0	3495.0	-0.28	463.0
496.0	1136.0	3496.0	-0.275	122.0
2305.0	3223.0	3497.0	-0.265	433.0
1786.0	2746.0	3498.0	-0.262	165.0
2730.0	3282.0	3499.0	-0.261	744.0
1811.0	2897.0	3500.0	-0.26	112.0
2812.0	3298.0	3501.0	-0.26	273.0
413.0	663.0	3502.0	-0.258	138.0
518.0	3280.0	3503.0	-0.255	140.0
2908.0	3009.0	3504.0	-0.255	242.0
1681.0	3020.0	3505.0	-0.253	185.0
351.0	3294.0	3506.0	-0.245	202.0
82.0	531.0	3507.0	-0.244	111.0
2990.0	3360.0	3508.0	-0.244	433.0
3168.0	3478.0	3509.0	-0.238	266.0
1047.0	3399.0	3510.0	-0.235	172.0
1343.0	2915.0	3511.0	-0.234	197.0
506.0	3310.0	3512.0	-0.233	105.0
2913.0	3037.0	3513.0	-0.233	183.0
30.0	2731.0	3514.0	-0.232	249.0
2467.0	2889.0	3515.0	-0.229	244.0
3012.0	3269.0	3516.0	-0.229	593.0
2784.0	3410.0	3517.0	-0.226	280.0
1233.0	3235.0	3518.0	-0.219	121.0
984.0	1278.0	3519.0	-0.212	96.0
2761.0	3104.0	3520.0	-0.212	186.0
178.0	267.0	3521.0	-0.211	139.0
122.0	3215.0	3522.0	-0.205	370.0
723.0	1594.0	3523.0	-0.205	112.0
2242.0	2723.0	3524.0	-0.199	228.0
2772.0	3027.0	3525.0	-0.195	294.0
335.0	3324.0	3526.0	-0.191	174.0
983.0	1012.0	3527.0	-0.182	86.0
109.0	3143.0	3528.0	-0.179	185.0
2167.0	3458.0	3529.0	-0.177	123.0
862.0	2668.0	3530.0	-0.176	251.0
1261.0	3259.0	3531.0	-0.175	249.0
1800.0	2856.0	3532.0	-0.175	123.0
721.0	1368.0	3533.0	-0.169	127.0
1148.0	2461.0	3534.0	-0.169	164.0
2423.0	3029.0	3535.0	-0.168	219.0
960.0	3211.0	3536.0	-0.166	182.0
670.0	3266.0	3537.0	-0.161	273.0
3123.0	3171.0	3538.0	-0.159	427.0
2697.0	3422.0	3539.0	-0.158	314.0
1625.0	3326.0	3540.0	-0.153	181.0
2657.0	2845.0	3541.0	-0.149	271.0
2768.0	2958.0	3542.0	-0.146	382.0
1841.0	2076.0	3543.0	-0.145	26.0
2699.0	3129.0	3544.0	-0.144	266.0
2968.0	3226.0	3545.0	-0.143	394.0
888.0	1712.0	3546.0	-0.14	91.0
2479.0	3401.0	3547.0	-0.138	342.0
2470.0	3296.0	3548.0	-0.135	344.0
3127.0	3227.0	3549.0	-0.135	446.0
2438.0	2974.0	3550.0	-0.134	265.0
275.0	1676.0	3551.0	-0.125	97.0
3284.0	3293.0	3552.0	-0.124	282.0
3025.0	3208.0	3553.0	-0.122	142.0
2472.0	3201.0	3554.0	-0.121	220.0
300.0	2544.0	3555.0	-0.12	162.0
2797.0	3390.0	3556.0	-0.117	216.0
2718.0	3156.0	3557.0	-0.115	356.0
2155.0	2621.0	3558.0	-0.103	38.0
2895.0	2994.0	3559.0	-0.101	441.0
887.0	1407.0	3560.0	-0.084	94.0
3256.0	3495.0	3561.0	-0.082	675.0
728.0	939.0	3562.0	-0.08	130.0
858.0	1171.0	3563.0	-0.08	130.0
2833.0	2877.0	3564.0	-0.077	168.0
257.0	3198.0	3565.0	-0.076	216.0
1230.0	3460.0	3566.0	-0.074	257.0
729.0	1017.0	3567.0	-0.073	97.0
2598.0	3192.0	3568.0	-0.071	238.0
1124.0	2521.0	3569.0	-0.068	140.0
110.0	3096.0	3570.0	-0.066	137.0
2144.0	2819.0	3571.0	-0.063	98.0
2515.0	2976.0	3572.0	-0.063	285.0
3112.0	3345.0	3573.0	-0.062	641.0
992.0	2790.0	3574.0	-0.055	228.0
3059.0	3099.0	3575.0	-0.051	349.0
117.0	2980.0	3576.0	-0.046	137.0
2098.0	3350.0	3577.0	-0.046	248.0
2874.0	3303.0	3578.0	-0.04	191.0
490.0	2710.0	3579.0	-0.036	182.0
2728.0	3070.0	3580.0	-0.033	216.0
731.0	2064.0	3581.0	-0.03	73.0
2359.0	2672.0	3582.0	-0.022	205.0
1893.0	2159.0	3583.0	-0.02	27.0
3080.0	3241.0	3584.0	-0.018	352.0
624.0	2853.0	3585.0	-0.014	192.0
2380.0	3257.0	3586.0	-0.011	239.0
3008.0	3243.0	3587.0	-0.01	497.0
3007.0	3102.0	3588.0	0.007	295.0
1692.0	3138.0	3589.0	0.012	203.0
1688.0	3397.0	3590.0	0.017	195.0
2034.0	3435.0	3591.0	0.018	307.0
2850.0	2851.0	3592.0	0.02	514.0
302.0	3321.0	3593.0	0.021	241.0
440.0	2751.0	3594.0	0.021	152.0
2717.0	3048.0	3595.0	0.029	315.0
2002.0	2830.0	3596.0	0.031	170.0
1211.0	2070.0	3597.0	0.036	47.0
2478.0	3461.0	3598.0	0.036	174.0
3081.0	3288.0	3599.0	0.039	294.0
1366.0	2069.0	3600.0	0.043	66.0
174.0	2911.0	3601.0	0.047	152.0
1817.0	3372.0	3602.0	0.047	210.0
2390.0	2977.0	3603.0	0.05	218.0
3069.0	3448.0	3604.0	0.05	334.0
3003.0	3091.0	3605.0	0.06	340.0
3106.0	3361.0	3606.0	0.06	630.0
2660.0	3408.0	3607.0	0.068	285.0
172.0	2021.0	3608.0	0.07	86.0
1627.0	2465.0	3609.0	0.072	50.0
2983.0	2992.0	3610.0	0.072	288.0
3055.0	3573.0	3611.0	0.073	878.0
355.0	2973.0	3612.0	0.074	323.0
1104.0	2692.0	3613.0	0.074	176.0
1022.0	2907.0	3614.0	0.091	149.0
3087.0	3396.0	3615.0	0.095	550.0
2548.0	2689.0	3616.0	0.099	224.0
3212.0	3402.0	3617.0	0.099	479.0
3197.0	3377.0	3618.0	0.101	355.0
628.0	3078.0	3619.0	0.108	161.0
3355.0	3409.0	3620.0	0.111	1145.0
2261.0	3064.0	3621.0	0.114	397.0
1464.0	3589.0	3622.0	0.117	255.0
2023.0	3229.0	3623.0	0.117	158.0
2948.0	3178.0	3624.0	0.12	458.0
593.0	3592.0	3625.0	0.125	569.0
502.0	860.0	3626.0	0.128	138.0
3147.0	3188.0	3627.0	0.134	411.0
1350.0	3265.0	3628.0	0.138	136.0
3191.0	3455.0	3629.0	0.149	308.0
1046.0	3125.0	3630.0	0.15	171.0
2864.0	3445.0	3631.0	0.151	293.0
2623.0	3523.0	3632.0	0.152	232.0
313.0	2878.0	3633.0	0.157	92.0
2805.0	3506.0	3634.0	0.158	252.0
995.0	3404.0	3635.0	0.159	164.0
1389.0	3481.0	3636.0	0.16	277.0
2121.0	3107.0	3637.0	0.166	157.0
1739.0	2929.0	3638.0	0.167	112.0
1031.0	3420.0	3639.0	0.176	258.0
3036.0	3620.0	3640.0	0.179	1193.0
671.0	3085.0	3641.0	0.182	239.0
3295.0	3472.0	3642.0	0.183	277.0
2151.0	3513.0	3643.0	0.184	191.0
2906.0	3117.0	3644.0	0.185	276.0
514.0	1845.0	3645.0	0.186	90.0
3140.0	3170.0	3646.0	0.189	349.0
861.0	3176.0	3647.0	0.19	139.0
2813.0	3385.0	3648.0	0.19	331.0
3383.0	3529.0	3649.0	0.192	441.0
1819.0	2898.0	3650.0	0.195	132.0
2999.0	3247.0	3651.0	0.195	315.0
2770.0	2959.0	3652.0	0.197	299.0
1267.0	1406.0	3653.0	0.201	77.0
2982.0	3283.0	3654.0	0.202	342.0
1256.0	1882.0	3655.0	0.204	69.0
881.0	3358.0	3656.0	0.205	912.0
495.0	1496.0	3657.0	0.206	115.0
1622.0	3088.0	3658.0	0.206	148.0
250.0	2143.0	3659.0	0.209	76.0
527.0	3002.0	3660.0	0.214	119.0
3033.0	3379.0	3661.0	0.217	362.0
1219.0	1433.0	3662.0	0.219	104.0
3195.0	3315.0	3663.0	0.229	356.0
673.0	3270.0	3664.0	0.244	284.0
2052.0	3264.0	3665.0	0.248	219.0
2394.0	3313.0	3666.0	0.249	267.0
2762.0	3615.0	3667.0	0.251	635.0
2192.0	3279.0	3668.0	0.252	272.0
1540.0	3400.0	3669.0	0.256	337.0
3149.0	3251.0	3670.0	0.256	203.0
3234.0	3475.0	3671.0	0.263	223.0
1347.0	2313.0	3672.0	0.267	118.0
3443.0	3464.0	3673.0	0.268	477.0
299.0	2637.0	3674.0	0.269	265.0
1112.0	1210.0	3675.0	0.273	101.0
3403.0	3423.0	3676.0	0.273	343.0
2927.0	3491.0	3677.0	0.286	461.0
1170.0	3166.0	3678.0	0.289	189.0
3239.0	3451.0	3679.0	0.293	443.0
2949.0	3415.0	3680.0	0.294	545.0
1531.0	2142.0	3681.0	0.296	32.0
3206.0	3349.0	3682.0	0.301	371.0
1954.0	3437.0	3683.0	0.302	369.0
661.0	3271.0	3684.0	0.303	181.0
494.0	3040.0	3685.0	0.321	223.0
1418.0	3545.0	3686.0	0.321	437.0
2777.0	3322.0	3687.0	0.321	289.0
3225.0	3452.0	3688.0	0.321	428.0
3571.0	3586.0	3689.0	0.324	337.0
2965.0	3290.0	3690.0	0.325	356.0
695.0	1284.0	3691.0	0.328	130.0
3339.0	3414.0	3692.0	0.331	351.0
3105.0	3532.0	3693.0	0.333	305.0
3032.0	3386.0	3694.0	0.334	377.0
507.0	1495.0	3695.0	0.335	118.0
3337.0	3500.0	3696.0	0.337	489.0
3359.0	3542.0	3697.0	0.342	750.0
1951.0	2755.0	3698.0	0.349	107.0
1658.0	3541.0	3699.0	0.358	306.0
3305.0	3389.0	3700.0	0.362	739.0
324.0	1969.0	3701.0	0.364	63.0
1652.0	3182.0	3702.0	0.369	170.0
2847.0	3434.0	3703.0	0.371	359.0
2950.0	3218.0	3704.0	0.376	234.0
908.0	3203.0	3705.0	0.377	299.0
3074.0	3487.0	3706.0	0.383	448.0
2928.0	3309.0	3707.0	0.391	319.0
796.0	3494.0	3708.0	0.397	304.0
3323.0	3621.0	3709.0	0.397	630.0
354.0	1713.0	3710.0	0.398	122.0
1669.0	3261.0	3711.0	0.4	138.0
3471.0	3659.0	3712.0	0.401	118.0
2873.0	3590.0	3713.0	0.409	371.0
2796.0	3499.0	3714.0	0.412	908.0
3371.0	3465.0	3715.0	0.412	514.0
203.0	3174.0	3716.0	0.414	153.0
564.0	3016.0	3717.0	0.414	103.0
2377.0	3236.0	3718.0	0.414	472.0
3388.0	3463.0	3719.0	0.423	279.0
2075.0	3042.0	3720.0	0.425	200.0
3165.0	3596.0	3721.0	0.428	198.0
1591.0	2979.0	3722.0	0.429	183.0
3611.0	3656.0	3723.0	0.429	1790.0
522.0	3482.0	3724.0	0.43	194.0
1015.0	2966.0	3725.0	0.435	140.0
2046.0	3558.0	3726.0	0.441	46.0
3026.0	3723.0	3727.0	0.446	1959.0
3126.0	3367.0	3728.0	0.452	386.0
754.0	3512.0	3729.0	0.453	172.0
719.0	1117.0	3730.0	0.457	122.0
3233.0	3497.0	3731.0	0.457	724.0
814.0	1254.0	3732.0	0.459	166.0
2802.0	3287.0	3733.0	0.459	504.0
748.0	2154.0	3734.0	0.461	82.0
1883.0	3274.0	3735.0	0.464	160.0
3312.0	3526.0	3736.0	0.464	452.0
1626.0	3341.0	3737.0	0.468	149.0
566.0	3672.0	3738.0	0.469	172.0
2374.0	3537.0	3739.0	0.474	381.0
252.0	3255.0	3740.0	0.476	155.0
3384.0	3395.0	3741.0	0.481	765.0
1668.0	2969.0	3742.0	0.482	99.0
3232.0	3430.0	3743.0	0.483	387.0
3004.0	3381.0	3744.0	0.487	462.0
2439.0	3375.0	3745.0	0.496	320.0
2782.0	3599.0	3746.0	0.497	387.0
533.0	2432.0	3747.0	0.5	163.0
1628.0	3536.0	3748.0	0.518	203.0
84.0	477.0	3749.0	0.519	129.0
3299.0	3549.0	3750.0	0.525	616.0
3118.0	3328.0	3751.0	0.535	348.0
2910.0	3636.0	3752.0	0.536	350.0
1002.0	1207.0	3753.0	0.538	87.0
1134.0	3398.0	3754.0	0.539	1033.0
3417.0	3587.0	3755.0	0.539	913.0
627.0	3100.0	3756.0	0.543	165.0
3001.0	3329.0	3757.0	0.548	268.0
3097.0	3651.0	3758.0	0.551	438.0
3224.0	3509.0	3759.0	0.555	447.0
1307.0	3344.0	3760.0	0.56	176.0
3185.0	3317.0	3761.0	0.56	608.0
1618.0	3505.0	3762.0	0.562	212.0
3552.0	3563.0	3763.0	0.564	412.0
2808.0	3285.0	3764.0	0.569	359.0
3190.0	3378.0	3765.0	0.582	381.0
3365.0	3416.0	3766.0	0.585	301.0
2017.0	3347.0	3767.0	0.59	173.0
590.0	1131.0	3768.0	0.593	89.0
2789.0	3519.0	3769.0	0.598	224.0
173.0	247.0	3770.0	0.603	111.0
2708.0	3701.0	3771.0	0.604	196.0
262.0	1955.0	3772.0	0.61	76.0
296.0	2725.0	3773.0	0.611	108.0
372.0	3278.0	3774.0	0.613	278.0
182.0	3522.0	3775.0	0.616	444.0
327.0	3432.0	3776.0	0.616	355.0
2876.0	3431.0	3777.0	0.618	344.0
3427.0	3624.0	3778.0	0.624	961.0
1308.0	3184.0	3779.0	0.625	194.0
1497.0	3058.0	3780.0	0.627	329.0
1013.0	3426.0	3781.0	0.628	134.0
2078.0	3320.0	3782.0	0.632	142.0
1767.0	3540.0	3783.0	0.641	229.0
1329.0	3158.0	3784.0	0.644	265.0
2436.0	3572.0	3785.0	0.646	380.0
1118.0	3387.0	3786.0	0.647	175.0
3249.0	3421.0	3787.0	0.651	439.0
1942.0	3330.0	3788.0	0.659	201.0
3302.0	3629.0	3789.0	0.659	444.0
3214.0	3535.0	3790.0	0.66	544.0
2953.0	3267.0	3791.0	0.684	216.0
3492.0	3569.0	3792.0	0.686	168.0
1369.0	3240.0	3793.0	0.7	233.0
245.0	3580.0	3794.0	0.702	282.0
1255.0	3720.0	3795.0	0.702	245.0
3304.0	3682.0	3796.0	0.703	541.0
3175.0	3652.0	3797.0	0.706	506.0
2931.0	3276.0	3798.0	0.708	149.0
340.0	3444.0	3799.0	0.711	350.0
1494.0	3108.0	3800.0	0.713	174.0
3700.0	3715.0	3801.0	0.714	1253.0
629.0	3172.0	3802.0	0.717	175.0
2970.0	3617.0	3803.0	0.72	644.0
3488.0	3602.0	3804.0	0.73	616.0
3412.0	3657.0	3805.0	0.734	324.0
2118.0	3348.0	3806.0	0.735	154.0
3189.0	3561.0	3807.0	0.738	962.0
3268.0	3479.0	3808.0	0.74	1120.0
3467.0	3727.0	3809.0	0.746	2342.0
473.0	2067.0	3810.0	0.757	65.0
703.0	3459.0	3811.0	0.761	210.0
251.0	3297.0	3812.0	0.764	303.0
1130.0	2734.0	3813.0	0.764	186.0
3219.0	3661.0	3814.0	0.767	650.0
2785.0	3017.0	3815.0	0.769	284.0
3109.0	3559.0	3816.0	0.775	801.0
3151.0	3709.0	3817.0	0.781	803.0
3484.0	3619.0	3818.0	0.782	178.0
114.0	3084.0	3819.0	0.79	218.0
1653.0	1840.0	3820.0	0.791	55.0
3237.0	3688.0	3821.0	0.791	662.0
1214.0	3760.0	3822.0	0.798	218.0
1253.0	3765.0	3823.0	0.8	421.0
3550.0	3654.0	3824.0	0.8	607.0
3392.0	3677.0	3825.0	0.818	640.0
2524.0	3721.0	3826.0	0.823	302.0
2986.0	3640.0	3827.0	0.825	1424.0
3406.0	3516.0	3828.0	0.826	872.0
2793.0	3164.0	3829.0	0.83	205.0
3022.0	3514.0	3830.0	0.833	393.0
1892.0	2935.0	3831.0	0.843	90.0
3316.0	3447.0	3832.0	0.849	189.0
1891.0	3366.0	3833.0	0.853	155.0
3470.0	3628.0	3834.0	0.856	274.0
3089.0	3308.0	3835.0	0.863	215.0
3551.0	3627.0	3836.0	0.877	508.0
2849.0	3119.0	3837.0	0.882	174.0
1342.0	2865.0	3838.0	0.888	113.0
179.0	3784.0	3839.0	0.89	330.0
722.0	3207.0	3840.0	0.89	211.0
2955.0	3486.0	3841.0	0.892	381.0
419.0	3631.0	3842.0	0.899	345.0
3405.0	3686.0	3843.0	0.903	625.0
1656.0	1843.0	3844.0	0.905	51.0
3128.0	3373.0	3845.0	0.907	291.0
3136.0	3764.0	3846.0	0.909	576.0
3193.0	3515.0	3847.0	0.909	324.0
56.0	3539.0	3848.0	0.912	405.0
1213.0	2072.0	3849.0	0.913	48.0
246.0	2765.0	3850.0	0.918	174.0
1129.0	3289.0	3851.0	0.922	133.0
529.0	1655.0	3852.0	0.931	76.0
3525.0	3593.0	3853.0	0.932	535.0
3699.0	3785.0	3854.0	0.932	686.0
1689.0	2840.0	3855.0	0.939	174.0
3124.0	3517.0	3856.0	0.941	394.0
568.0	2452.0	3857.0	0.944	176.0
3450.0	3737.0	3858.0	0.952	391.0
3216.0	3242.0	3859.0	0.961	303.0
3457.0	3603.0	3860.0	0.963	611.0
3489.0	3644.0	3861.0	0.972	408.0
3333.0	3574.0	3862.0	0.982	642.0
2831.0	3382.0	3863.0	0.984	357.0
3477.0	3776.0	3864.0	0.99	533.0
3114.0	3763.0	3865.0	0.993	513.0
3052.0	3352.0	3866.0	0.994	372.0
85.0	2081.0	3867.0	0.995	69.0
3083.0	3199.0	3868.0	0.997	297.0
3103.0	3683.0	3869.0	1.0	451.0
3618.0	3673.0	3870.0	1.004	832.0
3440.0	3714.0	3871.0	1.009	1263.0
3120.0	3806.0	3872.0	1.01	281.0
3639.0	3742.0	3873.0	1.022	357.0
3092.0	3781.0	3874.0	1.024	275.0
80.0	3610.0	3875.0	1.031	363.0
2663.0	3746.0	3876.0	1.033	481.0
3579.0	3622.0	3877.0	1.033	437.0
526.0	1209.0	3878.0	1.034	114.0
1859.0	3729.0	3879.0	1.046	193.0
1005.0	3660.0	3880.0	1.047	161.0
3095.0	3419.0	3881.0	1.05	316.0
3679.0	3797.0	3882.0	1.05	949.0
3411.0	3750.0	3883.0	1.058	766.0
1592.0	3568.0	3884.0	1.059	276.0
3548.0	3680.0	3885.0	1.059	889.0
3131.0	3204.0	3886.0	1.071	243.0
1114.0	2103.0	3887.0	1.08	70.0
3245.0	3524.0	3888.0	1.085	377.0
704.0	3258.0	3889.0	1.088	225.0
2842.0	3782.0	3890.0	1.09	218.0
3456.0	3707.0	3891.0	1.103	554.0
3462.0	3831.0	3892.0	1.108	183.0
713.0	3428.0	3893.0	1.11	230.0
3728.0	3808.0	3894.0	1.116	1506.0
3425.0	3690.0	3895.0	1.118	688.0
2843.0	3630.0	3896.0	1.12	222.0
3135.0	3332.0	3897.0	1.124	871.0
3200.0	3351.0	3898.0	1.134	307.0
3507.0	3511.0	3899.0	1.145	308.0
2147.0	3356.0	3900.0	1.154	102.0
1812.0	3019.0	3901.0	1.162	133.0
3817.0	3842.0	3902.0	1.164	1148.0
3331.0	3635.0	3903.0	1.172	414.0
3148.0	3637.0	3904.0	1.174	250.0
3160.0	3391.0	3905.0	1.175	214.0
544.0	3469.0	3906.0	1.177	395.0
3531.0	3667.0	3907.0	1.178	884.0
2597.0	3394.0	3908.0	1.181	205.0
3291.0	3708.0	3909.0	1.183	399.0
2145.0	3658.0	3910.0	1.184	157.0
2661.0	3642.0	3911.0	1.186	396.0
2925.0	3343.0	3912.0	1.192	153.0
3368.0	3839.0	3913.0	1.194	665.0
3736.0	3833.0	3914.0	1.195	607.0
2855.0	3370.0	3915.0	1.196	278.0
3577.0	3711.0	3916.0	1.198	386.0
3557.0	3757.0	3917.0	1.217	624.0
3034.0	3354.0	3918.0	1.221	209.0
3424.0	3504.0	3919.0	1.224	419.0
3570.0	3788.0	3920.0	1.23	338.0
2936.0	3694.0	3921.0	1.232	499.0
3534.0	3843.0	3922.0	1.234	789.0
366.0	3480.0	3923.0	1.235	257.0
3413.0	3498.0	3924.0	1.236	468.0
3703.0	3798.0	3925.0	1.238	508.0
567.0	3346.0	3926.0	1.24	276.0
890.0	3473.0	3927.0	1.245	234.0
2961.0	3870.0	3928.0	1.263	980.0
2926.0	2989.0	3929.0	1.268	169.0
17.0	3485.0	3930.0	1.273	220.0
3538.0	3567.0	3931.0	1.276	524.0
1344.0	2101.0	3932.0	1.282	49.0
3254.0	3828.0	3933.0	1.295	1112.0
3562.0	3664.0	3934.0	1.295	414.0
81.0	530.0	3935.0	1.3	117.0
3556.0	3769.0	3936.0	1.307	440.0
3336.0	3754.0	3937.0	1.315	1177.0
3407.0	3755.0	3938.0	1.321	1023.0
3566.0	3886.0	3939.0	1.322	500.0
3449.0	3474.0	3940.0	1.327	360.0
3669.0	3687.0	3941.0	1.333	626.0
3429.0	3582.0	3942.0	1.334	307.0
3681.0	3762.0	3943.0	1.342	244.0
1327.0	3530.0	3944.0	1.344	285.0
3446.0	3783.0	3945.0	1.347	484.0
3676.0	3830.0	3946.0	1.371	736.0
2018.0	3674.0	3947.0	1.372	276.0
2130.0	3931.0	3948.0	1.377	529.0
249.0	3726.0	3949.0	1.379	119.0
3641.0	3824.0	3950.0	1.381	846.0
3364.0	3508.0	3951.0	1.384	685.0
3433.0	3731.0	3952.0	1.385	944.0
2991.0	3766.0	3953.0	1.389	513.0
311.0	3905.0	3954.0	1.39	267.0
2299.0	3836.0	3955.0	1.39	590.0
3606.0	3790.0	3956.0	1.4	1174.0
3634.0	3803.0	3957.0	1.401	896.0
3848.0	3873.0	3958.0	1.404	762.0
3438.0	3761.0	3959.0	1.406	869.0
3777.0	3827.0	3960.0	1.408	1768.0
660.0	3822.0	3961.0	1.419	258.0
2933.0	3601.0	3962.0	1.436	247.0
3648.0	3837.0	3963.0	1.438	505.0
3334.0	3864.0	3964.0	1.442	630.0
3692.0	3775.0	3965.0	1.442	795.0
3543.0	3585.0	3966.0	1.447	218.0
2168.0	3053.0	3967.0	1.448	249.0
3213.0	3231.0	3968.0	1.448	342.0
625.0	3281.0	3969.0	1.449	206.0
59.0	3675.0	3970.0	1.45	183.0
2083.0	3362.0	3971.0	1.46	190.0
3338.0	3771.0	3972.0	1.461	384.0
3493.0	3653.0	3973.0	1.464	305.0
733.0	2892.0	3974.0	1.468	114.0
3436.0	3662.0	3975.0	1.47	328.0
92.0	3900.0	3976.0	1.471	173.0
3300.0	3626.0	3977.0	1.476	317.0
3821.0	3892.0	3978.0	1.477	845.0
1011.0	3173.0	3979.0	1.479	130.0
3591.0	3871.0	3980.0	1.484	1570.0
2716.0	3555.0	3981.0	1.491	322.0
3244.0	3369.0	3982.0	1.494	574.0
3816.0	3897.0	3983.0	1.508	1672.0
3689.0	3899.0	3984.0	1.516	645.0
3167.0	3476.0	3985.0	1.528	393.0
3613.0	3724.0	3986.0	1.528	370.0
1595.0	3861.0	3987.0	1.535	439.0
3238.0	3695.0	3988.0	1.536	272.0
3186.0	3581.0	3989.0	1.539	382.0
3691.0	3943.0	3990.0	1.548	374.0
3649.0	3933.0	3991.0	1.549	1553.0
3594.0	3804.0	3992.0	1.552	768.0
3220.0	3759.0	3993.0	1.559	639.0
3141.0	3730.0	3994.0	1.564	260.0
3553.0	3868.0	3995.0	1.573	439.0
2077.0	3774.0	3996.0	1.577	289.0
714.0	1345.0	3997.0	1.581	83.0
3363.0	3647.0	3998.0	1.586	235.0
3560.0	3925.0	3999.0	1.588	602.0
2714.0	3607.0	4000.0	1.592	415.0
3578.0	3741.0	4001.0	1.606	956.0
515.0	3067.0	4002.0	1.608	274.0
3273.0	3902.0	4003.0	1.622	1245.0
3665.0	3693.0	4004.0	1.627	524.0
889.0	3698.0	4005.0	1.635	172.0
3799.0	3995.0	4006.0	1.646	789.0
3810.0	3875.0	4007.0	1.65	428.0
3079.0	3874.0	4008.0	1.658	445.0
658.0	1212.0	4009.0	1.661	88.0
1006.0	3202.0	4010.0	1.679	150.0
3752.0	3807.0	4011.0	1.682	1312.0
3722.0	3796.0	4012.0	1.683	724.0
3314.0	3772.0	4013.0	1.684	227.0
3885.0	3996.0	4014.0	1.687	1178.0
3260.0	3793.0	4015.0	1.689	367.0
3501.0	4003.0	4016.0	1.703	1518.0
3468.0	3751.0	4017.0	1.706	571.0
3021.0	3787.0	4018.0	1.708	601.0
3719.0	3898.0	4019.0	1.721	586.0
3179.0	3608.0	4020.0	1.725	188.0
3584.0	3860.0	4021.0	1.727	963.0
1532.0	3671.0	4022.0	1.731	255.0
3564.0	3600.0	4023.0	1.734	234.0
720.0	3786.0	4024.0	1.746	231.0
356.0	3521.0	4025.0	1.751	218.0
3380.0	3646.0	4026.0	1.754	435.0
3483.0	3934.0	4027.0	1.758	637.0
717.0	1004.0	4028.0	1.766	121.0
3650.0	3846.0	4029.0	1.768	708.0
3735.0	3834.0	4030.0	1.774	434.0
3903.0	3944.0	4031.0	1.778	699.0
3815.0	3971.0	4032.0	1.781	474.0
3697.0	3913.0	4033.0	1.783	1415.0
3696.0	3937.0	4034.0	1.805	1666.0
3801.0	3948.0	4035.0	1.808	1782.0
3466.0	3955.0	4036.0	1.816	719.0
3758.0	3845.0	4037.0	1.822	729.0
3743.0	3882.0	4038.0	1.838	1336.0
3544.0	3921.0	4039.0	1.84	765.0
2003.0	2019.0	4040.0	1.842	26.0
3597.0	3854.0	4041.0	1.844	733.0
705.0	3950.0	4042.0	1.845	920.0
3966.0	3975.0	4043.0	1.851	546.0
2875.0	3713.0	4044.0	1.854	439.0
3576.0	3960.0	4045.0	1.86	1905.0
1367.0	3819.0	4046.0	1.861	264.0
3734.0	3895.0	4047.0	1.878	770.0
3598.0	3910.0	4048.0	1.899	331.0
3528.0	3911.0	4049.0	1.9	581.0
1953.0	3907.0	4050.0	1.912	902.0
3668.0	3869.0	4051.0	1.913	723.0
3894.0	3965.0	4052.0	1.922	2301.0
3162.0	3825.0	4053.0	1.925	805.0
3357.0	3453.0	4054.0	1.926	377.0
3441.0	4007.0	4055.0	1.927	460.0
3604.0	3909.0	4056.0	1.928	733.0
3565.0	3623.0	4057.0	1.933	374.0
3906.0	3936.0	4058.0	1.934	835.0
3340.0	3802.0	4059.0	1.935	278.0
3813.0	3915.0	4060.0	1.936	464.0
3841.0	3912.0	4061.0	1.952	534.0
3896.0	3918.0	4062.0	1.955	431.0
3503.0	3780.0	4063.0	1.96	469.0
1370.0	3496.0	4064.0	1.968	154.0
3049.0	3924.0	4065.0	1.972	557.0
3666.0	3770.0	4066.0	1.991	378.0
3583.0	3857.0	4067.0	1.993	203.0
3768.0	3773.0	4068.0	1.998	197.0
3853.0	3952.0	4069.0	2.005	1479.0
3953.0	4022.0	4070.0	2.006	768.0
3616.0	3967.0	4071.0	2.015	473.0
716.0	3887.0	4072.0	2.02	139.0
3311.0	3706.0	4073.0	2.038	562.0
3554.0	3856.0	4074.0	2.042	614.0
3888.0	3964.0	4075.0	2.044	1007.0
3588.0	3881.0	4076.0	2.045	611.0
1659.0	3747.0	4077.0	2.052	188.0
3738.0	3989.0	4078.0	2.053	554.0
3884.0	4019.0	4079.0	2.06	862.0
3454.0	3818.0	4080.0	2.062	325.0
565.0	3663.0	4081.0	2.069	402.0
3335.0	3867.0	4082.0	2.074	151.0
3575.0	3823.0	4083.0	2.074	770.0
3685.0	3858.0	4084.0	2.074	614.0
3863.0	3998.0	4085.0	2.091	592.0
3838.0	3999.0	4086.0	2.093	715.0
3866.0	3891.0	4087.0	2.094	926.0
3633.0	3739.0	4088.0	2.097	473.0
3982.0	4042.0	4089.0	2.099	1494.0
3980.0	4050.0	4090.0	2.113	2472.0
1844.0	3756.0	4091.0	2.119	190.0
3678.0	3957.0	4092.0	2.128	1085.0
3704.0	3716.0	4093.0	2.13	387.0
3914.0	4077.0	4094.0	2.135	795.0
3940.0	4038.0	4095.0	2.148	1696.0
718.0	3502.0	4096.0	2.154	212.0
3609.0	3718.0	4097.0	2.165	522.0
3789.0	3872.0	4098.0	2.17	725.0
2846.0	3638.0	4099.0	2.176	245.0
3595.0	4033.0	4100.0	2.187	1730.0
4004.0	4021.0	4101.0	2.19	1487.0
3748.0	4051.0	4102.0	2.195	926.0
4047.0	4073.0	4103.0	2.206	1332.0
3916.0	4055.0	4104.0	2.208	846.0
3733.0	3800.0	4105.0	2.231	678.0
3851.0	4046.0	4106.0	2.236	397.0
3712.0	3977.0	4107.0	2.248	435.0
1266.0	3082.0	4108.0	2.256	109.0
3919.0	4053.0	4109.0	2.256	1224.0
3702.0	3745.0	4110.0	2.259	490.0
79.0	1551.0	4111.0	2.267	115.0
4000.0	4029.0	4112.0	2.276	1123.0
3717.0	3883.0	4113.0	2.279	869.0
3490.0	3705.0	4114.0	2.283	500.0
1889.0	3970.0	4115.0	2.306	190.0
312.0	3327.0	4116.0	2.308	156.0
3612.0	4063.0	4117.0	2.309	792.0
3605.0	4085.0	4118.0	2.31	932.0
1268.0	3625.0	4119.0	2.315	618.0
3814.0	4045.0	4120.0	2.323	2555.0
3277.0	3961.0	4121.0	2.328	372.0
3901.0	4012.0	4122.0	2.348	857.0
4013.0	4048.0	4123.0	2.348	558.0
3976.0	4030.0	4124.0	2.355	607.0
3958.0	4111.0	4125.0	2.366	877.0
3393.0	4035.0	4126.0	2.369	1910.0
4002.0	4105.0	4127.0	2.369	952.0
3932.0	4041.0	4128.0	2.396	782.0
3935.0	4086.0	4129.0	2.406	832.0
3876.0	4032.0	4130.0	2.411	955.0
3928.0	4027.0	4131.0	2.413	1617.0
3518.0	3740.0	4132.0	2.423	276.0
3847.0	4044.0	4133.0	2.436	763.0
935.0	3533.0	4134.0	2.441	190.0
3442.0	4026.0	4135.0	2.451	582.0
3614.0	3941.0	4136.0	2.452	775.0
3855.0	3990.0	4137.0	2.453	548.0
3418.0	3832.0	4138.0	2.473	371.0
3749.0	4094.0	4139.0	2.477	924.0
3795.0	3893.0	4140.0	2.489	475.0
4069.0	4130.0	4141.0	2.489	2434.0
3880.0	4115.0	4142.0	2.495	351.0
3947.0	4100.0	4143.0	2.509	2006.0
3779.0	3890.0	4144.0	2.516	412.0
3938.0	3956.0	4145.0	2.518	2197.0
3645.0	4080.0	4146.0	2.527	415.0
3889.0	4110.0	4147.0	2.538	715.0
3791.0	3862.0	4148.0	2.539	858.0
3835.0	3981.0	4149.0	2.549	537.0
1133.0	3812.0	4150.0	2.554	348.0
4011.0	4036.0	4151.0	2.561	2031.0
3850.0	4079.0	4152.0	2.563	1036.0
3643.0	4098.0	4153.0	2.564	916.0
3926.0	4106.0	4154.0	2.57	673.0
58.0	4129.0	4155.0	2.581	926.0
4001.0	4145.0	4156.0	2.582	3153.0
3527.0	4075.0	4157.0	2.59	1093.0
3732.0	3959.0	4158.0	2.592	1035.0
4049.0	4070.0	4159.0	2.595	1349.0
3987.0	4092.0	4160.0	2.618	1524.0
3753.0	4125.0	4161.0	2.621	964.0
3778.0	4113.0	4162.0	2.622	1830.0
3877.0	3939.0	4163.0	2.625	937.0
3984.0	4142.0	4164.0	2.626	996.0
3930.0	4120.0	4165.0	2.634	2775.0
3744.0	3805.0	4166.0	2.652	786.0
3826.0	4126.0	4167.0	2.658	2212.0
4054.0	4131.0	4168.0	2.658	1994.0
4078.0	4097.0	4169.0	2.689	1076.0
3951.0	4095.0	4170.0	2.714	2381.0
3973.0	4016.0	4171.0	2.727	1823.0
4081.0	4150.0	4172.0	2.742	750.0
3809.0	4006.0	4173.0	2.75	3131.0
3923.0	4091.0	4174.0	2.75	447.0
4067.0	4136.0	4175.0	2.75	978.0
4103.0	4117.0	4176.0	2.758	2124.0
3849.0	3978.0	4177.0	2.76	893.0
3879.0	4015.0	4178.0	2.769	560.0
4018.0	4088.0	4179.0	2.776	1074.0
3993.0	4065.0	4180.0	2.788	1196.0
3794.0	3904.0	4181.0	2.812	532.0
1003.0	4104.0	4182.0	2.813	893.0
2123.0	4052.0	4183.0	2.813	2306.0
3811.0	4089.0	4184.0	2.817	1704.0
4014.0	4183.0	4185.0	2.823	3484.0
3374.0	3985.0	4186.0	2.862	546.0
2047.0	3954.0	4187.0	2.874	276.0
3840.0	4153.0	4188.0	2.877	1127.0
4034.0	4101.0	4189.0	2.882	3153.0
367.0	4148.0	4190.0	2.883	935.0
3994.0	4059.0	4191.0	2.884	538.0
4083.0	4168.0	4192.0	2.885	2764.0
4039.0	4160.0	4193.0	2.89	2289.0
3908.0	3983.0	4194.0	2.891	1877.0
3684.0	4144.0	4195.0	2.914	593.0
3949.0	4099.0	4196.0	2.92	364.0
3865.0	4133.0	4197.0	2.923	1276.0
3946.0	4017.0	4198.0	2.931	1307.0
3920.0	4109.0	4199.0	2.948	1562.0
3922.0	4193.0	4200.0	2.955	3078.0
3547.0	3963.0	4201.0	2.97	847.0
3878.0	4155.0	4202.0	2.979	1040.0
4119.0	4141.0	4203.0	2.984	3052.0
3852.0	4182.0	4204.0	2.992	969.0
3767.0	4171.0	4205.0	3.001	1996.0
1346.0	4177.0	4206.0	3.019	934.0
3792.0	4170.0	4207.0	3.025	2549.0
3992.0	4040.0	4208.0	3.028	794.0
3962.0	4068.0	4209.0	3.032	444.0
4056.0	4124.0	4210.0	3.038	1340.0
4127.0	4184.0	4211.0	3.038	2656.0
1657.0	4164.0	4212.0	3.056	1026.0
4064.0	4175.0	4213.0	3.069	1132.0
3725.0	4128.0	4214.0	3.076	922.0
3991.0	4058.0	4215.0	3.098	2388.0
3968.0	4090.0	4216.0	3.108	2814.0
3917.0	4151.0	4217.0	3.114	2655.0
3829.0	4062.0	4218.0	3.119	636.0
4188.0	4205.0	4219.0	3.125	3123.0
4010.0	4031.0	4220.0	3.134	849.0
4024.0	4084.0	4221.0	3.14	845.0
4122.0	4192.0	4222.0	3.153	3621.0
4008.0	4176.0	4223.0	3.16	2569.0
3969.0	4121.0	4224.0	3.197	578.0
4074.0	4118.0	4225.0	3.201	1546.0
4167.0	4169.0	4226.0	3.206	3288.0
3655.0	4203.0	4227.0	3.223	3121.0
3520.0	4211.0	4228.0	3.238	2842.0
3974.0	4178.0	4229.0	3.24	674.0
4057.0	4187.0	4230.0	3.241	650.0
3632.0	4162.0	4231.0	3.256	2062.0
3510.0	4207.0	4232.0	3.259	2721.0
4199.0	4209.0	4233.0	3.264	2006.0
4096.0	4146.0	4234.0	3.273	627.0
4093.0	4138.0	4235.0	3.29	758.0
3859.0	4060.0	4236.0	3.296	767.0
4165.0	4173.0	4237.0	3.31	5906.0
4147.0	4232.0	4238.0	3.331	3436.0
4114.0	4157.0	4239.0	3.343	1593.0
4194.0	4208.0	4240.0	3.368	2671.0
2122.0	3250.0	4241.0	3.369	122.0
248.0	3979.0	4242.0	3.379	196.0
715.0	4023.0	4243.0	3.379	280.0
3820.0	4140.0	4244.0	3.381	530.0
4152.0	4218.0	4245.0	3.395	1672.0
3997.0	4139.0	4246.0	3.409	1007.0
4061.0	4201.0	4247.0	3.413	1381.0
3986.0	4107.0	4248.0	3.419	805.0
2169.0	4156.0	4249.0	3.422	3158.0
4123.0	4189.0	4250.0	3.454	3711.0
3972.0	4179.0	4251.0	3.456	1458.0
4087.0	4216.0	4252.0	3.502	3740.0
2071.0	4246.0	4253.0	3.508	1013.0
4071.0	4180.0	4254.0	3.516	1669.0
3929.0	4191.0	4255.0	3.528	707.0
1890.0	4214.0	4256.0	3.534	934.0
4066.0	4159.0	4257.0	3.548	1727.0
4172.0	4185.0	4258.0	3.598	4234.0
4025.0	4037.0	4259.0	3.6	947.0
1654.0	4161.0	4260.0	3.616	994.0
3670.0	4143.0	4261.0	3.618	2209.0
4134.0	4166.0	4262.0	3.633	976.0
3927.0	4005.0	4263.0	3.634	406.0
4112.0	4198.0	4264.0	3.641	2430.0
4230.0	4254.0	4265.0	3.659	2319.0
4028.0	4174.0	4266.0	3.669	568.0
4210.0	4249.0	4267.0	3.684	4498.0
3942.0	4222.0	4268.0	3.695	3928.0
4135.0	4240.0	4269.0	3.722	3253.0
3945.0	4220.0	4270.0	3.736	1333.0
4076.0	4226.0	4271.0	3.747	3899.0
2175.0	4241.0	4272.0	3.844	129.0
4250.0	4271.0	4273.0	3.872	7610.0
4217.0	4261.0	4274.0	3.884	4864.0
3439.0	4256.0	4275.0	3.918	998.0
3988.0	4248.0	4276.0	3.923	1077.0
4108.0	4260.0	4277.0	3.931	1103.0
4154.0	4251.0	4278.0	3.932	2131.0
4102.0	4258.0	4279.0	3.941	5160.0
4181.0	4197.0	4280.0	3.987	1808.0
4020.0	4259.0	4281.0	3.989	1135.0
4116.0	4186.0	4282.0	4.002	702.0
4158.0	4245.0	4283.0	4.018	2707.0
4137.0	4235.0	4284.0	4.076	1306.0
4219.0	4236.0	4285.0	4.089	3890.0
3844.0	4195.0	4286.0	4.103	644.0
4215.0	4237.0	4287.0	4.106	8294.0
4262.0	4263.0	4288.0	4.134	1382.0
3546.0	4212.0	4289.0	4.137	1117.0
4231.0	4252.0	4290.0	4.148	5802.0
1132.0	4276.0	4291.0	4.262	1111.0
732.0	4277.0	4292.0	4.276	1148.0
4009.0	4244.0	4293.0	4.354	618.0
4082.0	4206.0	4294.0	4.397	1085.0
4190.0	4269.0	4295.0	4.436	4188.0
4163.0	4284.0	4296.0	4.437	2243.0
3710.0	4268.0	4297.0	4.443	4050.0
4264.0	4279.0	4298.0	4.478	7590.0
4213.0	4274.0	4299.0	4.546	5996.0
4228.0	4272.0	4300.0	4.632	2971.0
4149.0	4229.0	4301.0	4.654	1211.0
4243.0	4280.0	4302.0	4.665	2088.0
4267.0	4287.0	4303.0	4.725	12792.0
4270.0	4273.0	4304.0	4.788	8943.0
4221.0	4281.0	4305.0	4.805	1980.0
4204.0	4301.0	4306.0	4.829	2180.0
4247.0	4288.0	4307.0	4.871	2763.0
4225.0	4295.0	4308.0	4.878	5734.0
4233.0	4242.0	4309.0	4.883	2202.0
4202.0	4291.0	4310.0	4.906	2151.0
4196.0	4282.0	4311.0	4.945	1066.0
4072.0	4286.0	4312.0	5.046	783.0
4292.0	4296.0	4313.0	5.081	3391.0
4283.0	4308.0	4314.0	5.084	8441.0
4299.0	4303.0	4315.0	5.272	18788.0
4132.0	4304.0	4316.0	5.32	9219.0
4305.0	4316.0	4317.0	5.485	11199.0
4290.0	4315.0	4318.0	5.495	24590.0
4298.0	4317.0	4319.0	5.599	18789.0
4043.0	4314.0	4320.0	5.755	8987.0
4239.0	4311.0	4321.0	5.766	2659.0
4309.0	4318.0	4322.0	5.876	26792.0
4285.0	4322.0	4323.0	5.946	30682.0
4227.0	4319.0	4324.0	6.03	21910.0
4266.0	4307.0	4325.0	6.038	3331.0
4306.0	4320.0	4326.0	6.067	11167.0
4257.0	4278.0	4327.0	6.073	3858.0
4238.0	4324.0	4328.0	6.111	25346.0
4223.0	4323.0	4329.0	6.128	33251.0
4300.0	4329.0	4330.0	6.156	36222.0
4328.0	4330.0	4331.0	6.212	61568.0
4200.0	4331.0	4332.0	6.278	64646.0
4302.0	4332.0	4333.0	6.412	66734.0
4327.0	4333.0	4334.0	6.454	70592.0
4297.0	4334.0	4335.0	6.481	74642.0
4265.0	4321.0	4336.0	6.485	4978.0
4326.0	4336.0	4337.0	6.565	16145.0
4234.0	4325.0	4338.0	6.57	3958.0
4335.0	4337.0	4339.0	6.599	90787.0
4224.0	4339.0	4340.0	6.731	91365.0
4338.0	4340.0	4341.0	6.821	95323.0
