1 31 1 1
1 24 1 3
1 15 8 0
1 31 1 0
1 35 0 2
1 25 3 1
1 35 0 3
1 26 2 3
1 26 1 0
1 22 1 1
1 30 1 1
1 32 2 0
1 28 1 0
1 38 0 4
1 27 1 1
1 18 7 3
1 21 3 3
1 21 0 1
1 32 0 1
1 23 1 3
1 30 0 2
1 35 2 0
1 27 0 0
1 29 2 1
1 26 3 1
1 29 2 3
1 30 0 2
1 22 6 3
1 31 0 1
1 29 0 4
1 30 1 2
1 20 1 2
1 25 0 0
1 23 0 1
1 34 1 0
1 34 0 3
1 27 3 1
1 20 2 1
1 24 1 1
1 27 2 1
1 22 1 1
1 25 3 1
1 32 3 0
1 20 1 1
1 24 1 2
1 23 3 2
1 23 4 2
1 22 3 2
1 29 1 0
1 25 2 4
1 20 1 2
1 32 1 1
1 31 4 0
1 27 4 2
1 26 3 3
1 22 2 1
1 28 1 1
1 24 2 1
1 7 8 1
1 30 1 2
1 28 2 3
1 25 0 1
1 31 0 1
1 33 1 0
1 41 2 2
1 22 5 2
1 30 0 1
1 28 0 1
1 21 4 0
1 22 4 4
1 19 1 0
1 29 4 4
1 22 1 3
1 24 2 1
1 29 2 1
1 31 2 2
1 26 1 2
1 23 0 2
1 32 2 3
1 22 0 0
1 29 1 1
1 30 0 2
1 30 3 1
1 29 0 4
1 33 1 1
1 28 2 0
1 26 5 0
1 23 2 2
1 26 3 2
1 26 2 3
1 21 1 1
1 28 2 2
1 29 4 0
1 23 1 2
1 29 1 1
1 26 1 2
1 32 2 2
1 23 1 1
1 29 3 1
1 25 2 2
1 27 0 2
1 27 1 2
1 24 2 3
1 37 2 2
1 29 0 4
1 30 0 4
1 29 2 2
1 15 4 3
1 24 2 0
1 19 3 2
1 36 1 1
1 27 4 3
1 24 2 0
1 34 1 2
1 28 1 3
1 18 3 4
1 27 0 4
1 25 1 2
1 25 0 1
1 25 2 2
1 26 3 0
1 20 2 4
1 29 3 3
1 26 5 2
1 25 2 0
1 27 4 2
1 23 3 3
1 23 2 3
1 28 0 3
1 37 0 4
1 27 2 1
1 28 2 1
1 35 1 1
1 25 2 1
1 29 2 4
1 25 2 1
1 24 2 4
1 28 1 1
1 23 2 1
1 32 1 2
1 29 2 2
1 23 1 1
1 25 4 3
1 32 2 0
1 20 5 2
1 23 4 2
1 26 2 0
1 26 2 3
1 26 1 1
1 22 1 1
1 28 2 2
1 32 2 1
1 26 2 2
1 28 0 2
1 23 1 2
1 24 6 0
1 30 1 2
1 28 2 1
1 23 6 1
1 19 5 0
1 30 1 0
1 24 5 2
1 30 2 0
1 22 2 0
1 27 8 3
1 21 8 3
1 40 0 2
1 33 0 0
1 30 0 0
1 37 0 2
1 32 0 0
1 26 1 1
1 12 1 0
1 33 2 1
1 23 4 3
1 29 4 2
1 25 3 0
1 25 2 2
1 23 2 4
1 23 3 4
1 21 4 1
1 37 1 0
1 23 3 1
1 32 1 2
1 33 3 0
1 18 1 1
1 24 2 1
1 19 2 0
1 23 1 1
1 19 6 1
1 36 1 6
1 31 1 8
1 25 1 6
1 26 2 5
1 20 9 3
1 21 6 2
1 28 2 2
1 22 2 2
1 22 0 1
1 25 1 3
1 7 8 1
1 31 3 2
1 26 2 1
1 23 3 2
1 25 4 1
1 27 0 5
1 24 4 3
1 20 1 1
1 20 4 1
1 24 3 3
1 27 1 3
1 32 1 3
1 26 0 4
1 32 0 1
1 24 2 3
1 33 2 0
1 30 3 2
1 29 2 1
1 22 5 2
1 26 0 3
1 18 6 2
1 17 6 2
1 20 5 1
1 23 2 1
1 24 2 4
1 25 3 2
1 32 2 0
1 27 1 3
1 26 1 1
1 21 3 3
1 23 3 4
1 24 1 4
1 32 1 2
1 27 2 1
1 19 5 1
1 28 2 2
1 27 2 2
1 31 2 2
1 28 0 0
1 32 1 2
1 30 1 2
1 25 2 3
1 27 1 2
1 29 0 1
1 26 2 1
1 34 1 2
1 19 3 2
1 22 4 1
1 21 1 1
1 27 3 1
1 29 2 2
1 22 1 2
1 24 2 2
1 21 3 0
1 28 0 0
1 25 3 3
1 28 3 0
1 27 0 3
1 31 1 6
1 31 1 6
1 24 1 1
1 19 2 0
1 17 3 2
1 25 1 1
1 27 2 1
1 25 2 1
1 29 2 1
1 17 6 2
1 26 4 3
1 26 3 4
1 22 0 4
1 33 2 0
1 32 2 1
1 23 2 1
1 27 2 2
1 26 2 1
1 24 1 0
1 22 4 3
1 29 0 0
1 28 1 1
1 28 3 3
1 27 2 4
1 32 2 1
1 30 1 1
1 27 1 5
1 34 1 1
1 32 0 2
1 20 4 2
1 32 0 2
1 29 2 2
1 21 1 1
1 26 3 2
1 25 1 1
1 30 1 2
1 28 2 2
1 26 4 3
1 28 1 1
1 25 2 2
1 26 2 2
1 24 1 2
1 24 3 2
1 27 1 2
1 28 0 3
1 31 1 2
1 28 2 0
1 25 2 2
1 20 1 0
1 30 2 1
1 25 0 2
1 30 3 1
1 29 0 3
1 23 1 2
1 27 3 0
1 19 7 1
1 25 2 2
1 32 1 4
1 35 1 3
1 28 3 3
1 25 1 2
1 27 0 2
1 30 1 3
1 23 5 1
1 33 0 1
1 25 0 1
1 24 1 0
1 18 5 1
1 24 0 3
1 32 1 3
1 28 0 2
1 18 1 1
1 22 2 1
1 15 6 1
1 27 0 1
1 29 3 0
1 20 1 4
1 26 4 3
1 29 2 1
1 28 1 5
1 26 0 2
1 29 1 2
1 28 0 2
1 25 0 3
1 25 4 1
1 20 3 0
1 20 3 0
1 28 2 1
1 24 2 4
1 26 1 2
1 25 1 3
1 21 2 1
1 34 0 1
1 25 1 5
1 28 1 3
1 24 0 2
1 33 0 2
1 28 2 4
1 25 1 4
1 18 2 0
1 24 0 2
1 24 3 1
1 16 6 0
1 26 4 7
1 29 6 3
1 29 0 0
1 18 6 1
1 19 5 2
1 23 4 2
1 25 3 2
1 27 1 2
1 27 1 2
1 27 2 0
1 30 0 0
1 25 1 1
1 15 1 2
1 22 5 2
1 34 1 0
1 23 4 1
1 27 3 3
1 32 2 1
1 22 6 0
1 20 1 0
1 29 1 1
1 23 1 0
1 20 4 1
1 22 3 1
1 25 1 2
1 31 3 1
1 24 5 0
1 27 1 2
1 25 0 3
1 26 1 3
1 26 0 2
1 21 3 3
1 28 2 1
1 25 0 2
1 26 1 3
1 23 4 3
1 23 4 1
1 37 2 3
1 27 2 3
1 27 1 2
1 27 1 2
1 28 2 3
1 19 1 2
1 25 3 2
1 21 6 3
1 22 4 0
1 32 2 3
1 19 3 0
1 24 2 3
1 20 2 2
1 34 1 4
1 28 4 0
1 19 4 2
1 32 0 1
1 22 0 1
1 30 1 2
1 17 4 0
1 25 1 1
1 23 2 3
1 36 0 0
1 26 2 0
1 19 4 0
1 22 3 1
1 26 0 3
1 20 2 0
1 26 1 3
1 23 1 2
1 21 1 1
1 20 1 2
1 13 1 0
1 11 5 0
1 28 2 1
1 26 4 2
1 34 1 4
1 22 4 3
1 33 1 2
1 34 2 1
1 24 0 1
1 30 3 4
1 23 3 5
1 30 1 2
1 22 3 0
1 27 0 3
1 26 0 4
1 23 2 5
1 28 0 0
1 28 2 2
1 20 1 1
1 31 2 4
1 32 2 1
1 25 2 1
1 33 4 0
1 27 3 0
1 23 2 1
1 18 5 2
1 20 0 0
1 25 2 0
1 24 2 2
1 24 2 1
1 20 1 1
1 17 5 1
1 27 3 1
1 20 1 4
1 20 2 1
1 21 3 0
1 23 3 1
1 19 6 3
1 23 1 1
1 22 5 5
1 31 1 4
1 24 1 2
1 17 2 1
1 30 3 1
1 32 0 2
1 22 0 1
1 23 6 1
1 24 2 1
1 26 0 2
1 29 2 3
1 21 3 3
1 22 0 3
1 26 2 0
1 22 5 1
1 35 0 1
1 31 1 1
1 23 0 4
1 29 2 1
1 22 0 3
1 28 0 3
1 33 1 2
1 31 2 4
1 31 0 1
1 17 2 1
1 29 1 1
1 22 2 1
1 31 1 2
1 25 2 2
1 17 1 3
1 26 3 4
1 27 6 2
1 31 2 1
1 34 1 3
1 25 3 2
1 23 3 2
1 25 3 2
1 26 5 2
1 29 4 2
1 28 0 3
1 22 0 3
1 27 3 2
1 19 3 1
1 27 2 1
1 36 1 1
1 20 4 2
1 23 0 2
1 27 0 1
1 22 1 0
1 20 1 1
1 29 0 1
1 26 3 1
1 23 1 1
1 17 1 0
1 29 2 1
1 27 4 4
1 31 1 4
1 26 1 1
1 29 1 2
1 15 3 2
1 21 2 1
1 24 3 1
1 27 2 4
1 18 4 1
1 23 3 2
1 24 3 1
1 29 2 0
1 30 1 0
1 38 0 2
1 23 0 1
1 27 2 1
1 30 0 3
1 24 0 3
1 25 2 2
1 30 0 1
1 24 7 1
1 20 3 1
1 23 1 4
1 29 1 4
1 21 5 1
1 18 1 3
1 27 3 1
1 22 5 0
1 27 0 1
1 25 4 2
1 32 0 1
1 32 3 1
1 23 2 4
1 27 0 3
1 32 2 3
1 22 4 1
1 31 4 2
1 24 0 1
1 24 2 0
1 22 2 1
1 25 3 4
1 19 4 3
1 22 2 1
1 32 1 1
1 19 1 1
1 26 4 1
1 24 4 1
1 22 5 2
1 32 1 1
1 26 1 2
1 27 3 2
1 26 1 2
1 26 0 4
1 20 1 3
1 21 1 2
1 19 1 3
1 22 1 4
1 33 2 0
1 24 5 0
1 23 4 1
1 22 0 3
1 24 0 3
1 21 2 3
1 30 2 2
1 33 2 2
1 20 5 1
1 21 2 0
1 20 1 1
1 24 0 1
1 26 0 2
1 26 2 0
1 25 2 1
1 31 0 4
1 23 0 1
1 31 1 2
1 25 0 2
1 27 0 1
1 21 3 1
1 38 2 2
1 33 1 2
1 16 4 1
1 30 3 1
1 25 2 0
1 19 4 2
1 21 3 2
1 30 2 6
1 21 0 4
1 27 2 1
1 24 3 1
1 29 2 0
1 38 1 2
1 35 0 5
1 33 0 7
1 23 2 2
1 22 3 0
1 26 6 3
1 28 2 1
1 27 0 2
1 19 4 2
1 27 3 2
1 31 3 3
1 29 1 1
1 29 1 3
1 27 0 1
1 21 5 1
1 28 5 3
1 24 2 4
1 25 4 0
1 29 3 2
1 31 0 3
1 28 0 3
1 32 2 4
1 31 2 2
1 38 0 1
1 27 1 0
1 24 2 2
1 27 1 3
1 37 1 1
1 27 2 2
1 25 1 2
1 20 4 1
1 27 3 3
1 25 2 2
1 27 0 2
1 28 0 3
1 25 0 2
1 30 2 2
1 25 3 2
1 18 4 2
1 15 5 1
1 24 0 0
1 19 0 1
1 22 0 1
1 32 0 1
1 23 2 0
1 30 0 2
1 22 3 1
1 19 2 0
1 17 3 1
1 27 0 0
1 28 2 3
1 32 0 4
1 27 2 0
1 27 1 3
1 31 1 1
1 14 0 0
1 26 2 2
1 24 2 3
1 22 6 3
1 21 5 1
1 22 2 4
1 27 2 2
1 27 6 0
1 30 1 2
1 28 4 0
1 36 1 0
1 23 2 0
1 28 0 3
1 29 4 0
1 27 0 1
1 24 0 2
1 32 1 1
1 28 3 2
1 18 1 1
1 16 5 2
1 15 3 2
1 22 3 1
1 19 10 2
1 27 2 3
1 25 3 3
1 29 3 4
1 25 1 2
1 22 2 1
1 22 0 4
1 22 2 2
1 29 3 2
1 26 0 0
1 22 4 2
1 36 1 1
1 26 0 1
1 16 3 1
1 30 1 0
1 25 0 5
1 27 2 3
1 25 0 3
1 21 1 4
1 28 2 1
1 25 0 3
1 24 1 1
1 27 2 0
1 25 0 1
1 25 2 1
1 25 1 3
1 28 1 1
1 29 2 0
1 28 0 1
1 26 1 1
1 25 2 2
1 24 1 1
1 17 1 3
1 22 1 0
1 30 3 3
1 27 2 4
1 38 0 0
1 19 0 4
1 30 2 0
1 18 3 2
1 20 0 0
1 27 2 1
1 17 3 3
1 30 1 1
1 23 2 2
1 30 2 1
1 29 2 0
1 29 2 1
1 18 0 3
1 17 3 1
1 27 0 0
1 25 1 1
1 31 1 1
1 23 5 1
1 29 2 3
1 20 2 1
1 23 1 2
1 25 0 2
1 20 0 1
1 23 0 2
1 27 2 0
1 27 1 0
1 23 1 1
1 25 2 0
1 29 3 2
1 26 2 3
1 30 1 5
1 26 1 2
1 23 2 3
1 27 1 1
1 29 0 0
1 35 1 3
1 34 1 2
1 32 1 3
1 22 0 1
1 26 4 1
1 28 3 2
1 30 3 3
1 19 2 4
1 29 0 3
1 30 4 2
1 24 5 1
1 18 3 3
1 27 0 5
1 29 2 1
1 19 5 0
1 34 0 1
1 19 3 2
1 25 1 0
1 27 3 3
1 22 3 0
1 16 3 1
1 25 1 0
1 19 2 2
1 24 1 2
1 33 0 3
1 30 0 4
1 28 2 3
1 19 2 2
1 28 1 0
1 27 3 3
1 33 3 3
1 30 0 4
1 33 0 4
1 30 0 2
1 34 0 0
1 29 0 2
1 37 0 0
1 26 0 3
1 29 0 2
1 27 0 5
1 25 1 1
1 28 1 2
1 21 2 1
1 26 1 2
1 27 2 0
1 21 2 2
1 24 1 1
1 28 1 2
1 27 1 3
1 27 1 2
1 31 0 0
1 28 1 1
1 30 0 3
1 23 3 2
1 34 0 3
1 19 0 2
1 26 4 1
1 32 4 2
1 25 2 1
1 26 2 0
1 25 1 0
1 25 1 0
1 28 1 1
1 22 0 4
1 20 2 0
1 30 1 4
1 21 0 1
1 24 4 0
1 27 2 3
1 30 1 2
1 26 3 0
1 26 0 1
1 23 0 4
1 33 1 2
1 26 0 0
1 22 1 1
1 26 1 1
1 26 3 0
1 17 8 1
1 24 0 2
1 22 2 0
1 24 5 0
1 20 3 3
1 17 3 1
1 16 1 0
1 14 3 0
1 20 0 3
1 25 0 1
1 17 3 0
1 25 0 3
1 25 2 0
1 23 10 2
1 27 1 2
1 27 1 2
1 20 3 1
1 20 3 4
1 26 0 1
1 17 1 2
1 14 1 1
1 24 4 1
1 28 0 4
1 29 3 1
1 31 6 6
1 24 2 3
1 23 0 1
1 29 2 2
1 28 2 3
1 28 0 2
1 25 1 1
1 24 2 2
1 25 2 2
1 14 3 0
1 32 1 3
1 18 4 2
1 26 2 1
1 23 3 1
1 21 1 2
1 29 3 2
1 22 3 0
1 23 0 1
1 28 2 1
1 19 2 0
1 24 2 1
1 33 1 2
1 32 2 3
1 28 1 3
1 32 0 5
1 25 3 1
1 25 0 0
1 28 0 0
1 24 2 3
1 24 2 2
1 33 1 0
1 30 0 1
1 28 2 2
1 19 0 1
1 25 1 0
1 28 2 1
1 22 0 3
1 25 0 0
1 26 2 2
1 30 1 1
1 24 3 1
1 25 3 0
1 29 0 4
1 28 2 1
1 29 0 0
1 20 0 0
1 22 2 1
1 19 2 2
1 25 4 0
1 24 1 1
1 26 3 1
1 21 1 1
1 26 0 2
1 25 0 5
1 24 2 0
1 31 0 1
1 27 4 2
1 27 2 2
1 25 4 1
1 29 2 1
1 27 0 0
1 22 4 3
1 31 1 0
1 31 3 2
1 10 0 1
1 30 1 2
1 15 5 0
1 29 1 2
1 25 2 1
1 25 2 1
1 28 1 1
1 28 3 3
1 29 2 2
1 27 1 2
1 27 2 0
1 32 2 0
1 33 0 1
1 33 0 3
1 23 0 4
1 27 0 2
1 24 1 2
1 28 0 1
1 18 3 2
1 18 4 1
1 24 2 0
1 26 4 3
1 25 2 1
1 31 0 1
1 24 1 4
1 28 0 0
1 20 1 1
1 24 0 2
1 21 1 3
1 24 1 2
1 19 1 2
1 18 2 3
1 21 1 3
1 26 0 3
1 27 2 4
1 26 2 1
1 24 1 2
1 25 1 4
1 26 0 3
1 32 1 3
1 35 1 3
1 35 0 3
1 16 6 1
1 17 4 1
1 31 1 1
1 26 1 1
1 24 1 0
1 27 1 1
1 21 1 2
1 24 0 3
1 21 2 1
1 38 1 2
1 26 1 1
1 10 1 1
1 25 0 0
1 21 2 1
1 28 1 1
1 26 2 1
1 22 2 1
1 23 2 2
1 30 2 1
1 19 0 3
1 24 2 1
1 19 4 1
1 27 0 1
1 29 0 0
1 18 0 3
1 15 3 0
1 16 0 2
1 23 3 1
1 33 0 1
1 25 2 1
1 22 3 2
1 18 2 2
1 29 4 0
1 31 0 1
1 27 1 1
1 22 2 0
1 27 0 3
1 25 1 2
1 16 1 1
1 27 1 0
1 36 0 4
1 22 2 3
1 30 4 3
1 29 0 0
1 30 1 1
1 20 0 2
1 24 4 1
1 26 2 1
1 26 6 2
1 21 3 2
1 18 4 0
1 26 3 1
1 24 0 1
1 24 1 2
1 21 0 2
1 24 3 1
1 25 2 4
1 15 5 2
1 23 1 1
1 20 1 1
1 30 0 3
1 30 3 1
1 27 1 1
1 28 2 1
1 33 1 3
1 22 1 2
1 37 0 0
1 30 0 1
1 34 0 1
1 25 1 2
1 18 3 3
1 23 1 5
1 21 4 4
1 22 2 2
1 29 3 1
1 29 2 1
1 22 2 2
1 28 4 0
1 21 2 2
1 35 1 3
1 18 0 3
1 18 1 0
1 21 1 3
1 29 1 4
1 26 4 2
1 26 6 2
1 21 3 0
1 28 2 1
1 27 1 3
1 26 0 4
1 22 2 7
1 24 3 7
1 22 2 1
1 32 1 1
1 28 4 1
1 26 1 1
1 22 1 3
1 29 0 3
1 19 1 1
1 34 1 1
1 21 2 1
1 23 0 3
1 31 1 0
1 30 1 1
1 25 3 2
1 25 4 2
1 22 3 1
1 25 0 5
1 29 0 2
1 25 1 1
1 27 1 2
1 14 5 1
1 26 0 2
1 31 0 2
1 24 3 2
1 28 3 4
1 26 0 0
1 31 0 2
1 25 2 2
1 20 5 3
1 23 4 4
1 30 1 2
1 32 3 2
1 22 6 2
1 21 2 3
1 19 4 3
1 30 4 1
1 32 0 1
1 19 4 1
1 28 1 0
1 22 2 1
1 25 0 2
1 24 0 2
1 23 1 3
1 29 2 3
1 24 1 1
1 27 2 3
1 30 2 3
1 25 1 3
1 23 1 3
1 31 2 2
1 24 2 4
1 29 1 0
1 29 1 4
1 27 2 0
1 28 0 0
1 24 2 2
1 30 1 1
1 28 2 0
1 20 2 2
1 35 0 0
1 30 0 2
1 18 1 2
1 25 1 3
1 21 1 4
1 25 1 3
1 25 3 2
1 21 2 3
1 14 7 3
1 13 4 1
1 16 3 1
1 23 5 0
1 31 0 2
1 30 3 2
1 30 1 4
1 25 3 4
1 18 4 0
1 26 1 3
1 30 5 0
1 22 1 1
1 26 5 2
1 22 2 2
1 34 0 1
1 35 1 1
1 24 5 4
1 31 3 3
1 26 0 1
1 24 1 0
1 26 3 3
1 28 2 0
1 18 0 1
1 23 0 1
1 24 2 2
1 25 3 3
1 16 3 1
1 24 1 2
1 25 0 0
1 29 0 1
1 30 3 1
1 30 1 4
1 30 3 1
1 21 3 2
1 23 1 1
1 23 5 1
1 25 6 2
1 22 2 0
1 26 2 0
1 23 0 2
1 22 1 2
1 36 0 1
1 30 1 4
1 31 2 4
1 23 2 3
1 28 3 1
1 24 2 5
1 25 0 0
1 35 0 1
1 29 0 2
1 21 2 1
1 28 0 1
1 25 1 4
1 29 2 0
1 26 4 1
1 27 4 2
1 27 0 3
1 22 0 2
1 31 0 4
1 24 0 2
1 32 0 0
1 28 1 2
1 26 1 2
1 28 1 2
1 17 1 1
1 27 2 1
1 20 0 0
1 21 3 1
1 20 5 0
1 29 1 0
1 36 1 0
1 29 0 1
1 27 1 3
1 25 4 3
1 32 2 1
1 22 5 0
1 22 3 0
1 26 1 1
1 25 0 2
1 28 1 2
1 30 5 3
1 27 2 2
1 31 1 4
1 34 0 1
1 24 3 4
1 19 3 2
1 36 1 2
1 30 0 1
1 15 3 0
1 31 2 2
1 26 3 2
1 24 2 5
1 32 1 7
1 24 1 1
1 26 0 3
1 28 0 1
1 21 3 3
1 23 1 3
1 21 1 3
1 28 1 3
1 26 0 1
1 24 3 2
1 33 0 3
1 26 2 1
1 22 2 0
1 17 3 2
1 26 2 2
1 31 0 3
1 28 0 1
1 31 0 2
1 25 2 1
1 31 2 0
1 26 1 1
1 33 0 3
1 29 2 4
1 24 2 3
1 27 1 3
1 25 0 2
1 27 2 3
1 26 2 1
1 30 2 1
1 27 1 0
1 22 2 0
1 27 1 3
1 27 1 2
1 24 1 2
1 29 2 3
1 30 0 2
1 27 4 0
1 30 1 1
1 23 1 1
1 15 2 1
1 29 0 1
1 18 2 2
1 17 2 2
1 26 0 2
1 22 0 2
1 26 0 2
1 25 3 0
1 20 8 1
1 36 4 0
1 29 4 0
1 28 3 1
1 25 0 1
1 21 3 1
1 26 3 2
1 19 0 3
1 23 1 2
1 24 0 2
1 30 1 3
1 29 3 2
1 21 0 0
1 13 2 2
1 15 2 0
1 24 2 2
1 20 0 3
1 24 1 2
1 19 3 1
1 28 1 2
1 23 1 2
1 28 2 4
1 28 2 0
1 17 1 1
1 23 1 1
1 25 0 2
1 19 0 2
1 26 0 3
1 22 5 2
1 33 0 1
1 30 3 4
1 23 4 3
1 12 5 2
1 25 0 1
1 28 0 1
1 24 6 0
1 26 1 3
1 19 0 3
1 20 3 4
1 26 2 0
1 27 1 0
1 21 3 2
1 17 2 3
1 25 0 4
1 22 1 1
1 28 1 3
1 25 2 0
1 25 1 2
1 31 2 2
1 19 1 3
1 26 1 3
1 26 5 0
1 24 1 2
1 25 2 0
1 29 0 5
1 26 1 1
1 24 2 0
1 30 3 1
1 29 1 2
1 25 3 2
1 24 2 1
0 11 2 0
0 3 2 1
0 4 3 1
0 13 1 3
0 14 0 0
0 10 1 0
0 11 2 0
0 12 2 0
0 12 2 1
0 14 0 0
0 8 1 1
0 15 1 1
0 18 0 0
0 14 1 2
0 19 2 0
0 6 3 0
0 14 0 1
0 12 2 1
0 9 2 0
0 16 0 1
0 10 0 1
0 19 0 3
0 14 0 1
0 14 1 1
0 11 0 1
0 14 1 0
0 9 3 1
0 11 0 2
0 15 0 1
0 18 1 2
0 15 0 0
0 10 2 0
0 11 4 0
0 10 3 1
0 12 0 1
0 12 0 0
0 8 2 0
0 13 1 0
0 11 1 2
0 18 0 1
0 10 1 1
0 15 0 0
0 17 0 1
0 16 1 1
0 7 2 0
0 14 1 2
0 15 0 1
0 16 1 0
0 15 2 0
0 13 1 1
0 10 0 0
0 9 0 1
0 12 0 0
0 13 0 0
0 13 1 3
0 15 0 3
0 16 2 1
0 11 1 1
0 9 1 1
0 16 1 0
0 13 1 1
0 10 3 1
0 17 2 0
0 17 0 1
0 17 1 1
0 16 1 1
0 12 2 1
0 17 0 0
0 12 1 0
0 12 0 0
0 18 0 2
0 6 0 0
0 13 1 1
0 16 0 1
0 13 1 0
0 15 1 1
0 9 1 1
0 18 1 0
0 15 1 0
0 6 2 1
0 14 0 3
0 11 0 1
0 17 0 2
0 18 1 1
0 4 0 0
0 14 0 0
0 16 0 2
0 19 0 0
0 17 0 3
0 12 1 0
0 9 3 0
0 17 1 2
0 10 0 0
0 16 0 1
0 13 1 3
0 10 3 0
0 15 0 2
0 11 0 0
0 15 0 0
0 15 0 0
0 11 0 1
0 11 0 2
0 7 3 1
0 13 0 0
0 10 1 0
0 16 0 1
0 17 0 0
0 6 1 0
0 18 0 1
0 17 0 1
0 8 0 2
0 9 6 1
0 14 0 1
0 12 1 0
0 6 1 0
0 17 2 1
0 13 1 4
0 11 1 3
0 8 1 0
0 20 0 0
0 12 2 0
0 17 0 1
0 9 2 4
0 15 0 0
0 9 3 0
0 16 0 0
0 14 1 2
0 6 0 0
0 9 2 1
0 9 1 1
0 15 1 1
0 12 0 0
0 12 0 2
0 11 0 0
0 17 0 2
0 17 0 0
0 7 1 0
0 10 0 0
0 13 0 2
0 17 2 0
0 18 0 1
0 4 0 0
0 14 1 3
0 8 1 1
0 18 0 1
0 13 0 1
0 10 1 1
0 14 0 2
0 18 0 1
0 15 3 0
0 14 0 1
0 14 1 0
0 12 0 1
0 14 1 1
0 12 0 1
0 11 0 1
0 14 0 0
0 16 0 1
0 10 1 0
0 10 0 0
0 16 1 0
0 3 0 2
0 9 2 1
0 7 1 1
0 13 1 1
0 5 1 0
0 10 0 0
0 13 1 2
0 16 2 1
0 13 1 0
0 17 0 2
0 16 0 0
0 14 2 1
0 12 1 1
0 12 0 0
0 11 0 2
0 13 4 1
0 17 0 1
0 8 0 1
0 11 0 0
0 9 0 1
0 16 0 2
0 9 0 0
0 16 1 0
0 9 0 1
0 14 0 1
0 17 0 0
0 16 1 0
0 15 2 1
0 12 2 0
0 20 1 0
0 18 1 0
0 12 3 2
0 8 0 0
0 12 0 2
0 13 0 1
0 21 0 0
0 11 0 1
0 14 2 1
0 16 0 0
0 10 0 0
0 8 0 2
0 18 1 2
0 13 0 2
0 14 2 1
0 20 0 0
0 14 0 3
0 13 1 0
0 16 1 2
0 13 2 0
0 11 0 1
0 14 1 0
0 11 0 2
0 17 1 1
0 7 2 1
0 15 0 2
0 14 0 1
0 12 0 1
0 8 0 2
0 16 0 2
0 10 0 1
0 15 1 0
0 10 0 1
0 15 0 1
0 17 0 1
0 12 0 1
0 17 0 0
0 15 0 1
0 14 1 1
0 14 0 0
0 19 0 0
0 11 0 0
0 13 2 1
0 12 0 2
0 17 1 0
0 13 0 2
0 12 0 1
0 8 0 2
0 16 1 1
0 18 0 0
0 14 1 0
0 11 0 2
0 12 2 0
0 16 0 1
0 17 0 0
0 15 0 2
0 10 0 1
0 12 3 0
0 16 0 2
0 5 1 2
0 17 0 0
0 13 0 1
0 11 0 3
0 13 1 2
0 13 1 1
0 14 0 0
0 12 0 2
0 10 1 1
0 18 1 0
0 13 1 1
0 14 1 1
0 10 0 0
0 17 0 0
0 12 2 1
0 11 1 0
0 14 0 3
0 14 0 1
0 14 0 2
0 12 0 0
0 9 3 1
0 15 2 3
0 13 1 0
0 12 0 0
0 16 1 1
0 13 0 0
0 15 0 1
0 13 1 1
0 13 2 3
0 16 1 4
0 13 0 0
0 10 0 1
0 14 0 2
0 13 0 1
0 15 1 1
0 19 0 1
0 8 0 0
0 11 1 1
0 10 4 0
0 13 1 1
0 13 0 2
0 11 0 0
0 13 0 3
0 13 2 0
0 16 3 1
0 17 0 0
0 13 0 1
0 12 0 1
0 11 0 1
0 17 0 1
0 18 0 0
0 7 0 1
0 16 1 1
0 10 0 0
0 10 2 1
0 17 0 1
0 10 1 0
0 15 2 1
0 9 1 3
0 13 3 0
0 14 0 2
0 7 0 0
0 16 1 1
0 15 0 1
0 14 0 0
0 10 1 1
0 13 0 0
0 16 1 3
0 13 0 1
0 16 1 1
0 14 0 0
0 10 2 1
0 13 1 2
0 19 0 1
0 15 0 1
0 15 0 1
0 17 1 2
0 4 1 1
0 8 2 2
0 7 0 0
0 14 1 0
0 21 0 0
0 8 1 0
0 8 0 0
0 9 1 2
0 10 1 0
0 15 0 5
0 11 1 1
0 18 1 0
0 15 0 1
0 15 0 0
0 10 2 1
0 23 0 0
0 18 0 0
0 13 0 2
0 13 0 1
0 8 2 3
0 17 0 0
0 13 0 0
0 13 0 2
0 8 0 1
0 11 0 0
0 11 2 0
0 12 3 2
0 12 0 1
0 9 0 0
0 16 0 1
0 16 1 0
0 3 0 3
0 14 0 1
0 21 0 1
0 16 1 0
0 14 1 1
0 18 0 1
0 11 2 0
0 8 2 2
0 15 1 3
0 8 0 2
0 15 0 0
0 19 0 1
0 8 0 0
0 4 0 0
0 12 0 1
0 17 1 0
0 11 0 0
0 6 0 0
0 15 1 2
0 18 1 0
0 14 1 2
0 15 0 2
0 13 1 0
0 11 1 1
0 12 2 0
0 16 2 2
0 12 0 0
0 6 3 0
0 15 1 1
0 7 0 0
0 13 0 1
0 19 0 0
0 10 0 0
0 13 0 2
0 16 1 0
0 12 0 1
0 12 1 1
0 14 0 3
0 17 1 1
0 14 4 1
0 9 1 1
0 11 1 0
0 14 0 2
0 10 0 0
0 16 0 1
0 17 2 0
0 7 0 0
0 13 0 2
0 15 0 0
0 18 0 3
0 8 1 0
0 11 2 1
0 17 2 0
0 8 1 0
0 17 1 0
0 9 1 0
0 15 1 0
0 10 3 0
0 13 2 0
0 12 1 1
0 15 0 0
0 10 0 0
0 15 0 2
0 15 0 1
0 18 0 0
0 12 0 1
0 13 0 0
0 8 1 1
0 16 0 2
0 16 0 1
0 9 0 0
0 14 2 0
0 12 0 3
0 16 0 3
0 12 0 0
0 19 0 1
0 16 1 2
0 17 1 1
0 15 0 1
0 10 5 0
0 15 1 1
0 20 0 2
0 15 1 1
0 15 0 2
0 10 0 0
0 14 1 1
0 12 4 1
0 13 0 2
0 17 1 0
0 8 2 1
0 8 1 0
0 23 0 0
0 14 0 3
0 14 1 2
0 4 1 0
0 17 1 1
0 11 0 1
0 19 0 0
0 13 0 1
0 10 0 1
0 11 3 1
0 21 0 1
0 9 2 0
0 11 0 1
0 15 0 1
0 14 1 0
0 10 1 1
0 17 1 0
0 7 0 0
0 15 2 0
0 7 2 0
0 17 0 1
0 12 1 0
0 12 0 2
0 15 0 1
0 13 1 1
0 11 1 0
0 14 2 0
0 13 2 1
0 15 1 1
0 12 1 1
0 16 1 0
0 9 0 0
0 17 0 1
0 20 0 1
0 15 2 1
0 14 0 2
0 12 1 1
0 13 0 1
0 13 0 1
0 15 0 1
0 12 0 1
0 12 1 1
0 9 0 0
0 15 0 0
0 12 2 0
0 14 1 1
0 8 2 0
0 9 0 0
0 12 2 0
0 19 0 2
0 6 0 1
0 11 1 1
0 13 1 0
0 10 1 3
0 14 1 0
0 17 1 0
0 16 0 0
0 15 0 3
0 16 0 0
0 17 1 0
0 11 0 1
0 14 0 2
0 16 1 0
0 16 1 2
0 16 0 1
0 16 0 0
0 10 0 1
0 12 1 0
0 13 0 0
0 12 0 0
0 9 0 0
0 14 0 1
0 15 1 1
0 10 0 1
0 9 2 1
0 7 0 3
0 10 2 2
0 15 0 1
0 18 0 1
0 14 1 1
0 18 0 1
0 14 1 0
0 10 0 0
0 14 1 1
0 11 0 0
0 15 0 1
0 15 0 1
0 19 0 2
0 17 0 1
0 18 0 0
0 11 0 1
0 17 0 1
0 13 2 0
0 15 0 1
0 15 0 2
0 11 1 0
0 19 0 1
0 14 0 1
0 9 3 0
0 9 0 0
0 17 0 1
0 16 0 1
0 18 1 1
0 15 0 0
0 15 0 0
0 14 0 2
0 18 2 1
0 17 0 0
0 14 0 1
0 11 0 3
0 16 0 3
0 15 0 1
0 18 0 2
0 13 1 1
0 12 1 0
0 18 0 1
0 16 0 2
0 11 2 1
0 14 0 0
0 15 1 0
0 19 0 1
0 11 0 1
0 11 0 1
0 17 0 0
0 13 0 0
0 11 3 1
0 16 0 0
0 17 0 0
0 20 0 0
0 5 2 0
0 14 0 1
0 11 2 0
0 17 0 0
0 12 1 1
0 13 0 2
0 11 1 2
0 13 0 1
0 18 0 2
0 16 2 1
0 17 0 2
0 16 0 1
0 10 2 0
0 8 0 1
0 15 1 1
0 19 0 0
0 9 1 2
0 14 1 0
0 14 0 1
0 16 0 0
0 14 1 2
0 12 0 1
0 10 2 0
0 7 1 1
0 15 1 0
0 15 1 0
0 11 0 0
0 7 0 1
0 12 1 0
0 17 0 0
0 14 0 2
0 12 1 2
0 13 1 1
0 5 2 1
0 13 2 2
0 12 0 0
0 17 0 2
0 12 0 1
0 12 0 0
0 17 1 0
0 14 0 1
0 10 1 2
0 17 1 0
0 11 1 1
0 14 0 2
0 4 2 0
0 16 2 1
0 14 2 0
0 8 0 0
0 15 0 1
0 16 1 0
0 12 1 1
0 14 0 1
0 9 1 1
0 9 0 1
0 12 0 0
0 12 3 1
0 14 0 1
0 16 2 0
0 9 1 0
0 8 3 1
0 11 1 1
0 13 1 0
0 14 1 1
0 15 1 0
0 14 2 0
0 15 1 1
0 11 3 1
0 12 0 0
0 14 1 0
0 12 0 0
0 14 3 1
0 11 2 2
0 13 0 0
0 12 1 1
0 17 1 1
0 15 0 0
0 11 0 0
0 18 0 0
0 18 0 0
0 12 1 3
0 17 0 0
0 13 1 1
0 8 1 1
0 7 2 1
0 9 1 0
0 11 0 2
0 20 0 0
0 10 3 0
0 12 0 0
0 10 0 1
0 19 1 2
0 11 1 2
0 17 2 0
0 9 0 0
0 11 0 0
0 14 4 1
0 15 0 1
0 18 1 0
0 15 1 0
0 13 0 1
0 15 2 1
0 15 0 0
0 18 0 2
0 19 0 2
0 17 1 1
0 15 0 0
0 12 0 0
0 11 2 1
0 10 0 0
0 12 1 1
0 15 1 0
0 15 1 0
0 11 0 0
0 9 2 1
0 17 0 1
0 12 1 1
0 13 0 1
0 10 2 2
0 17 0 0
0 11 0 0
0 10 1 2
0 11 1 0
0 17 1 2
0 9 3 3
0 11 1 1
0 21 1 0
0 17 1 1
0 18 0 1
0 16 0 1
0 11 0 1
0 11 0 0
0 8 1 1
0 14 1 3
0 20 1 0
0 11 1 2
0 13 2 0
0 12 0 1
0 17 1 2
0 8 3 0
0 14 1 1
0 18 0 1
0 13 1 0
0 9 0 0
0 13 1 0
0 12 1 0
0 11 1 1
0 11 0 1
0 16 1 3
0 14 2 0
0 15 1 1
0 10 1 3
0 15 0 0
0 11 0 0
0 12 1 0
0 12 0 2
0 14 0 0
0 9 0 0
0 17 1 0
0 13 1 0
0 14 1 1
0 19 0 0
0 15 0 1
0 14 0 1
0 18 0 1
0 8 2 1
0 18 2 0
0 11 4 2
0 10 1 1
0 18 0 1
0 17 1 2
0 13 0 0
0 12 0 0
0 19 0 1
0 13 1 1
0 14 0 2
0 15 0 1
0 9 2 0
0 11 3 2
0 15 0 1
0 13 1 2
0 15 0 1
0 16 0 0
0 16 2 1
0 11 1 1
0 8 3 4
0 10 2 2
0 15 1 1
0 16 0 1
0 14 0 1
0 16 0 1
0 17 0 0
0 12 1 0
0 11 1 3
0 10 1 0
0 12 2 0
0 3 3 0
0 10 1 1
0 12 1 0
0 17 0 0
0 14 0 1
0 10 2 1
0 15 2 1
0 17 1 1
0 14 0 2
0 15 0 0
0 13 0 0
0 15 1 2
0 17 0 1
0 13 1 1
0 12 0 0
0 14 0 0
0 13 0 1
0 11 1 0
0 14 1 0
0 13 1 0
0 14 0 0
0 13 1 1
0 13 2 1
0 17 1 0
0 11 0 1
0 15 0 2
0 8 0 1
0 11 0 0
0 8 1 2
0 18 0 0
0 13 2 1
0 9 1 0
0 14 0 2
0 7 0 1
0 16 0 0
0 20 0 0
0 10 0 0
0 15 0 2
0 13 1 1
0 16 1 2
0 11 0 1
0 9 0 0
0 20 0 2
0 16 0 0
0 8 1 2
0 14 0 3
0 18 0 0
0 13 2 0
0 12 0 2
0 18 0 2
0 7 0 1
0 12 0 0
0 12 0 1
0 14 0 0
0 15 0 1
0 17 0 0
0 12 0 0
0 13 0 0
0 10 3 3
0 16 0 0
0 20 2 0
0 15 0 0
0 13 1 2
0 11 1 0
0 12 2 2
0 14 0 1
0 14 0 0
0 14 1 1
0 8 0 1
0 14 1 0
0 10 0 1
0 13 0 2
0 12 1 0
0 10 2 1
0 17 1 0
0 17 2 1
0 4 0 1
0 17 0 0
0 8 0 1
0 16 0 3
0 13 1 1
0 17 2 0
0 7 2 0
0 13 0 0
0 13 2 1
0 13 1 0
0 14 0 1
0 11 2 0
0 18 0 1
0 15 1 0
0 17 0 1
0 14 0 1
0 12 1 0
0 14 1 0
0 13 0 1
0 14 3 3
0 11 3 1
0 15 1 1
0 16 1 2
0 14 1 1
0 15 0 1
0 5 0 1
0 19 1 0
0 16 0 0
0 8 0 2
0 13 1 2
0 10 0 0
0 12 3 0
0 9 1 1
0 13 1 0
0 9 0 0
0 19 0 2
0 18 0 0
0 7 0 0
0 18 1 0
0 13 0 2
0 16 0 3
0 16 1 0
0 17 0 1
0 14 0 2
0 13 1 0
0 5 0 0
0 11 0 0
0 14 0 0
0 13 0 3
0 12 4 0
0 12 0 1
0 16 0 0
0 12 1 0
0 15 1 0
0 12 0 1
0 9 0 1
0 17 2 0
0 17 1 1
0 10 1 0
0 11 0 2
0 15 0 1
0 7 0 2
0 16 1 1
0 22 0 0
0 11 1 0
0 18 0 2
0 14 1 1
0 19 0 1
0 16 1 2
0 13 0 0
0 15 2 2
0 13 2 3
0 9 0 0
0 21 0 1
0 12 0 2
0 18 1 0
0 16 1 1
0 13 0 2
0 17 0 1
0 11 1 0
0 15 0 0
0 10 3 1
0 15 0 1
0 13 0 0
0 6 0 1
0 11 0 0
0 15 0 0
0 10 1 0
0 9 1 0
0 12 0 0
0 13 1 2
0 14 0 1
0 13 1 3
0 13 1 0
0 11 1 0
0 11 3 2
0 12 0 1
0 7 1 0
0 9 0 0
0 16 0 1
0 10 5 1
0 11 1 2
0 9 0 0
0 11 0 0
0 12 2 2
0 11 0 0
0 12 3 1
0 17 1 2
0 15 0 2
0 19 0 1
0 11 1 2
0 8 0 0
0 15 1 0
0 12 2 1
0 12 3 0
0 18 1 0
0 15 0 4
0 12 0 1
0 15 0 2
0 16 0 0
0 9 1 0
0 18 0 1
0 18 0 1
0 17 0 0
0 10 0 0
0 17 0 0
0 12 1 1
0 11 0 0
0 11 2 0
0 16 2 0
0 15 0 0
0 13 0 0
0 12 1 0
0 14 0 2
0 14 3 1
0 14 1 0
0 8 0 0
0 11 0 1
0 16 3 1
0 10 3 0
0 14 0 0
0 13 1 1
0 11 0 1
0 17 0 0
0 18 0 0
0 14 0 0
0 15 1 0
0 18 0 0
0 14 0 1
0 12 1 0
0 14 1 0
0 14 0 3
0 15 0 4
0 13 1 0
0 5 1 1
0 21 0 0
0 9 1 0
0 19 0 0
0 20 0 0
0 13 2 1
0 12 1 0
0 8 0 2
0 17 0 0
0 12 2 0
0 21 0 0
0 10 2 0
0 9 0 1
0 14 4 0
0 6 1 0
0 7 1 0
0 4 0 1
0 11 0 1
0 10 4 2
0 16 1 1
0 17 1 1
0 18 0 2
0 17 2 0
0 13 2 2
0 12 0 2
0 8 0 0
0 11 2 1
0 13 0 1
0 12 1 2
0 7 2 0
0 22 0 0
0 13 0 1
0 10 0 1
0 17 0 0
0 16 1 0
0 15 1 1
0 12 0 2
0 13 1 0
0 14 1 0
0 14 0 2
0 17 1 1
0 14 1 2
0 15 0 2
0 10 0 2
0 6 0 0
0 10 0 1
0 12 1 1
0 8 1 1
0 16 0 2
0 13 0 3
0 8 0 1
0 19 0 0
0 13 1 0
0 14 0 1
0 15 0 0
0 20 0 0
0 12 1 2
0 19 0 1
0 19 0 1
0 13 1 2
0 17 0 1
0 8 0 1
0 16 0 2
0 10 0 1
0 9 1 2
0 16 1 0
0 16 1 1
0 15 2 0
0 16 1 0
0 11 1 0
0 14 0 2
0 14 0 2
0 17 3 1
0 18 1 1
0 13 1 0
0 17 0 1
0 13 1 1
0 13 0 0
0 17 0 1
0 8 0 1
0 9 0 2
0 12 0 0
0 16 1 0
0 18 0 3
0 14 2 1
0 9 0 0
0 11 1 0
0 13 1 1
0 14 0 1
0 15 1 0
0 16 0 0
0 7 1 2
0 12 0 1
0 9 2 2
0 19 0 1
0 11 0 1
0 7 0 0
0 16 0 0
0 14 0 2
0 11 1 2
0 14 0 3
0 7 0 1
0 16 1 1
0 13 0 0
0 14 3 0
0 19 0 1
0 18 1 0
0 5 1 0
0 15 3 0
0 8 0 1
0 17 1 1
0 7 0 1
0 11 0 1
0 12 0 1
0 9 3 0
0 15 0 1
0 17 0 0
0 9 1 1
0 12 0 0
0 14 0 1
0 9 3 0
0 16 0 0
0 6 2 1
0 13 0 1
0 19 0 0
0 14 1 0
0 20 0 1
0 7 2 0
0 17 0 1
0 7 4 0
0 10 2 0
0 15 0 1
0 9 0 1
0 13 0 2
0 11 0 0
0 18 1 0
0 20 0 0
0 11 0 0
0 16 0 1
0 17 0 1
0 13 2 0
0 18 0 1
0 11 0 1
0 10 0 0
0 14 0 1
0 14 0 2
0 9 0 1
0 8 0 1
0 11 0 1
0 8 5 0
0 11 0 1
0 9 0 1
0 6 1 1
0 16 0 1
0 16 0 0
0 16 0 2
0 16 0 2
0 16 0 1
0 11 0 1
0 11 1 0
0 19 0 0
0 11 1 0
0 10 0 0
0 8 1 3
0 13 0 2
0 9 0 0
0 5 1 0
0 12 2 0
0 5 0 0
0 12 1 0
0 15 1 0
0 15 0 1
0 12 1 1
0 10 0 2
0 8 1 1
0 15 0 1
0 7 0 2
0 12 1 1
0 8 0 1
0 14 4 3
0 11 3 2
0 18 0 0
0 20 0 0
0 13 0 0
0 14 1 1
0 14 0 0
0 12 0 1
0 15 2 2
0 14 0 2
0 18 0 1
0 9 0 1
0 15 0 1
0 12 1 2
0 9 0 0
0 19 0 1
0 14 0 1
0 15 0 1
0 10 1 2
0 15 2 0
0 11 3 0
0 12 1 1
0 5 3 0
0 17 1 1
0 12 2 1
0 15 0 0
0 11 1 1
0 16 0 2
0 6 1 0
0 16 0 1
0 20 1 0
0 15 1 3
0 11 2 0
0 14 0 2
0 17 0 1
0 14 0 1
0 9 0 0
0 17 3 0
0 13 0 0
0 12 0 1
0 13 0 1
0 17 1 0
0 20 0 0
0 15 0 2
0 16 1 1
0 18 1 1
0 13 0 0
0 17 1 3
0 11 5 0
0 15 1 0
0 17 1 0
0 15 0 0
0 8 0 0
0 14 0 1
0 15 0 1
0 10 0 1
0 11 0 1
0 17 0 0
0 12 1 2
0 14 1 2
0 16 0 4
0 15 0 0
0 9 0 0
0 12 2 0
0 12 0 0
0 14 1 1
0 21 0 0
0 15 3 0
0 15 0 1
0 10 1 1
0 12 0 1
0 14 1 0
0 9 2 1
0 13 0 0
0 13 0 1
0 10 0 1
0 13 1 0
0 15 0 0
0 15 0 0
0 15 0 1
0 8 0 0
0 13 0 0
0 10 0 0
0 7 0 0
0 18 2 0
0 12 1 1
0 7 0 0
0 16 1 3
0 14 0 0
0 19 1 0
0 17 3 1
0 18 0 0
0 21 0 1
0 16 0 0
0 15 0 0
0 17 0 1
0 15 1 0
0 13 0 1
0 8 1 0
0 13 1 1
0 15 0 0
0 21 0 0
0 13 0 3
0 11 1 0
0 10 2 0
0 8 2 0
0 12 0 0
0 17 0 0
0 13 1 0
0 13 0 1
0 15 0 0
0 17 0 1
0 17 0 0
0 18 2 0
0 16 2 2
0 12 4 0
0 10 0 2
0 14 0 2
0 10 1 2
0 6 0 0
0 11 2 0
0 16 0 2
0 12 0 2
0 17 0 0
0 9 1 0
0 16 0 0
0 9 0 1
0 17 1 1
0 19 2 0
0 11 0 1
0 11 1 1
0 13 2 1
0 12 2 2
0 15 0 1
0 11 0 0
0 10 0 1
0 11 0 3
0 7 1 1
0 8 0 0
0 15 1 1
0 17 0 1
0 19 3 0
0 8 4 2
0 8 1 1
0 12 2 1
0 15 1 0
0 11 3 1
0 12 1 0
0 18 1 1
0 11 2 1
0 19 0 1
0 15 0 1
0 18 0 1
0 16 0 0
0 10 0 3
0 9 0 1
0 18 0 1
0 20 0 0
0 14 0 2
0 16 1 0
0 11 2 2
0 14 1 1
0 13 0 0
0 11 2 1
0 10 2 0
0 9 3 1
0 13 1 0
0 10 0 0
0 14 0 1
0 13 1 1
0 11 0 0
0 13 0 1
0 15 0 0
0 17 0 1
0 17 3 0
0 13 0 0
0 14 1 2
0 21 2 0
0 8 1 1
0 11 0 1
0 10 1 0
0 12 0 0
0 16 0 0
0 9 2 1
0 13 0 1
0 16 0 2
0 7 0 1
0 17 0 2
0 15 0 0
0 7 0 0
0 13 1 0
0 17 0 0
0 10 4 0
0 16 0 2
0 14 1 0
0 15 0 2
0 9 0 2
0 13 0 0
0 16 2 0
0 9 2 2
0 10 1 0
0 17 2 0
0 9 2 1
0 13 0 0
0 13 0 1
0 7 1 1
0 9 1 1
0 15 1 1
0 8 1 2
0 11 0 1
0 17 0 2
0 13 1 0
0 17 0 2
0 9 0 1
0 10 0 2
0 18 0 2
0 10 2 1
0 16 1 2
0 17 1 0
0 17 0 2
0 9 0 0
0 7 0 0
0 18 1 0
0 12 1 0
0 18 0 1
0 13 3 0
0 7 0 1
0 12 1 0
0 13 0 1
0 16 0 2
0 17 3 1
0 13 0 1
0 8 2 0
0 10 2 0
0 13 0 1
0 10 1 2
0 16 0 2
0 18 2 0
0 20 0 1
0 16 0 1
0 10 1 1
0 14 1 1
0 13 0 1
0 6 0 2
0 17 2 0
0 8 0 0
0 7 1 0
0 14 0 1
0 13 3 1
0 15 1 3
0 12 1 0
0 8 3 0
0 10 3 0
0 19 1 0
0 9 1 1
0 15 2 0
0 9 0 1
0 19 1 2
0 8 3 1
0 6 1 0
0 20 0 2
0 20 0 0
0 16 0 1
0 14 0 0
0 10 0 0
0 11 0 1
0 10 0 1
0 18 0 1
0 7 0 1
0 11 3 0
0 13 1 0
0 14 3 0
0 10 0 1
0 9 3 1
0 14 1 1
0 18 1 1
0 17 2 0
0 17 1 1
0 7 1 0
0 13 1 1
0 13 3 2
0 13 0 0
0 16 0 0
0 11 1 1
0 11 0 0
0 10 3 2
0 15 0 0
0 11 1 0
0 13 0 0
0 8 0 1
0 9 0 1
0 9 1 0
0 10 0 0
0 11 2 1
0 10 3 1
0 11 1 1
0 9 2 0
0 16 0 1
0 10 1 1
0 13 0 1
0 15 0 1
0 12 0 0
0 11 1 2
0 8 1 0
0 13 0 0
0 9 0 0
0 10 0 2
0 17 1 0
0 11 2 1
0 12 1 0
0 13 0 3
0 20 0 0
0 16 0 0
0 9 2 0
0 13 1 0
0 15 0 0
0 13 2 1
0 17 0 4
0 6 0 0
0 5 3 0
0 19 0 0
0 15 0 0
0 14 3 0
0 21 0 0
0 15 4 1
0 16 0 1
0 11 0 1
0 10 0 0
0 13 0 5
0 10 0 1
0 7 0 0
0 7 2 1
0 13 0 0
0 12 0 0
0 12 0 1
0 15 1 3
0 12 1 0
0 19 0 2
0 17 0 1
0 11 0 0
0 11 0 2
0 12 0 1
0 13 0 0
0 17 1 0
0 12 0 1
0 8 7 1
0 7 0 0
0 10 2 0
0 14 0 1
0 15 1 0
0 18 0 1
0 15 0 0
0 12 0 0
0 15 1 0
0 14 1 0
0 14 0 3
0 12 1 1
0 12 2 0
0 19 0 0
0 16 1 0
0 16 0 0
0 12 1 1
0 15 1 1
0 10 2 1
0 16 0 1
0 18 0 0
0 10 2 2
0 11 0 1
0 18 0 1
0 9 0 0
0 17 0 1
0 15 1 1
0 16 0 0
0 17 1 1
0 18 0 1
0 7 1 0
0 12 2 0
0 12 0 0
0 11 1 0
0 14 1 0
0 13 1 2
0 8 0 2
0 9 3 2
0 13 2 2
0 7 1 0
0 17 1 2
0 16 1 0
0 15 0 0
0 8 0 0
0 14 1 0
0 12 3 1
0 10 1 0
0 11 0 0
0 14 0 1
0 14 1 1
0 17 0 1
0 10 0 3
0 10 1 1
0 16 1 0
0 15 3 0
0 8 3 0
0 11 0 0
0 5 2 0
0 9 0 1
0 15 0 0
0 11 0 2
0 8 0 0
0 18 0 0
0 14 1 1
0 11 0 0
0 11 0 1
0 18 0 0
0 9 0 1
0 10 2 1
0 10 1 0
0 18 0 0
0 12 0 1
0 9 1 1
0 14 0 1
0 11 3 0
0 20 1 1
0 15 0 1
0 16 0 1
0 11 3 1
0 16 0 1
0 18 1 1
0 15 0 0
0 21 0 1
0 11 0 0
0 18 0 1
0 13 0 0
0 13 3 0
0 8 0 1
0 12 2 1
0 16 0 0
0 9 1 1
0 14 0 0
0 9 0 1
0 7 1 0
0 17 0 3
0 14 2 0
0 13 0 1
0 2 0 3
0 10 1 0
0 10 1 0
0 13 3 0
0 10 1 0
0 11 0 4
0 11 0 1
0 11 0 0
0 16 2 1
0 10 0 1
0 10 2 1
0 12 0 1
0 14 1 1
0 12 0 3
0 10 2 0
0 17 0 0
0 13 1 1
0 9 1 1
0 15 2 2
0 5 0 0
0 14 2 0
0 10 1 1
0 12 1 1
0 16 1 1
0 14 1 1
0 10 4 1
0 8 1 0
0 13 0 1
0 19 0 2
0 18 0 2
0 9 2 0
0 16 0 1
0 17 1 1
0 11 1 1
0 15 0 1
0 6 1 0
0 6 0 1
0 14 2 1
0 15 0 2
0 16 0 1
0 13 1 2
0 17 0 1
0 12 0 2
0 16 1 0
0 10 3 1
0 13 0 1
0 16 1 1
0 11 0 0
0 19 0 0
0 17 0 0
0 18 0 0
0 13 1 0
0 7 0 0
0 8 0 1
0 9 2 1
0 9 0 2
0 15 1 1
0 11 0 0
0 11 0 0
0 16 0 0
0 15 0 2
0 17 0 1
0 16 0 0
0 12 0 1
0 11 1 0
0 17 0 1
0 20 2 0
0 16 0 1
0 18 1 1
0 9 2 1
0 19 1 1
0 15 2 0
0 8 4 0
0 8 4 0
0 10 2 0
0 17 0 1
0 7 0 0
0 10 3 1
0 10 1 2
0 16 0 1
0 13 0 0
0 12 1 2
0 8 1 4
0 10 1 2
0 17 1 2
0 15 1 0
0 19 1 0
0 7 2 1
0 14 0 4
0 9 0 0
0 16 1 1
0 21 0 0
0 10 0 1
0 19 0 0
0 19 1 0
0 5 2 0
0 14 1 0
0 14 1 1
0 13 0 2
0 12 0 1
0 6 0 1
0 15 0 0
0 11 1 1
0 14 3 2
0 21 0 0
0 14 1 1
0 15 0 3
0 13 0 0
0 10 2 1
0 9 0 1
0 15 1 2
0 7 0 1
0 13 1 1
0 13 1 1
0 8 0 1
0 12 0 1
0 11 1 1
0 18 0 1
0 6 0 0
0 11 1 3
0 15 1 0
0 13 1 1
0 9 2 1
0 11 0 1
0 18 0 1
0 13 0 0
0 13 2 0
0 17 1 0
0 17 3 2
0 13 0 2
0 11 3 0
0 15 1 1
0 7 0 2
0 14 2 0
0 16 1 1
0 16 0 3
0 16 0 1
0 11 1 1
0 8 0 0
0 14 2 2
0 7 0 1
0 9 0 1
0 15 1 1
0 9 0 1
0 14 2 1
0 16 2 1
0 17 0 1
0 15 0 2
0 13 2 2
0 16 1 0
0 12 1 1
0 10 1 2
0 21 0 0
0 17 1 1
0 13 0 2
0 18 0 1
0 12 1 1
0 13 2 0
0 11 1 0
0 9 1 1
0 8 1 0
0 16 1 0
0 8 1 0
0 13 0 1
0 9 0 0
0 21 0 1
0 16 0 1
0 8 1 2
0 9 2 2
0 14 0 1
0 17 2 0
0 17 0 0
0 16 1 0
0 15 0 0
0 12 0 0
0 18 1 0
0 17 0 2
0 15 0 0
0 12 0 0
0 15 2 1
0 14 0 1
0 10 0 1
0 13 2 0
0 10 0 2
0 11 0 0
0 11 1 0
0 12 0 1
0 14 2 2
0 11 2 0
0 14 3 2
0 12 0 1
0 8 1 1
0 11 0 0
0 17 0 2
0 11 0 0
0 13 2 0
0 14 0 1
0 11 0 0
0 15 0 1
0 12 3 1
0 10 2 1
0 6 0 0
0 12 2 3
0 18 0 1
0 8 0 1
0 15 1 0
0 20 1 0
0 18 0 1
0 11 0 1
0 13 0 0
0 19 0 0
0 14 0 0
0 13 1 0
0 10 1 0
0 11 1 0
0 13 0 2
0 10 0 0
0 17 1 1
0 8 0 0
0 17 2 0
0 10 0 0
0 9 1 0
0 4 2 0
0 13 0 2
0 13 0 1
0 13 1 2
0 13 1 1
0 12 1 0
0 13 2 1
0 10 2 2
0 19 1 1
0 12 0 1
0 11 0 1
0 8 3 1
0 11 0 0
0 9 0 0
0 7 1 2
0 13 0 2
0 11 0 1
0 16 0 2
0 13 1 2
0 8 1 0
0 14 0 0
0 12 2 1
0 7 2 0
0 11 2 2
0 15 0 0
0 10 0 1
0 9 1 1
0 11 0 0
0 12 0 0
0 17 2 0
0 8 1 0
0 18 1 1
0 7 1 1
0 14 0 1
0 12 3 0
0 12 0 4
0 13 0 0
0 15 0 2
0 11 0 0
0 6 1 1
0 16 1 1
0 12 0 1
0 14 0 1
0 11 0 3
0 18 0 0
0 16 1 0
0 13 1 0
0 12 1 0
0 11 0 1
0 8 2 0
0 14 3 0
0 14 2 0
0 16 0 2
0 18 0 0
0 16 0 1
0 14 0 0
0 18 0 0
0 10 0 0
0 10 0 0
0 11 1 1
0 11 0 1
0 14 0 1
0 17 0 0
0 12 0 3
0 16 1 1
0 18 0 0
0 13 1 1
0 12 1 3
0 19 0 1
0 14 0 1
0 12 0 1
0 13 0 1
0 17 0 0
0 12 0 0
0 13 2 1
0 14 0 1
0 16 1 1
0 16 0 2
0 10 1 0
0 14 2 1
0 14 0 0
0 15 0 0
0 17 0 1
0 16 0 0
0 14 2 0
0 16 1 1
0 10 2 1
0 10 0 2
0 13 0 0
0 14 1 0
0 5 2 0
0 13 2 0
0 13 0 0
0 15 2 1
0 7 0 0
0 7 1 0
0 15 1 0
0 13 4 1
0 13 0 1
0 6 0 1
0 14 2 2
0 11 0 1
0 13 1 1
0 16 2 1
0 13 1 1
0 10 0 0
0 11 3 1
0 15 0 1
0 16 1 2
0 10 3 2
0 7 1 1
0 8 0 0
0 11 0 1
0 17 1 0
0 14 0 1
0 9 5 0
0 10 0 1
0 11 1 2
0 14 0 0
0 15 2 0
0 10 0 1
0 14 3 1
0 7 0 1
0 7 0 2
0 11 0 2
0 18 0 2
0 9 2 1
0 16 2 0
0 10 2 0
0 9 4 0
0 11 1 0
0 13 0 1
0 12 0 1
0 12 0 2
0 20 1 0
0 13 1 2
0 20 0 0
0 16 0 1
0 13 0 0
0 9 2 0
0 8 1 1
0 16 2 0
0 14 1 1
0 13 0 0
0 14 0 2
0 12 0 0
0 8 2 0
0 15 1 3
0 18 1 0
0 10 0 1
0 11 2 0
0 12 1 1
0 6 2 1
0 16 0 0
0 16 0 1
0 19 0 0
0 16 1 2
0 15 0 0
0 9 0 1
0 13 0 1
0 11 0 3
0 12 1 0
0 10 2 2
0 12 1 0
0 14 0 1
0 16 0 2
0 14 0 1
0 11 2 4
0 13 2 1
0 11 1 0
0 19 0 0
0 13 0 1
0 16 1 1
0 8 0 2
0 18 0 1
0 17 0 1
0 16 0 1
0 13 2 1
0 6 1 1
0 13 0 2
0 13 2 1
0 13 0 1
0 16 0 2
0 7 2 1
0 15 0 0
0 14 1 1
0 11 0 1
0 12 0 0
0 16 0 2
0 9 0 0
0 13 1 4
0 11 0 0
0 5 0 0
0 14 0 0
0 11 1 0
0 9 0 2
0 11 1 1
0 14 0 0
0 16 1 1
0 13 0 2
0 13 0 2
0 15 0 2
0 18 0 1
0 13 0 1
0 12 0 1
0 14 0 2
0 17 0 1
0 12 1 1
0 9 0 1
0 15 1 0
0 19 0 1
0 18 0 2
0 9 0 0
0 11 1 0
0 15 1 0
0 10 2 0
0 14 0 0
0 9 1 0
0 11 1 0
0 19 0 1
0 13 0 2
0 14 2 0
0 12 0 0
0 17 1 1
0 15 1 0
0 15 2 1
0 14 0 0
0 10 0 0
0 10 2 1
0 13 3 0
0 15 1 1
0 9 0 0
0 18 1 0
0 19 0 1
0 3 0 1
0 12 0 1
0 8 0 0
0 15 0 2
0 13 1 1
0 11 0 0
0 14 0 0
0 15 0 0
0 10 1 2
0 11 0 0
0 13 0 2
0 15 2 0
0 16 3 0
0 12 1 0
0 11 1 1
0 11 0 0
0 18 0 0
0 16 0 1
0 9 0 1
0 14 2 1
0 15 1 2
0 14 1 0
0 7 0 0
0 16 0 3
0 17 0 1
0 10 2 0
0 14 0 0
0 8 4 0
0 12 0 2
0 17 1 0
0 16 0 0
0 11 2 1
0 14 1 3
0 9 0 1
0 10 1 1
0 9 1 0
0 15 0 1
0 10 2 0
0 14 0 1
0 7 3 0
0 8 0 1
0 11 1 0
0 11 0 2
0 12 3 1
0 13 1 2
0 20 0 1
0 14 2 1
0 10 0 3
0 9 0 1
0 8 0 0
0 15 1 1
0 13 1 0
0 14 0 3
0 12 1 1
0 8 2 1
0 16 1 0
0 14 1 0
0 11 1 0
0 7 0 0
0 15 0 1
0 11 0 1
0 12 1 0
0 15 0 2
0 16 0 4
0 14 1 2
0 17 2 1
0 10 4 0
0 5 0 0
0 14 0 1
0 10 2 0
0 14 0 1
0 15 1 2
0 16 0 2
0 13 0 1
0 12 1 2
0 11 0 1
0 12 0 0
0 5 0 0
0 10 0 1
0 14 1 2
0 3 0 0
0 14 0 2
0 17 1 0
0 5 0 0
0 14 0 2
0 16 0 2
0 18 0 2
0 8 0 0
0 6 2 2
0 16 1 1
0 10 0 1
0 13 2 1
0 8 1 0
0 9 0 0
0 14 0 1
0 14 0 2
0 17 0 2
0 14 1 2
0 14 0 2
0 13 1 1
0 12 0 0
0 16 0 1
0 10 0 0
0 12 1 2
0 13 1 0
0 10 0 1
0 12 0 2
0 16 0 0
0 13 0 0
0 11 2 0
0 15 1 0
0 19 0 0
0 14 0 1
0 12 1 0
0 17 0 0
0 8 2 1
0 13 1 0
0 12 0 1
0 15 1 0
0 10 0 0
0 16 1 1
0 16 0 4
0 12 1 2
0 15 0 1
0 14 1 0
0 12 1 0
0 14 1 0
0 13 0 1
0 12 0 0
0 8 3 1
0 14 0 0
0 21 0 0
0 15 1 1
0 15 0 0
0 16 0 0
0 9 1 1
0 2 2 0
0 9 0 0
0 15 0 0
0 20 0 1
0 7 0 1
0 12 1 1
0 2 1 0
0 18 0 0
0 17 0 1
0 10 1 0
0 14 0 0
0 13 0 1
0 12 0 0
0 15 0 3
0 18 1 3
0 10 0 0
0 15 1 0
0 11 2 1
0 11 0 2
0 14 0 1
0 14 0 1
0 13 2 1
0 10 1 0
0 18 0 1
0 15 1 0
0 16 1 1
0 9 2 0
0 9 0 1
0 9 0 0
0 9 0 3
0 11 0 2
0 10 0 1
0 13 0 1
0 8 0 0
0 6 2 0
0 8 1 0
0 12 0 0
0 19 0 2
0 16 0 0
0 7 0 2
0 15 0 0
0 14 0 1
0 11 1 0
0 14 0 1
0 13 0 0
0 14 0 0
0 11 0 0
0 19 1 2
0 17 0 2
0 15 0 0
0 17 0 3
0 16 1 2
0 18 0 0
0 17 0 1
0 11 1 1
0 10 1 2
0 11 0 3
0 11 2 0
0 8 1 1
0 19 0 1
0 12 0 1
0 13 0 1
0 20 1 0
0 11 3 2
0 12 0 0
0 17 1 0
0 20 1 0
0 13 0 0
0 14 3 0
0 18 1 0
0 18 0 0
0 12 1 1
0 13 0 0
0 18 0 1
0 12 1 0
0 16 0 2
0 13 0 0
0 14 2 3
0 13 1 0
0 13 0 1
0 14 0 0
0 20 0 1
0 13 2 1
0 13 0 2
0 11 0 1
0 13 2 0
0 13 0 1
0 9 1 0
0 9 2 0
0 16 0 1
0 13 2 2
0 16 0 0
0 18 1 0
0 13 0 0
0 6 0 0
0 16 0 0
0 6 3 0
0 13 0 4
0 13 1 0
0 6 2 1
0 11 1 0
0 9 4 0
0 14 1 0
0 8 3 0
0 3 3 0
0 11 0 0
0 9 2 0
0 18 0 0
0 7 0 0
0 7 0 0
0 15 0 1
0 10 3 1
0 12 0 1
0 4 0 1
0 8 2 1
0 13 0 1
0 19 0 0
0 12 1 1
0 9 2 1
0 14 1 0
0 10 1 0
0 14 1 2
0 15 1 0
0 12 1 0
0 11 3 0
0 8 0 1
0 14 1 1
0 12 0 1
0 14 1 2
0 12 1 1
0 6 3 0
0 11 1 2
0 12 1 1
0 5 3 0
0 15 0 2
0 14 0 1
0 15 1 0
0 13 2 0
0 17 0 2
0 13 1 0
0 11 1 1
0 14 0 0
0 12 0 2
0 6 0 0
0 13 1 0
0 18 0 0
0 11 2 0
0 21 0 0
0 12 0 1
0 15 1 1
0 15 0 2
0 14 1 0
0 14 0 1
0 14 0 2
0 15 1 0
0 11 3 0
0 13 0 1
0 12 0 0
0 12 1 0
0 10 1 1
0 19 1 2
0 12 0 3
0 15 0 2
0 16 0 1
0 9 1 1
0 20 1 0
0 15 2 1
0 9 0 1
0 11 1 2
0 11 1 0
0 4 1 1
0 13 0 3
0 15 0 2
0 12 0 0
0 10 1 1
0 10 0 1
0 13 1 2
