clusterID	value
0	-0.15
1	-0.53
2	0.36
3	-0.37
4	-0.7
5	-0.03
6	-0.66
7	-0.49
8	-0.36
9	-0.3
10	0.12
11	0.24
12	-0.59
13	-0.26
14	-0.34
15	0.01
16	-0.78
17	-0.84
18	-0.59
19	-0.12
20	0.38
21	0.47
22	-0.27
23	0.3
24	-0.33
25	0.25
26	-0.01
27	0.1
28	0.35
29	0.36
30	0.29
31	0.92
32	0.08
33	0.4
34	-0.09
35	-0.57
36	-0.35
37	-0.84
38	-0.95
39	-0.32
40	-0.74
41	-1.15
42	-1.0
43	-1.01
44	-0.82
45	-0.81
46	-0.76
47	-0.77
48	-0.18
49	0.42
50	0.66
51	0.84
52	0.24
53	1.07
54	0.76
55	0.11
56	-0.05
57	-0.58
58	-1.06
59	-1.14
60	-1.5
61	-1.57
62	-1.11
63	-1.51
64	-1.62
65	-0.87
66	-0.2
67	0.04
68	0.08
69	0.17
70	-0.09
71	0.7
72	0.69
73	-0.05
74	0.06
75	-0.12
76	-0.49
77	0.34
78	0.36
79	-0.51
80	-0.08
81	-0.19
82	-0.12
83	-0.3
84	-0.4
85	-0.07
86	0.16
87	0.12
88	0.11
89	0.06
90	0.1
91	0.62
92	1.09
93	0.97
94	1.13
95	1.24
96	0.23
97	0.2
98	0.23
99	0.35
100	-0.24
101	-0.03
102	-0.19
103	0.26
104	0.58
105	0.25
106	-0.05
107	-0.38
108	-0.63
109	-0.75
110	-0.36
111	-0.37
112	-0.49
113	-0.94
114	-0.88
115	-0.59
116	-0.89
117	-1.4
118	-1.65
119	-1.17
120	-0.47
121	-0.4
122	-0.96
123	-0.38
124	0.37
125	0.53
126	-0.21
127	-0.25
128	-1.49
129	-1.44
130	-1.34
131	-1.68
132	-1.11
133	-0.81
134	-1.16
135	-1.29
136	-0.67
137	-0.66
138	-1.14
139	-1.64
140	-1.2
141	-0.7
142	-0.51
143	-0.26
144	-0.11
145	0.16
146	-0.1
147	-0.74
148	-0.56
149	-0.62
150	-1.15
151	-1.12
152	-1.33
153	-1.33
154	-0.92
155	-1.21
156	-1.89
157	-2.04
158	-1.18
159	-1.03
160	-1.04
161	-1.06
162	-1.01
163	-1.12
164	-0.29
165	-0.54
166	-0.34
167	-0.42
168	-0.22
169	0.31
170	0.56
171	-0.6
172	-0.43
173	-0.22
174	-0.83
175	-0.03
176	-0.47
177	-0.74
178	-0.59
179	0.25
180	0.33
181	0.36
182	-0.23
183	0.5
184	0.56
185	1.15
186	0.54
187	0.1
188	0.26
189	0.91
190	-0.03
191	-0.15
192	-0.76
193	-0.67
194	-0.75
195	-0.72
196	-1.49
197	-1.17
198	-0.39
199	-0.58
200	-0.44
201	-0.24
202	-0.69
203	-0.41
204	-0.29
205	-1.04
206	-0.76
207	-1.27
208	-1.64
209	-1.34
210	-1.81
211	-2.13
212	-2.16
213	-2.23
214	-1.39
215	-1.66
216	-1.98
217	-1.37
218	-0.66
219	-0.42
220	0.36
221	0.54
222	0.57
223	-0.26
224	-0.18
225	0.42
226	0.96
227	0.55
228	0.55
229	1.2
230	0.54
231	0.2
232	-0.34
233	-0.78
234	-0.88
235	-0.49
236	-0.63
237	-0.6
238	0.2
239	0.39
240	-0.0
241	0.92
242	0.49
243	0.27
244	0.2
245	-0.31
246	-0.72
247	-0.41
248	-0.71
249	-0.6
250	-0.56
251	-0.84
252	-0.4
253	-0.14
254	-0.1
255	0.09
256	-0.63
257	-0.72
258	0.32
259	-0.8
260	-0.86
261	-0.34
262	-0.18
263	0.05
264	-0.14
265	-0.04
266	-0.44
267	-0.74
268	-0.47
269	-0.17
270	0.14
271	-0.06
272	0.04
273	-0.01
274	0.16
275	0.27
276	-0.53
277	-0.23
278	0.14
279	0.65
280	1.19
281	0.35
282	-0.32
283	-0.34
284	-0.85
285	-1.05
286	-0.87
287	-0.65
288	0.18
289	0.38
290	0.58
291	0.69
292	0.38
293	0.29
294	-0.16
295	-0.38
296	-0.6
297	-0.7
298	-0.86
299	-0.93
300	-1.51
301	-0.9
302	-0.46
303	0.36
304	0.16
305	-0.04
306	-0.41
307	-0.55
308	-1.05
309	-1.51
310	-1.56
311	-1.16
312	-0.47
313	-0.56
314	0.25
315	1.01
316	0.71
317	0.56
318	0.47
319	0.96
320	0.34
321	0.05
322	-0.4
323	-0.27
324	-0.68
325	-0.16
326	-0.64
327	-0.45
328	-0.58
329	-0.93
330	-1.39
331	-0.99
332	-0.95
333	-0.35
334	-0.7
335	-0.75
336	-0.94
337	-1.51
338	-1.84
339	-1.75
340	-2.24
341	-2.23
342	-1.16
343	-0.57
344	0.31
345	0.6
346	0.49
347	0.65
348	0.8
349	0.3
350	-0.32
351	-0.44
352	-0.49
353	0.31
354	-0.39
355	0.18
356	-0.0
357	-0.05
358	-0.84
359	-0.46
360	-0.6
361	-0.47
362	-0.4
363	0.24
364	0.75
365	0.97
366	0.93
367	0.42
368	0.48
369	0.46
370	0.31
371	-0.64
372	-0.72
373	-0.95
374	-0.92
375	-0.72
376	-1.44
377	-1.08
378	-1.11
379	-1.04
380	-1.04
381	-1.22
382	-1.35
383	-1.31
384	-1.42
385	-0.55
386	-0.76
387	-1.62
388	-0.93
389	-0.86
390	-0.1
391	-0.54
392	-1.16
393	-0.98
394	-1.24
395	-1.91
396	-0.85
397	-1.3
398	-0.67
399	-0.15
400	0.1
401	0.18
402	0.2
403	-0.54
404	-1.02
405	-1.83
406	-2.22
407	-2.72
408	-2.66
409	-2.66
410	-2.48
411	-2.11
412	-1.41
413	-0.07
414	0.12
415	-0.25
416	-0.01
417	-0.16
418	-0.45
419	-0.46
420	-0.2
421	-0.21
422	-0.14
423	0.33
424	-0.25
425	0.39
426	0.13
427	-0.17
428	0.57
429	0.49
430	0.03
431	-0.19
432	-0.65
433	-0.54
434	-0.21
435	-0.47
436	-1.04
437	-0.35
438	-0.73
439	-0.75
440	-0.51
441	-0.24
442	-0.54
443	-0.67
444	-1.35
445	-0.43
446	-0.29
447	-0.4
448	-1.04
449	-0.81
450	-0.41
451	-0.22
452	-1.14
453	-1.39
454	-1.11
455	-0.94
456	-1.8
457	-1.83
458	-1.69
459	-1.17
460	-0.56
461	0.22
462	-0.33
463	-0.46
464	-0.54
465	-0.33
466	-1.15
467	-1.18
468	-1.58
469	-1.92
470	-1.83
471	-1.18
472	-1.02
473	-0.74
474	-0.83
475	-0.15
476	-0.2
477	0.42
478	-0.1
479	-0.51
480	0.53
481	0.12
482	0.09
483	0.59
484	-0.07
485	0.35
486	0.7
487	0.44
488	0.37
489	0.46
490	0.59
491	0.48
492	-0.02
493	-0.23
494	-0.07
495	0.86
496	0.13
497	0.5
498	-0.54
499	-0.79
500	-0.58
501	-0.06
502	-0.06
503	0.05
504	0.37
505	0.98
506	0.6
507	0.32
508	0.63
509	0.47
510	-0.04
511	-0.36
512	-0.22
513	0.09
514	0.03
515	-0.4
516	-1.09
517	-0.59
518	-0.23
519	-0.8
520	-0.89
521	-0.7
522	-0.9
523	-0.77
524	-0.69
525	-0.66
526	-0.05
527	-0.1
528	-0.15
529	-0.37
530	-0.15
531	-0.54
532	-0.88
533	-1.29
534	-1.64
535	-1.4
536	-1.55
537	-1.88
538	-2.04
539	-1.05
540	0.1
541	-0.4
542	-0.61
543	-0.88
544	-1.41
545	-1.68
546	-1.74
547	-1.09
548	-0.5
549	0.22
550	0.77
551	0.52
552	0.52
553	0.66
554	0.2
555	0.34
556	-0.06
557	-0.43
558	0.5
559	0.53
560	0.59
561	0.15
562	0.13
563	0.46
564	-0.46
565	-0.74
566	-0.6
567	-0.78
568	-0.89
569	-0.99
570	-1.34
571	-1.38
572	-1.41
573	-1.0
574	-0.41
575	-0.42
576	-0.64
577	-0.27
578	-0.34
579	-0.51
580	-1.21
581	-1.85
582	-2.14
583	-1.29
584	-1.41
585	-1.09
586	-0.72
587	-0.95
588	-0.75
589	0.18
590	-0.3
591	0.0
592	0.3
593	0.76
594	0.86
595	0.42
596	-0.05
597	0.2
598	0.33
599	0.21
600	0.33
601	0.29
602	0.26
603	0.93
604	1.66
605	0.81
606	0.8
607	1.14
608	0.31
609	0.51
610	-0.21
611	-0.68
612	-0.05
613	-0.98
614	-0.72
615	-0.94
616	-0.59
617	0.45
618	0.18
619	0.04
620	0.11
621	-0.56
622	0.08
623	0.47
624	-0.17
625	0.09
626	-0.47
627	-0.36
628	0.3
629	-0.24
630	-0.45
631	-0.61
632	-0.5
633	-0.01
634	-0.31
635	-0.3
636	-0.18
637	-0.19
638	-0.22
639	-0.32
640	0.12
641	-1.1
642	-1.54
643	-1.33
644	-1.35
645	-0.9
646	-0.38
647	-0.86
648	-0.29
649	0.25
650	-0.37
651	0.05
652	-0.04
653	0.57
654	0.46
655	0.02
656	0.28
657	0.46
658	0.46
659	0.42
660	0.27
661	1.11
662	0.9
663	0.71
664	0.65
665	0.76
666	0.27
667	-0.24
668	-0.96
669	-1.18
670	-1.08
671	-0.97
672	-0.29
673	-0.64
674	-0.49
675	-0.19
676	0.12
677	0.44
678	0.86
679	0.56
680	0.52
681	0.39
682	0.15
683	0.51
684	1.19
685	0.82
686	0.3
687	0.38
688	0.5
689	0.95
690	0.72
691	0.09
692	0.3
693	0.66
694	0.43
695	0.39
696	-0.49
697	-1.05
698	-0.75
699	-1.54
700	-1.64
701	-0.72
702	-0.81
703	-0.58
704	-0.55
705	-1.07
706	-0.64
707	-0.41
708	-0.87
709	-0.85
710	-0.96
711	-0.7
712	-0.38
713	0.16
714	0.01
715	0.85
716	1.23
717	1.28
718	1.32
719	0.84
720	0.46
721	0.69
722	0.2
723	-0.38
724	-1.15
725	-0.44
726	-0.56
727	-0.08
728	-0.83
729	-0.92
730	-0.71
731	-0.61
732	-0.86
733	-0.54
734	-0.69
735	0.01
736	0.02
737	0.27
738	0.3
739	-0.2
740	-0.81
741	-1.39
742	-2.02
743	-1.89
744	-2.54
745	-1.93
746	-1.58
747	-1.37
748	-1.2
749	-1.07
750	-0.85
751	-0.37
752	-0.65
753	-0.41
754	0.1
755	-0.02
756	-0.22
757	-0.92
758	-1.79
759	-1.9
760	-1.71
761	-1.71
762	-1.59
763	-1.66
764	-1.68
765	-0.63
766	-1.02
767	-1.39
768	-1.25
769	-0.64
770	0.1
771	0.95
772	0.06
773	0.01
774	0.17
775	0.1
776	-0.22
777	-0.72
778	-1.23
779	-0.14
780	-0.21
781	0.34
782	0.42
783	0.05
784	0.25
785	0.12
786	-0.27
787	0.1
788	-0.59
789	-0.53
790	-0.54
791	-0.86
792	-0.9
793	-0.97
794	-1.51
795	-1.38
796	-1.07
797	-1.81
798	-2.49
799	-2.39
800	-2.42
801	-2.04
802	-1.53
803	-1.69
804	-1.69
805	-0.56
806	-0.0
807	-0.12
808	-0.52
809	-0.65
810	-0.51
811	-0.19
812	-0.62
813	-0.19
814	-0.0
815	-0.28
816	0.18
817	-0.22
818	-0.65
819	-0.94
820	-1.63
821	-1.91
822	-1.25
823	-1.91
824	-1.46
825	-1.29
826	-0.88
827	-0.42
828	-0.28
829	-0.88
830	-1.34
831	-1.26
832	-0.77
833	-0.96
834	-1.56
835	-1.61
836	-1.65
837	-1.4
838	-0.92
839	-0.91
840	-0.65
841	-1.23
842	-0.74
843	-0.74
844	-0.76
845	-0.77
846	-0.24
847	-0.18
848	0.26
849	-0.29
850	-0.22
851	-0.35
852	-0.31
853	-0.83
854	-0.83
855	-1.46
856	-1.72
857	-1.7
858	-0.9
859	-0.13
860	0.32
861	0.16
862	0.18
863	0.68
864	0.74
865	-0.22
866	-0.74
867	-1.37
868	-1.58
869	-1.67
870	-2.36
871	-1.55
872	-1.07
873	-0.95
874	-1.33
875	-1.4
876	-1.51
877	-1.54
878	-2.34
879	-2.18
880	-2.25
881	-2.11
882	1.48
883	0.48
884	0.2
885	0.01
886	0.32
887	0.21
888	0.22
889	0.81
890	1.05
891	0.13
892	-0.23
893	-0.08
894	-0.17
895	-0.77
896	-1.75
897	-1.08
898	-0.36
899	-0.5
900	-0.28
901	0.39
902	0.51
903	0.75
904	-0.02
905	-0.38
906	0.32
907	0.12
908	-0.16
909	-0.3
910	0.32
911	0.52
912	0.61
913	-0.22
914	-0.02
915	0.25
916	-0.08
917	-0.59
918	-1.06
919	-1.19
920	-1.22
921	-1.41
922	-1.5
923	-0.65
924	-1.14
925	-1.05
926	-1.51
927	-1.23
928	-0.93
929	-0.17
930	0.02
931	-0.17
932	0.08
933	-0.19
934	-0.56
935	-0.21
936	-0.21
937	-0.84
938	-0.0
939	-0.14
940	0.59
941	1.55
942	1.68
943	0.92
944	0.72
945	0.53
946	1.18
947	0.59
948	0.16
949	-0.16
950	0.36
951	0.07
952	-0.32
953	-0.85
954	-0.84
955	-0.27
956	-0.81
957	-0.85
958	-1.12
959	-0.6
960	0.2
961	-0.21
962	-0.33
963	0.35
964	-0.04
965	-0.21
966	-0.4
967	-1.34
968	-1.01
969	-0.58
970	-1.2
971	-1.22
972	-1.02
973	-1.24
974	-0.39
975	-0.73
976	0.23
977	0.07
978	0.05
979	0.56
980	-0.18
981	-0.64
982	-0.58
983	-1.06
984	-0.78
985	-1.05
986	-1.2
987	-0.62
988	0.14
989	-0.07
990	-0.51
991	-0.09
992	0.61
993	0.34
994	-0.47
995	-1.11
996	-1.09
997	-0.46
998	-0.03
999	-0.49
1000	0.43
1001	0.29
1002	0.56
1003	1.13
1004	1.14
1005	0.51
1006	0.05
1007	-0.5
1008	-0.08
1009	-0.0
1010	-0.84
1011	-1.16
1012	-0.94
1013	-1.17
1014	-1.3
1015	-1.9
1016	-0.7
1017	-0.55
1018	-0.7
1019	-0.96
1020	-1.03
1021	-0.73
1022	-1.29
1023	-0.52
1024	0.18
1025	0.25
1026	0.16
1027	-0.39
1028	-1.2
1029	-0.64
1030	-1.44
1031	-1.64
1032	-1.05
1033	-0.09
1034	0.23
1035	0.11
1036	0.18
1037	0.5
1038	1.03
1039	0.52
1040	-0.27
1041	-0.86
1042	-0.25
1043	-0.17
1044	0.03
1045	0.06
1046	0.04
1047	0.14
1048	0.2
1049	-0.2
1050	0.44
1051	-0.33
1052	-0.94
1053	-1.13
1054	-0.98
1055	-0.84
1056	-1.0
1057	-1.34
1058	-1.18
1059	-1.61
1060	0.22
1061	0.28
1062	0.36
1063	0.63
1064	-0.0
1065	0.25
1066	-0.19
1067	0.5
1068	0.55
1069	0.32
1070	-0.4
1071	-0.44
1072	-0.51
1073	-0.45
1074	-0.36
1075	-0.73
1076	-0.03
1077	0.1
1078	-0.08
1079	0.04
1080	0.13
1081	0.4
1082	-0.13
1083	-0.01
1084	0.4
1085	0.27
1086	-0.01
1087	0.48
1088	-0.11
1089	-0.06
1090	-0.28
1091	-0.49
1092	0.26
1093	0.81
1094	0.4
1095	0.12
1096	-0.17
1097	-0.38
1098	-0.69
1099	-1.08
1100	-1.27
1101	-1.52
1102	-1.01
1103	-0.34
1104	-1.06
1105	-1.0
1106	-0.46
1107	-0.93
1108	-0.4
1109	0.09
1110	-0.23
1111	0.37
1112	0.31
1113	0.35
1114	1.03
1115	0.97
1116	1.27
1117	1.11
1118	1.12
1119	1.63
1120	2.08
1121	0.86
1122	0.06
1123	-0.41
1124	0.41
1125	0.37
1126	-0.14
1127	-0.5
1128	-0.56
1129	-0.3
1130	-0.42
1131	-1.34
1132	-1.81
1133	-1.71
1134	-1.67
1135	-0.71
1136	0.3
1137	0.68
1138	1.54
1139	1.54
1140	2.34
1141	2.53
1142	1.82
1143	1.33
1144	0.83
1145	-0.86
1146	-1.63
1147	-1.35
1148	-0.91
1149	-1.07
1150	-0.65
1151	-0.52
1152	-0.13
1153	0.5
1154	0.63
1155	-0.06
1156	0.32
1157	0.5
1158	-0.29
1159	0.42
1160	0.07
1161	-0.73
1162	-0.1
1163	-0.02
1164	-0.37
1165	-0.54
1166	-0.46
1167	-0.27
1168	-0.36
1169	-0.67
1170	-0.78
1171	-0.47
1172	-0.47
1173	-0.53
1174	0.34
1175	0.26
1176	0.17
1177	0.58
1178	0.5
1179	1.23
1180	1.09
1181	0.22
1182	0.37
1183	0.8
1184	0.23
1185	-0.39
1186	-0.48
1187	-0.88
1188	-0.46
1189	-0.39
1190	-1.09
1191	-0.82
1192	0.09
1193	1.0
1194	0.38
1195	-0.11
1196	-0.69
1197	-1.36
1198	-0.95
1199	-1.71
1200	-1.82
1201	-1.87
1202	-1.31
1203	-0.32
1204	0.18
1205	-0.33
1206	0.5
1207	0.75
1208	0.77
1209	0.06
1210	-0.28
1211	-1.12
1212	-0.51
1213	-0.47
1214	-0.71
1215	-0.06
1216	0.25
1217	0.9
1218	1.43
1219	0.89
1220	0.43
1221	0.44
1222	0.15
1223	-0.65
1224	-1.27
1225	-1.49
1226	-0.72
1227	-0.24
1228	-0.35
1229	0.25
1230	0.76
1231	0.98
1232	0.99
1233	0.02
1234	0.43
1235	0.56
1236	-0.18
1237	-0.71
1238	-0.37
1239	-0.91
1240	-0.78
1241	-0.66
1242	-0.55
1243	-1.16
1244	-1.17
1245	-1.47
1246	-1.38
1247	-0.81
1248	-1.2
1249	-1.01
1250	-0.56
1251	-1.25
1252	-0.98
1253	-0.03
1254	-0.75
1255	-0.27
1256	0.7
1257	0.32
1258	0.26
1259	0.59
1260	-0.3
1261	0.35
1262	0.47
1263	-0.11
1264	0.96
1265	0.84
1266	0.42
1267	0.07
1268	-0.36
1269	-0.49
1270	-0.58
1271	-1.33
1272	-1.01
1273	-0.47
1274	-1.08
1275	-0.8
1276	-0.93
1277	-1.16
1278	-0.41
1279	-0.81
1280	-1.14
1281	-0.94
1282	-0.5
1283	0.7
1284	0.7
1285	0.61
1286	0.11
1287	0.05
1288	-0.81
1289	-1.05
1290	-0.81
1291	-0.95
1292	-0.55
1293	-0.09
1294	-0.27
1295	0.65
1296	0.66
1297	1.01
1298	1.71
1299	0.81
1300	0.46
1301	-0.29
1302	-1.0
1303	-0.24
1304	-0.83
1305	-0.82
1306	-0.49
1307	-0.8
1308	-1.12
1309	-0.69
1310	-1.0
1311	-0.16
1312	-1.09
1313	-1.01
1314	0.2
1315	0.27
1316	-0.54
1317	-0.14
1318	-0.78
1319	-0.11
1320	-0.27
1321	-0.69
1322	-0.83
1323	-0.7
1324	-1.08
1325	-1.16
1326	-1.73
1327	-0.37
1328	-0.35
1329	-0.12
1330	-0.24
1331	0.4
1332	-0.24
1333	-0.33
1334	-0.1
1335	-0.41
1336	-0.64
1337	-0.97
1338	-1.06
1339	-0.83
1340	-0.45
1341	-1.08
1342	-0.68
1343	-0.14
1344	-0.72
1345	-1.08
1346	-0.91
1347	-1.46
1348	-1.78
1349	-2.03
1350	-1.73
1351	-1.6
1352	-0.96
1353	-0.95
1354	-0.5
1355	-0.26
1356	0.7
1357	-0.33
1358	-0.49
1359	-0.69
1360	-0.52
1361	-0.77
1362	-0.45
1363	-0.13
1364	0.32
1365	0.38
1366	-0.17
1367	-0.43
1368	0.23
1369	0.0
1370	-0.32
1371	-0.36
1372	-1.29
1373	-0.56
1374	-0.65
1375	-0.55
1376	-0.6
1377	-0.61
1378	-0.12
1379	0.32
1380	-0.72
1381	-0.68
1382	-0.53
1383	-0.02
1384	-0.19
1385	-0.71
1386	-0.91
1387	-0.31
1388	-0.09
1389	-0.35
1390	-0.23
1391	0.26
1392	0.19
1393	0.13
1394	0.62
1395	-0.14
1396	0.38
1397	-0.39
1398	-0.99
1399	-1.18
1400	-0.87
1401	-0.69
1402	-0.49
1403	-1.46
1404	-0.91
1405	-0.72
1406	0.21
1407	0.0
1408	0.26
1409	0.48
1410	1.38
1411	0.58
1412	1.0
1413	-0.05
1414	-0.16
1415	-0.11
1416	-0.83
1417	-0.49
1418	-1.13
1419	-1.1
1420	-0.96
1421	-0.75
1422	-0.28
1423	-0.31
1424	-0.95
1425	-0.36
1426	-0.1
1427	0.19
1428	0.62
1429	0.18
1430	0.78
1431	1.13
1432	1.28
1433	0.64
1434	0.51
1435	0.53
1436	0.64
1437	-0.34
1438	-0.75
1439	-1.65
1440	-1.46
1441	-1.53
1442	-2.23
1443	-1.33
1444	-1.61
1445	-0.65
1446	-0.66
1447	-0.85
1448	-1.14
1449	-0.39
1450	-0.92
1451	-0.97
1452	-0.99
1453	-1.01
1454	-0.65
1455	-0.72
1456	-1.13
1457	-0.92
1458	0.16
1459	-0.27
1460	-0.58
1461	-0.16
1462	-0.23
1463	0.53
1464	0.49
1465	-0.31
1466	-0.21
1467	0.75
1468	-0.75
1469	-0.82
1470	-0.65
1471	-1.22
1472	-0.68
1473	-0.49
1474	-1.13
1475	0.25
1476	-0.1
1477	-0.46
1478	0.28
1479	0.27
1480	1.12
1481	1.58
1482	0.76
1483	0.81
1484	0.59
1485	0.08
1486	-0.68
1487	-0.78
1488	-1.86
1489	-1.12
1490	-0.36
1491	0.33
1492	0.63
1493	1.23
1494	0.48
1495	0.75
1496	0.44
1497	0.45
1498	0.08
1499	0.03
1500	-0.64
1501	-0.51
1502	-0.54
1503	-0.69
1504	-0.97
1505	-0.5
1506	-0.4
1507	0.09
1508	0.87
1509	0.62
1510	1.13
1511	-1.36
1512	-0.9
1513	-0.59
1514	-0.08
1515	0.5
1516	0.9
1517	0.92
1518	1.49
1519	1.4
1520	0.13
1521	-0.67
1522	-0.92
1523	-0.98
1524	-1.32
1525	-1.05
1526	-0.95
1527	-1.01
1528	-0.32
1529	-0.17
1530	-0.15
1531	-0.17
1532	-0.05
1533	-0.83
1534	0.32
1535	-0.55
1536	-0.51
1537	-0.73
1538	-0.98
1539	-1.59
1540	-1.11
1541	-1.21
1542	-0.83
1543	-1.06
1544	-0.65
1545	-0.12
1546	0.28
1547	0.11
1548	0.01
1549	-0.34
1550	-0.0
1551	-0.09
1552	-0.11
1553	0.06
1554	1.34
1555	1.78
1556	1.78
1557	1.04
1558	0.49
1559	0.17
1560	0.79
1561	0.58
1562	-0.39
1563	-1.14
1564	-1.0
1565	-1.31
1566	-1.98
1567	-2.63
1568	-2.06
1569	-1.91
1570	-1.45
1571	-0.6
1572	-0.99
1573	-0.72
1574	-0.25
1575	-0.36
1576	0.05
1577	-0.48
1578	-1.4
1579	-0.44
1580	0.23
1581	-0.05
1582	0.7
1583	0.5
1584	0.36
1585	0.55
1586	0.08
1587	-0.15
1588	0.43
1589	-0.25
1590	0.04
1591	0.42
1592	0.81
1593	0.71
1594	-0.11
1595	-0.28
1596	0.15
1597	-0.35
1598	-0.61
1599	-0.25
1600	0.26
1601	0.27
1602	-0.37
1603	-0.51
1604	0.1
1605	0.71
1606	0.41
1607	-0.42
1608	-0.41
1609	-0.36
1610	-0.35
1611	-0.37
1612	-0.41
1613	-0.6
1614	-0.45
1615	-0.31
1616	-0.79
1617	-0.76
1618	-0.84
1619	-1.17
1620	-0.49
1621	0.13
1622	-0.18
1623	0.22
1624	0.43
1625	-0.39
1626	0.13
1627	-0.23
1628	-0.98
1629	-0.65
1630	-0.44
1631	0.28
1632	0.14
1633	-0.21
1634	1.21
1635	1.17
1636	0.42
1637	0.12
1638	-0.59
1639	-0.6
1640	-0.15
1641	-0.1
1642	0.09
1643	0.93
1644	1.07
1645	0.72
1646	1.47
1647	0.23
1648	-0.22
1649	-1.01
1650	-0.97
1651	-1.04
1652	-0.44
1653	-0.55
1654	-0.17
1655	-0.07
1656	0.03
1657	-0.4
1658	-0.28
1659	-0.68
1660	-0.59
1661	-0.27
1662	0.05
1663	-0.18
1664	-0.04
1665	0.32
1666	0.14
1667	0.31
1668	-0.23
1669	0.34
1670	0.95
1671	0.54
1672	0.93
1673	0.03
1674	0.13
1675	0.8
1676	0.55
1677	0.15
1678	0.06
1679	0.03
1680	0.31
1681	0.82
1682	0.88
1683	0.8
1684	0.75
1685	-0.15
1686	-0.34
1687	-0.32
1688	-0.96
1689	-1.35
1690	-1.68
1691	-0.56
1692	0.0
1693	-0.17
1694	0.16
1695	0.83
1696	0.54
1697	0.42
1698	0.55
1699	1.34
1700	0.78
1701	0.65
1702	0.77
1703	0.65
1704	0.47
1705	0.51
1706	-0.01
1707	0.08
1708	-0.28
1709	-0.86
1710	-0.57
1711	-0.18
1712	-0.06
1713	-0.42
1714	-0.56
1715	-0.72
1716	-1.19
1717	-1.26
1718	-1.21
1719	-1.59
1720	-1.89
1721	-1.84
1722	-1.23
1723	0.69
1724	-0.03
1725	0.19
1726	1.01
1727	-0.03
1728	-0.64
1729	-0.12
1730	-0.34
1731	-0.03
1732	0.69
1733	0.17
1734	0.79
1735	0.68
1736	0.58
1737	0.8
1738	-0.19
1739	-0.22
1740	0.07
1741	0.19
1742	1.38
1743	0.74
1744	0.27
1745	1.48
1746	1.19
1747	0.29
1748	0.46
1749	-0.75
1750	-0.98
1751	-1.12
1752	-1.74
1753	-1.56
1754	-1.12
1755	-0.25
1756	0.3
1757	1.0
1758	1.97
1759	2.26
1760	2.4
1761	2.08
1762	1.15
1763	1.24
1764	0.65
1765	0.51
1766	1.33
1767	1.75
1768	1.39
1769	1.2
1770	0.47
1771	-0.28
1772	-0.96
1773	-1.39
1774	-2.43
1775	-1.51
1776	-1.64
1777	-1.36
1778	-1.5
1779	-1.27
1780	-0.46
1781	-0.16
1782	-0.06
1783	1.23
1784	0.81
1785	1.72
1786	1.26
1787	1.4
1788	1.11
1789	0.59
1790	0.65
1791	1.01
1792	0.46
1793	1.16
1794	-0.08
1795	0.22
1796	0.93
1797	0.21
1798	-0.28
1799	0.22
1800	-0.87
1801	-0.79
1802	0.14
1803	-0.36
1804	-0.74
1805	-0.05
1806	0.62
1807	0.39
1808	-0.73
1809	-0.99
1810	-0.67
1811	-0.86
1812	-0.77
1813	-0.89
1814	-1.51
1815	-2.07
1816	-1.01
1817	-0.84
1818	-0.86
1819	-0.22
1820	-0.09
1821	0.21
1822	0.27
1823	-0.16
1824	-0.78
1825	-0.93
1826	-0.25
1827	-0.22
1828	-0.28
1829	-0.39
1830	-0.03
1831	0.14
1832	-0.23
1833	-1.24
1834	-0.8
1835	-0.61
1836	-0.4
1837	-0.57
1838	-0.6
1839	0.31
1840	1.05
1841	0.56
1842	0.37
1843	0.11
1844	0.09
1845	-0.11
1846	-0.41
1847	-0.91
1848	-0.29
1849	-0.45
1850	-0.67
1851	-1.63
1852	-1.38
1853	-0.31
1854	-0.29
1855	-1.19
1856	-0.43
1857	-1.17
1858	-1.24
1859	-1.07
1860	-0.0
1861	0.95
1862	1.39
1863	1.35
1864	1.7
1865	1.79
1866	2.11
1867	1.21
1868	0.57
1869	-0.07
1870	-0.03
1871	-0.48
1872	0.71
1873	-0.54
1874	-0.44
1875	1.12
1876	0.46
1877	-0.24
1878	0.79
1879	0.37
1880	0.73
1881	0.79
1882	0.28
1883	0.91
1884	1.06
1885	0.2
1886	0.33
1887	0.39
1888	-0.28
1889	-0.43
1890	-1.11
1891	-0.72
1892	-1.0
1893	-1.15
1894	-1.85
1895	-0.63
1896	-0.15
1897	0.82
1898	0.7
1899	0.83
1900	-0.39
1901	-0.13
1902	-0.11
1903	-0.95
1904	-0.91
1905	-0.69
1906	-1.41
1907	-1.01
1908	-0.92
1909	-1.58
1910	-1.73
1911	-0.53
1912	-0.2
1913	0.16
1914	0.95
1915	0.59
1916	1.22
1917	1.97
1918	0.78
1919	0.83
1920	0.38
1921	-0.32
1922	0.32
1923	-0.86
1924	-0.29
1925	-0.56
1926	-0.14
1927	0.15
1928	0.56
1929	0.24
1930	0.68
1931	0.01
1932	0.38
1933	0.72
1934	0.65
1935	0.65
1936	0.57
1937	0.47
1938	0.75
1939	0.41
1940	-0.04
1941	0.06
1942	0.12
1943	0.03
1944	0.28
1945	0.52
1946	1.36
1947	1.13
1948	1.09
1949	-0.73
1950	-0.05
1951	0.13
1952	0.61
1953	0.15
1954	-0.31
1955	0.38
1956	0.18
1957	0.54
1958	0.13
1959	0.7
1960	0.98
1961	1.34
1962	0.55
1963	0.87
1964	0.76
1965	0.82
1966	-0.25
1967	1.1
1968	-0.0
1969	-0.49
1970	0.34
1971	-0.14
1972	-0.13
1973	0.9
1974	-0.16
1975	-0.35
1976	0.04
1977	-0.4
1978	0.49
1979	0.06
1980	0.75
1981	-0.58
1982	-1.09
1983	-1.05
1984	-0.39
1985	-0.25
1986	0.15
1987	-0.06
1988	-0.28
1989	-0.24
1990	-0.33
1991	-0.46
1992	0.14
1993	-0.34
1994	-0.02
1995	-0.25
1996	-0.8
1997	-1.41
1998	-0.64
1999	-1.16
2000	-1.25
2001	-0.94
2002	-1.4
2003	-1.43
2004	-0.53
2005	-1.31
2006	-0.17
2007	-1.09
2008	-0.3
2009	0.9
2010	0.94
2011	-0.49
2012	1.0
2013	0.54
2014	-0.24
2015	-0.93
2016	-0.57
2017	-0.87
2018	-0.25
2019	-0.69
2020	-0.81
2021	-0.78
2022	-0.9
2023	-0.1
2024	-1.07
2025	-1.85
2026	-0.77
2027	0.12
2028	0.0
2029	-0.38
2030	0.11
2031	-0.03
2032	0.98
2033	-0.13
2034	-0.74
2035	-0.99
2036	-0.83
2037	-1.23
2038	-1.27
2039	-1.85
2040	-1.1
2041	-1.6
2042	-1.74
2043	-1.59
2044	-1.65
2045	-1.67
2046	-0.84
2047	-1.4
2048	-0.64
2049	-0.17
2050	-0.21
2051	-0.3
2052	0.99
2053	1.3
2054	1.36
2055	0.22
2056	0.29
2057	0.37
2058	1.04
2059	0.09
2060	-0.21
2061	-0.74
2062	-0.72
2063	-0.56
2064	-0.62
2065	-1.41
2066	0.06
2067	-0.7
2068	-1.6
2069	-0.82
2070	0.1
2071	-0.05
2072	-0.92
2073	-0.51
2074	-0.19
2075	-0.43
2076	-0.12
2077	0.18
2078	0.17
2079	0.47
2080	0.32
2081	-0.47
2082	-0.17
2083	1.05
2084	0.4
2085	0.26
2086	-0.52
2087	-1.61
2088	-0.61
2089	-1.53
2090	-2.05
2091	-1.11
2092	-0.45
2093	-0.59
2094	-0.24
2095	0.37
2096	0.09
2097	1.27
2098	0.38
2099	0.48
2100	1.41
2101	1.75
2102	1.47
2103	0.9
2104	1.25
2105	0.76
2106	1.39
2107	1.12
2108	1.52
2109	0.55
2110	-0.39
2111	0.13
2112	-0.27
2113	-1.08
2114	-2.39
2115	-1.68
2116	-1.31
2117	-0.44
2118	-0.04
2119	-0.72
2120	0.01
2121	-0.73
2122	0.39
2123	-0.61
2124	-0.15
2125	0.11
2126	-0.5
2127	-0.55
2128	0.11
2129	0.5
2130	0.52
2131	0.47
2132	-0.89
2133	0.09
2134	0.6
2135	0.15
2136	0.51
2137	0.12
2138	1.2
2139	0.21
2140	0.48
2141	0.26
2142	-0.41
2143	-0.17
2144	-0.94
2145	-0.62
2146	-0.46
2147	-0.36
2148	0.01
2149	0.96
2150	0.71
2151	-0.14
2152	-1.03
2153	-0.75
2154	-1.72
2155	-2.23
2156	-0.49
2157	0.49
2158	0.57
2159	0.06
2160	0.14
2161	-0.86
2162	-0.46
2163	-1.59
2164	-1.96
2165	-0.77
2166	-0.47
2167	-0.72
2168	0.29
2169	0.14
2170	0.21
2171	-0.16
2172	-0.38
2173	-1.04
2174	-1.0
2175	-1.37
2176	-0.26
2177	0.07
2178	0.46
2179	0.74
2180	0.25
2181	0.46
2182	-0.24
2183	-0.7
2184	-1.14
2185	-0.81
2186	0.01
2187	-1.06
2188	-0.38
2189	0.49
2190	1.43
2191	0.09
2192	-0.4
2193	-0.38
2194	0.99
2195	0.19
2196	0.41
2197	-0.27680851063829787
2198	-2.6600000000000006
2199	0.2169230769230769
2200	-0.913030303030303
2201	0.24898305084745764
2202	-2.6088421052631583
2203	-0.02169491525423729
2204	0.2559016393442623
2205	0.47306818181818183
2206	0.46838709677419355
2207	-0.00219512195121953
2208	-0.6684684684684684
2209	0.093943661971831
2210	0.28250000000000003
2211	-0.3036986301369863
2212	0.049931972789115646
2213	1.176951219512195
2214	0.014753086419753085
2215	-0.49428571428571433
2216	0.9454639175257733
2217	0.3639560439560439
2218	0.42514285714285716
2219	-0.5610256410256411
2220	-1.3645192307692307
2221	-1.128032786885246
2222	-0.4127272727272727
2223	-1.794
2224	-1.3283471074380166
2225	0.5836486486486487
2226	-1.358736842105263
2227	0.9908333333333333
2228	-2.6324861878453043
2229	-0.5486725663716814
2230	-0.5727450980392157
2231	-1.7469565217391305
2232	0.3005357142857143
2233	-0.8016312056737589
2234	-1.8530434782608698
2235	1.0380645161290323
2236	0.7133333333333334
2237	0.34660714285714284
2238	-0.10575757575757577
2239	0.15666666666666668
2240	-0.06207792207792208
2241	-1.60672131147541
2242	1.1400000000000001
2243	-1.1751724137931034
2244	0.7368085106382979
2245	-0.018846153846153853
2246	0.05600000000000001
2247	-1.1512499999999999
2248	0.04330097087378642
2249	-0.7083177570093457
2250	-0.49399999999999994
2251	0.47879194630872485
2252	0.30800000000000005
2253	1.1932692307692307
2254	0.41562499999999997
2255	0.521578947368421
2256	0.5142857142857143
2257	-1.0498630136986302
2258	0.542247191011236
2259	-1.0102564102564102
2260	-0.02852459016393443
2261	-0.7058666666666666
2262	-0.08756410256410256
2263	0.20285714285714287
2264	-0.1714516129032258
2265	-1.0893103448275863
2266	-0.04125
2267	0.2792857142857143
2268	-0.06434782608695651
2269	-0.223
2270	-0.28943925233644857
2271	-0.6221052631578947
2272	-0.7021621621621622
2273	-0.398448275862069
2274	0.9186153846153845
2275	1.6944444444444444
2276	0.6966025641025642
2277	-1.3881481481481481
2278	0.04770114942528736
2279	-1.3661403508771928
2280	0.23914893617021274
2281	0.49313725490196075
2282	-0.735137614678899
2283	-0.0017910447761193913
2284	0.2791666666666667
2285	1.0154545454545456
2286	-0.9618947368421052
2287	-0.41203703703703703
2288	-1.1753363228699552
2289	-0.5643396226415094
2290	-0.08914285714285715
2291	-0.44898550724637676
2292	-0.7466956521739131
2293	-1.151578947368421
2294	-0.363953488372093
2295	0.6218292682926829
2296	-0.45541284403669724
2297	0.23142857142857146
2298	-0.08060606060606061
2299	0.5065972222222223
2300	0.585
2301	0.0050000000000000105
2302	-0.7584615384615385
2303	-0.8770149253731343
2304	-2.4927816091954025
2305	-0.3932307692307692
2306	-1.7705263157894735
2307	-0.6391262135922331
2308	-1.1891304347826088
2309	-0.20858108108108106
2310	-0.6516535433070867
2311	-0.16
2312	-0.38414634146341464
2313	-0.2975471698113208
2314	0.07724550898203593
2315	-0.368
2316	-1.119645390070922
2317	0.16517857142857142
2318	-1.0620618556701031
2319	0.511578947368421
2320	-1.3742553191489362
2321	-0.6154216867469879
2322	-0.3346
2323	-0.40192307692307694
2324	1.4365454545454546
2325	0.3781818181818182
2326	-1.0929565217391304
2327	-2.0375510204081633
2328	0.3896153846153846
2329	-2.1005185185185185
2330	1.2315555555555555
2331	-0.5098550724637682
2332	-2.548867924528302
2333	-0.2886516853932584
2334	0.676
2335	0.13448818897637793
2336	-1.5242364532019705
2337	-0.42772727272727273
2338	-0.09976923076923074
2339	-0.5447368421052632
2340	0.04266666666666667
2341	1.4829870129870129
2342	0.6821238938053097
2343	-0.3060377358490566
2344	-0.63375
2345	0.06131578947368421
2346	0.4079807692307692
2347	0.2361904761904762
2348	1.1361176470588235
2349	-0.011884057971014496
2350	1.0635593220338984
2351	0.21618556701030928
2352	-0.968255033557047
2353	0.24962406015037597
2354	0.34036144578313254
2355	0.35731182795698924
2356	-0.9271621621621622
2357	0.4115384615384615
2358	-0.38395833333333335
2359	-0.1309375
2360	-0.5737500000000001
2361	-0.6860747663551402
2362	-0.8638235294117647
2363	-0.6117647058823529
2364	-0.9039655172413793
2365	-0.7017021276595745
2366	0.16500000000000004
2367	0.8866145833333334
2368	-0.24343750000000003
2369	-0.402
2370	0.5424528301886793
2371	-0.8112371134020618
2372	0.021492537313432834
2373	-2.1100000000000003
2374	0.30228571428571427
2375	-0.05240000000000001
2376	-1.035
2377	0.714225352112676
2378	0.4574074074074074
2379	-0.5204854368932039
2380	-1.0175471698113208
2381	0.3852808988764045
2382	0.06090909090909091
2383	-1.8781249999999998
2384	-0.6359842519685039
2385	0.3587234042553191
2386	-0.35488000000000003
2387	0.8361904761904763
2388	0.18037037037037035
2389	-1.4553608247422682
2390	0.6581651376146789
2391	-0.5931858407079647
2392	-0.3472857142857143
2393	0.07797619047619048
2394	-0.40688073394495416
2395	-1.2649230769230768
2396	0.3580434782608695
2397	-0.8013793103448276
2398	-0.025252525252525252
2399	-0.12463999999999999
2400	-0.9148026315789475
2401	-0.09658914728682168
2402	0.10857142857142857
2403	-1.6588549618320612
2404	-1.1738961038961038
2405	-0.1646153846153846
2406	0.599041095890411
2407	0.09698412698412698
2408	0.6628571428571428
2409	0.21666666666666667
2410	-1.858673469387755
2411	-1.2614772727272727
2412	1.5198684210526314
2413	-0.40468354430379744
2414	0.1628947368421053
2415	0.65
2416	0.2687755102040817
2417	-0.6066929133858268
2418	-0.39643835616438355
2419	-0.46074074074074073
2420	0.37114285714285716
2421	0.5964077669902913
2422	0.947325581395349
2423	-1.0807751937984498
2424	-0.11776470588235292
2425	0.0921978021978022
2426	-0.997972027972028
2427	-0.0366
2428	-1.8305882352941176
2429	-1.0641721854304635
2430	-0.6786538461538462
2431	-0.2515909090909091
2432	-1.6117021276595744
2433	-0.9461333333333335
2434	-0.15800000000000003
2435	-0.37522935779816513
2436	0.25878048780487806
2437	-0.7747674418604651
2438	0.06285714285714288
2439	-0.38937499999999997
2440	-0.425
2441	-0.30528205128205127
2442	-0.11276595744680852
2443	-0.43591549295774645
2444	0.28271317829457365
2445	-0.4633333333333334
2446	-0.28804195804195803
2447	-1.4602105263157894
2448	-0.2049397590361446
2449	-0.6274226804123711
2450	-0.5839669421487603
2451	0.5037777777777778
2452	-0.6847887323943662
2453	-0.0723148148148148
2454	-0.23774774774774776
2455	-1.2976847290640394
2456	-0.015555555555555536
2457	-0.2746022727272728
2458	-2.0303846153846155
2459	-0.9808247422680411
2460	0.03887755102040816
2461	-1.0901709401709403
2462	0.10969325153374232
2463	-2.4446153846153846
2464	-1.3006060606060608
2465	-1.2077142857142855
2466	-0.07236641221374047
2467	-1.638780487804878
2468	0.2580869565217392
2469	-0.32426229508196724
2470	-1.3183783783783785
2471	0.6188636363636365
2472	-0.581923076923077
2473	0.018431372549019606
2474	-0.9121969696969696
2475	-0.7245631067961165
2476	-0.7218518518518517
2477	-0.6087272727272727
2478	1.8087603305785123
2479	-0.9184864864864866
2480	0.6341221374045801
2481	1.6824999999999999
2482	-0.1939622641509434
2483	-0.6445454545454545
2484	-0.8428996282527882
2485	0.23934782608695654
2486	0.3088235294117648
2487	0.10083333333333333
2488	0.052272727272727276
2489	0.8855384615384616
2490	1.4333333333333333
2491	0.15350877192982457
2492	0.373968253968254
2493	-1.0194444444444444
2494	1.5057142857142856
2495	-0.22344827586206897
2496	1.6092307692307695
2497	0.10102040816326531
2498	-0.6319565217391304
2499	-0.5524390243902438
2500	0.3583870967741935
2501	0.6
2502	-2.468606194690266
2503	-1.6199999999999999
2504	0.19688524590163936
2505	-0.06289256198347108
2506	-1.7553271028037385
2507	-0.4122784810126581
2508	-0.03652173913043479
2509	0.29916666666666664
2510	-1.1027272727272728
2511	0.4264285714285715
2512	-0.01466666666666665
2513	0.25357142857142856
2514	-0.49116751269035536
2515	-0.18651162790697676
2516	-0.41876712328767124
2517	-1.2368503937007873
2518	0.8689655172413794
2519	-0.9375
2520	0.6726530612244899
2521	-0.24412280701754388
2522	0.6581818181818182
2523	-0.32830687830687827
2524	-0.7410091743119267
2525	-1.7142857142857142
2526	-0.37415254237288137
2527	-0.7691818181818182
2528	-0.31204301075268814
2529	-1.3892592592592594
2530	-0.3905172413793104
2531	0.7436781609195403
2532	0.61
2533	-0.2773049645390071
2534	-0.03778409090909091
2535	-0.486328125
2536	0.46967741935483864
2537	-0.6284158415841584
2538	0.6166666666666667
2539	1.2305063291139242
2540	-0.41765151515151516
2541	0.0628
2542	0.33064516129032256
2543	-1.5653020134228188
2544	-0.22254901960784312
2545	0.4090666666666667
2546	-0.5832727272727273
2547	0.8965
2548	0.1343956043956044
2549	-0.9293129770992365
2550	0.9991752577319586
2551	-0.7189944134078212
2552	-0.2276158940397351
2553	-1.3028301886792453
2554	-1.6430985915492957
2555	-0.5943478260869565
2556	-0.8390909090909091
2557	-0.5735398230088495
2558	-0.9986567164179107
2559	-0.27281609195402295
2560	0.9253271028037382
2561	-1.3535483870967742
2562	0.5322972972972974
2563	-1.1688275862068966
2564	0.059784946236559146
2565	0.5921686746987952
2566	-1.051287128712871
2567	-0.35842696629213483
2568	1.880217391304348
2569	1.102937062937063
2570	-0.7363793103448276
2571	-1.13
2572	-0.7508571428571429
2573	-1.0091666666666668
2574	-0.6075625
2575	-0.5164150943396226
2576	0.5165346534653465
2577	-0.02870229007633589
2578	-0.4776543209876543
2579	-0.9808612440191388
2580	0.17500000000000002
2581	-0.074
2582	0.5137837837837839
2583	-0.5583695652173913
2584	-0.6264285714285714
2585	-1.716393442622951
2586	0.43290540540540545
2587	0.05366197183098591
2588	-0.1249056603773585
2589	0.09123711340206185
2590	-1.611125
2591	-2.021176470588235
2592	-0.0003448275862068892
2593	-1.9549019607843139
2594	1.1142857142857143
2595	-0.13319148936170214
2596	-0.2771969696969697
2597	0.5054166666666666
2598	-1.2012631578947368
2599	-0.17538461538461536
2600	-1.0924657534246576
2601	0.7710588235294117
2602	-1.0828125000000002
2603	-2.4715809523809527
2604	0.4139344262295082
2605	-1.5538461538461537
2606	-2.40752
2607	-1.14890625
2608	-0.4915289256198348
2609	0.03443181818181819
2610	0.09697297297297298
2611	-0.011111111111111105
2612	-1.4628030303030302
2613	0.2711688311688312
2614	0.17181818181818181
2615	0.5345454545454545
2616	-0.3529787234042553
2617	-0.1849655172413793
2618	-1.5
2619	-0.125390625
2620	0.36938547486033524
2621	0.1572727272727273
2622	-0.4263218390804598
2623	-0.34328767123287673
2624	0.4625
2625	-0.2017123287671233
2626	1.8237647058823527
2627	-0.94
2628	-0.9441304347826086
2629	-1.3271698113207546
2630	0.12999999999999998
2631	0.5617518248175183
2632	0.3775892857142857
2633	-0.480379746835443
2634	-1.45
2635	-0.2911764705882353
2636	0.5250285714285714
2637	-0.7261363636363636
2638	0.294
2639	-0.6907865168539327
2640	-1.4043076923076923
2641	-0.8334782608695652
2642	-1.313758865248227
2643	-0.42000000000000004
2644	-0.9824742268041238
2645	-0.42145454545454547
2646	0.4534166666666667
2647	-1.0022222222222221
2648	-0.43123287671232874
2649	-1.2925
2650	0.05333333333333331
2651	0.054459459459459465
2652	-0.6070270270270269
2653	-1.6017948717948718
2654	-0.3903669724770642
2655	-0.3648571428571429
2656	-1.7238461538461538
2657	-1.2803960396039604
2658	-0.5177777777777778
2659	0.6948314606741572
2660	0.48423076923076935
2661	0.23793814432989688
2662	0.7149999999999999
2663	-0.3878461538461539
2664	-0.3517073170731707
2665	-0.38027624309392266
2666	0.14830357142857142
2667	0.01741116751269032
2668	-0.2829850746268657
2669	-1.5042391304347824
2670	0.054943820224719095
2671	-0.18208333333333335
2672	0.2118918918918919
2673	-0.6866197183098591
2674	-1.3808387096774193
2675	-0.6546285714285714
2676	-0.14704
2677	-0.45951219512195124
2678	0.4775641025641026
2679	1.0254929577464789
2680	-0.9246835443037974
2681	-0.9305263157894738
2682	-0.385
2683	0.5447747747747748
2684	1.4038532110091744
2685	-0.37410404624277455
2686	0.41414285714285715
2687	-0.5534939759036144
2688	-1.3289795918367349
2689	-1.5075494071146247
2690	-2.059
2691	-0.11352272727272726
2692	-1.792422360248447
2693	0.9455319148936171
2694	-0.04578313253012047
2695	0.3150769230769231
2696	0.15143712574850296
2697	0.37448275862068964
2698	0.4273584905660377
2699	-1.8106451612903225
2700	-0.5889090909090909
2701	-0.5393953488372093
2702	0.35935483870967744
2703	-0.8414563106796117
2704	0.18822580645161294
2705	0.7429761904761905
2706	-0.9007
2707	1.2533749999999997
2708	-1.0327428571428572
2709	0.20157575757575757
2710	-1.09625
2711	0.5973451327433628
2712	-1.3688524590163937
2713	-0.5769672131147541
2714	1.5220224719101125
2715	0.811123595505618
2716	-0.11724137931034484
2717	-1.0018483412322277
2718	-0.46075581395348836
2719	-0.3517045454545455
2720	-0.8445
2721	-1.8732867132867133
2722	2.1093548387096774
2723	0.42
2724	-0.9565853658536585
2725	-0.575983606557377
2726	-1.4664028776978417
2727	-0.5695744680851064
2728	-0.8013559322033899
2729	-1.2786792452830191
2730	0.51
2731	0.07602739726027395
2732	-0.07384615384615384
2733	-0.7981363636363635
2734	-0.4007692307692307
2735	-0.48999999999999994
2736	0.45301507537688446
2737	0.0431578947368421
2738	0.28161290322580645
2739	-1.1751712328767123
2740	0.15972727272727272
2741	-0.5549523809523811
2742	0.24909090909090909
2743	-1.1348648648648647
2744	-0.7551445086705203
2745	-1.3488489208633094
2746	-0.004871794871794865
2747	0.005985401459854016
2748	-0.1396
2749	1.0645454545454547
2750	0.21000000000000002
2751	0.335
2752	-0.5598709677419355
2753	-0.06853881278538812
2754	-0.6132
2755	-2.18875
2756	-0.7445112781954887
2757	-0.09422680412371136
2758	-1.5869655172413795
2759	0.27599999999999997
2760	-0.9247736625514404
2761	1.4114925373134328
2762	-0.27304347826086955
2763	0.0942727272727273
2764	-0.5339473684210526
2765	0.0029166666666666694
2766	0.19534246575342465
2767	-0.04857142857142857
2768	1.28
2769	-0.9217721518987343
2770	-0.13538461538461538
2771	0.6470297029702969
2772	-1.8174678111587983
2773	-0.42638888888888893
2774	-0.3217283950617284
2775	-0.9696059113300491
2776	0.4935135135135136
2777	-0.6522222222222223
2778	0.2387096774193548
2779	-0.2634090909090909
2780	-0.6835353535353536
2781	-0.25220588235294117
2782	-0.22190476190476188
2783	0.10592783505154639
2784	-0.38114285714285717
2785	0.3984848484848485
2786	-1.0703603603603604
2787	0.9040366972477065
2788	-1.2156666666666667
2789	-0.6654700854700855
2790	-0.2332758620689655
2791	-1.8133333333333335
2792	0.4365546218487395
2793	0.06698924731182793
2794	-0.9471962616822429
2795	0.43011363636363636
2796	-0.927142857142857
2797	0.4683969465648855
2798	0.8327906976744187
2799	0.3291847826086957
2800	-0.573448275862069
2801	-0.40625
2802	-0.3125925925925926
2803	-1.5918421052631577
2804	0.6232380952380953
2805	-0.17659090909090908
2806	-0.25198473282442746
2807	-2.062164179104478
2808	0.29388888888888887
2809	-1.3492
2810	-0.5628571428571428
2811	0.4163265306122449
2812	-0.9725925925925926
2813	-0.28017857142857144
2814	-1.4148571428571428
2815	-0.9724590163934426
2816	-1.0052439024390245
2817	-0.9416129032258064
2818	-0.12478260869565218
2819	-0.07333333333333332
2820	-0.606987951807229
2821	-1.5441284403669724
2822	-0.12183908045977011
2823	-1.0750000000000002
2824	-1.0874436090225563
2825	-0.33
2826	-0.37065326633165824
2827	0.4878846153846154
2828	-1.4295686274509805
2829	-0.30477272727272725
2830	-0.4003669724770642
2831	0.3725
2832	0.67
2833	-2.0853488372093025
2834	-1.6701503759398495
2835	-0.032307692307692294
2836	0.5576923076923077
2837	0.6953703703703704
2838	-0.6456842105263157
2839	0.5185572139303483
2840	-1.3044444444444443
2841	-0.46864864864864864
2842	-0.7425581395348837
2843	-1.9406779661016949
2844	-0.3184713375796178
2845	-0.3912765957446808
2846	-1.3565517241379312
2847	-0.7138144329896907
2848	-0.26710526315789473
2849	0.3541463414634146
2850	-0.699245283018868
2851	-0.3192929292929293
2852	-0.9692424242424243
2853	-0.5350314465408804
2854	-0.5675757575757576
2855	-0.338995983935743
2856	0.09878048780487804
2857	-0.23082191780821915
2858	-0.3451612903225806
2859	-0.2791780821917808
2860	-0.563529411764706
2861	-0.4317307692307693
2862	-0.41471337579617834
2863	-0.6072173913043478
2864	0.45404255319148934
2865	-1.1358385093167702
2866	-0.9658490566037735
2867	-1.358478260869565
2868	0.2831413612565445
2869	0.07937500000000003
2870	0.4250537634408602
2871	-1.0066666666666666
2872	-1.1042168674698793
2873	-1.5155214723926378
2874	0.2810852713178295
2875	-1.441891891891892
2876	0.07483516483516486
2877	-0.11621052631578946
2878	0.5846835443037974
2879	0.05166666666666667
2880	0.8834033613445379
2881	-0.2788679245283019
2882	0.0863157894736842
2883	0.32159999999999994
2884	-0.47809523809523813
2885	-0.709047619047619
2886	-0.6150526315789473
2887	-0.5351851851851852
2888	0.4106734006734007
2889	-1.0065957446808511
2890	-0.4882105263157895
2891	0.256
2892	-1.712658227848101
2893	-0.42393939393939395
2894	-0.8443589743589743
2895	-0.014014598540145985
2896	-0.13
2897	-0.7991338582677167
2898	-0.7025824175824176
2899	-0.6308352668213457
2900	-0.24733333333333332
2901	0.026326530612244884
2902	-0.971858407079646
2903	0.3734722222222222
2904	-0.8042307692307692
2905	0.916829268292683
2906	-0.39977777777777773
2907	-0.6038947368421053
2908	-0.5851999999999999
2909	-0.42941463414634146
2910	0.396031746031746
2911	0.026710526315789466
2912	-0.2660714285714286
2913	-0.4179885057471265
2914	-0.2566037735849057
2915	0.09357954545454543
2916	-0.8435714285714287
2917	0.5539408866995074
2918	-0.476
2919	-0.6105263157894736
2920	0.337
2921	-0.9410309278350516
2922	1.076140350877193
2923	1.1353571428571427
2924	-0.5405147058823528
2925	-1.446810035842294
2926	-0.27835714285714286
2927	-1.2269565217391303
2928	-0.13291666666666666
2929	1.2491596638655462
2930	-0.34625
2931	-0.3418181818181818
2932	0.40326923076923077
2933	-0.7185454545454546
2934	0.23779487179487174
2935	-1.7438260869565219
2936	1.106849315068493
2937	0.459126213592233
2938	-0.7622222222222222
2939	-1.414122807017544
2940	0.4748309178743962
2941	-0.5156000000000001
2942	-1.3341463414634147
2943	0.12315789473684209
2944	-0.5452941176470588
2945	0.10442307692307692
2946	-2.3078191489361704
2947	-0.56925
2948	-1.517692307692308
2949	-0.22857142857142856
2950	0.3183435582822086
2951	0.10759493670886076
2952	-0.41307692307692306
2953	0.4234545454545454
2954	-1.539896907216495
2955	-0.6028378378378378
2956	-0.06927461139896372
2957	-0.610751879699248
2958	-0.28965317919075145
2959	1.2545360824742269
2960	-0.6151923076923076
2961	-0.203989898989899
2962	0.6882142857142857
2963	-0.5938582677165355
2964	-1.0004347826086957
2965	-0.21732394366197186
2966	-0.04238095238095238
2967	0.2210909090909091
2968	-0.3685416666666667
2969	-1.0416455696202531
2970	-0.19930434782608697
2971	0.39875
2972	0.3134883720930232
2973	-2.3535
2974	-0.8043373493975904
2975	-0.1726315789473684
2976	0.6025274725274725
2977	-0.5455844155844156
2978	1.0269333333333333
2979	0.7515384615384615
2980	0.7064130434782608
2981	-0.3373333333333333
2982	-1.50828125
2983	-0.055161290322580644
2984	-0.980516129032258
2985	-0.07065789473684213
2986	0.5272677595628414
2987	-0.28059880239520957
2988	0.32255813953488377
2989	-0.32772277227722774
2990	-0.0020253164556962044
2991	-0.9508256880733946
2992	0.17933333333333343
2993	-0.6978947368421052
2994	-0.39304347826086955
2995	-0.6654128440366972
2996	-0.21
2997	-0.9699530516431925
2998	-1.2940625
2999	-0.4582741116751269
3000	-0.06179775280898876
3001	0.3283870967741936
3002	-1.1967924528301888
3003	-0.1023696682464455
3004	-0.7055902777777777
3005	-0.5707407407407408
3006	0.8647169811320754
3007	-1.0015625
3008	-1.6659375
3009	-0.20065359477124184
3010	-0.8050248756218905
3011	-0.06741293532338306
3012	-0.06796296296296295
3013	0.2838095238095238
3014	1.0322807017543858
3015	0.039446808510638295
3016	-1.2754347826086958
3017	-1.1285915492957748
3018	0.09654205607476637
3019	0.07590529247910865
3020	-0.13081632653061226
3021	0.6856756756756758
3022	0.5494017094017094
3023	-0.18163636363636365
3024	-1.5735151515151515
3025	-0.9887540983606559
3026	-0.31448275862068964
3027	-1.505925925925926
3028	-0.06201183431952662
3029	0.03521008403361345
3030	0.47046875000000005
3031	-0.6303370786516854
3032	-1.009242053789731
3033	0.07310880829015545
3034	0.2803684210526316
3035	-2.509826086956522
3036	-1.2765546218487394
3037	0.34493150684931506
3038	-0.4935057471264368
3039	-0.59968
3040	-0.0973170731707317
3041	0.2441011235955056
3042	0.42539007092198583
3043	-0.11378378378378376
3044	-0.35909090909090907
3045	0.5529530201342281
3046	0.8177380952380953
3047	1.2344859813084113
3048	-1.6169921875000002
3049	-1.2359326424870467
3050	-0.6698245614035089
3051	0.5796969696969696
3052	-0.04293103448275861
3053	0.9197894736842106
3054	-0.4170044052863436
3055	-0.07884955752212391
3056	0.40249999999999997
3057	-0.014845360824742262
3058	-0.021384615384615384
3059	-0.6938095238095239
3060	-1.052077922077922
3061	0.41027397260273973
3062	-0.08991935483870966
3063	0.146340206185567
3064	0.8107964601769911
3065	-1.7847272727272727
3066	-1.6589312977099235
3067	-0.15659217877094972
3068	-0.48703125
3069	-0.08910179640718564
3070	-1.1212796208530806
3071	0.1637313432835821
3072	-0.2987121212121212
3073	0.3292982456140351
3074	-0.2940740740740741
3075	0.47962962962962963
3076	-0.9387500000000001
3077	0.38305389221556885
3078	1.9723287671232876
3079	-0.14346938775510207
3080	-0.03333333333333333
3081	0.8048701298701298
3082	0.569171270718232
3083	0.05826666666666667
3084	0.32260355029585797
3085	-0.6079032258064516
3086	-1.4220689655172414
3087	-0.5758823529411765
3088	-0.17362694300518133
3089	-0.817843137254902
3090	0.0018604651162790714
3091	-0.09957894736842106
3092	-0.25
3093	-0.3754716981132076
3094	-0.8045061728395061
3095	1.3043558282208587
3096	0.8347311827956989
3097	-0.332962962962963
3098	-0.904090909090909
3099	0.5104982206405695
3100	-0.39599999999999996
3101	-0.25005602240896363
3102	-0.43466666666666665
3103	0.2646153846153846
3104	-0.6311453744493392
3105	-1.499655172413793
3106	0.6236936936936938
3107	-0.26
3108	-0.5449999999999999
3109	-0.2992936802973977
3110	-0.19205673758865244
3111	-0.6840579710144927
3112	-0.30670454545454545
3113	-0.37123595505617984
3114	-1.2928070175438595
3115	0.1285714285714286
3116	-1.250735294117647
3117	-0.5504
3118	0.051486486486486495
3119	-0.11577777777777774
3120	-0.28125
3121	-1.0341176470588236
3122	0.25
3123	-0.26916666666666667
3124	-0.7962310606060607
3125	0.5575324675324675
3126	0.8425301204819278
3127	0.5401
3128	-1.135
3129	0.45413793103448274
3130	-0.44346938775510203
3131	0.20043478260869566
3132	0.49776923076923074
3133	-1.0720967741935483
3134	0.02824817518248173
3135	-2.276384180790961
3136	-0.1823004694835681
3137	-1.2388571428571429
3138	-0.7323636363636364
3139	-1.7535220125786164
3140	-0.695
3141	-0.3229906542056075
3142	-0.05666666666666667
3143	-1.0055851063829788
3144	-1.205820895522388
3145	-0.6562537764350453
3146	-0.47734939759036144
3147	-0.5474193548387097
3148	0.2593023255813954
3149	1.0670046082949307
3150	-0.19506849315068492
3151	-2.0916417910447764
3152	-0.04637931034482757
3153	-0.671125
3154	-0.3020754716981132
3155	-0.41030534351145037
3156	-0.7403478260869565
3157	-0.27206349206349206
3158	-0.7250877192982456
3159	-0.3291758241758242
3160	-1.9412345679012346
3161	-0.30125
3162	0.15177966101694915
3163	2.0084090909090904
3164	-0.4483177570093458
3165	0.5974157303370786
3166	-1.0261363636363636
3167	-1.2795959595959594
3168	0.3192903225806451
3169	-1.0376623376623377
3170	-0.9033613445378151
3171	-0.8836666666666667
3172	-0.12809523809523812
3173	0.5955519480519481
3174	-0.1091358024691358
3175	-0.1867857142857143
3176	0.711237113402062
3177	-0.4804255319148937
3178	-0.6301731601731602
3179	-0.8455199999999999
3180	-0.5954716981132074
3181	-0.13863157894736844
3182	-0.6370588235294118
3183	0.7382027649769585
3184	-1.1856862745098038
3185	-1.338870292887029
3186	-0.03902439024390244
3187	-0.7113253012048193
3188	0.313134328358209
3189	-0.93609375
3190	1.291023622047244
3191	-0.7802666666666667
3192	-0.6165517241379311
3193	0.1723584905660377
3194	-0.5540625
3195	-0.6493589743589744
3196	-1.4974264705882354
3197	-1.421
3198	-0.2463758389261745
3199	-0.004060150375939843
3200	-0.15559139784946238
3201	-0.7338575667655786
3202	-0.826067415730337
3203	-1.0270531400966183
3204	0.39615079365079364
3205	0.718235294117647
3206	-0.47266129032258064
3207	-0.15627118644067794
3208	0.03017142857142857
3209	-0.15375
3210	-0.20807142857142857
3211	-0.676
3212	0.09564356435643565
3213	0.49692307692307686
3214	0.2584584980237154
3215	-0.42810055865921787
3216	-1.4006800000000001
3217	-0.0544047619047619
3218	1.7430434782608695
3219	-0.29975999999999997
3220	-0.39774358974358975
3221	-1.0514018691588785
3222	-1.373125
3223	0.0222222222222222
3224	0.6927413127413127
3225	-0.22871428571428568
3226	0.2131210191082802
3227	-0.8620000000000001
3228	-0.036153846153846154
3229	-0.05120689655172414
3230	0.1871063829787234
3231	-1.7015384615384614
3232	-0.6327397260273973
3233	-0.8232758620689655
3234	-1.1689041095890411
3235	-0.7348611111111112
3236	-0.6401960784313725
3237	-0.5012903225806452
3238	0.19652542372881354
3239	0.12831683168316832
3240	0.4305572755417956
3241	-0.5258947368421052
3242	-0.4801293103448276
3243	-0.16112500000000002
3244	0.2229411764705882
3245	-1.021607142857143
3246	-0.12063218390804595
3247	-1.6390728476821192
3248	0.9018309859154928
3249	-0.9092063492063492
3250	-0.006920000000000002
3251	0.762605633802817
3252	-0.35691244239631337
3253	1.0676767676767678
3254	0.38079470198675497
3255	-0.5546484375
3256	-0.3930708661417323
3257	-0.663413654618474
3258	0.4672955974842768
3259	-0.08938461538461537
3260	-0.11102222222222215
3261	-0.6656213017751479
3262	0.23247588424437302
3263	-0.10384615384615385
3264	0.2692715231788079
3265	-0.6641836734693878
3266	-0.8080459770114942
3267	-0.5079611650485437
3268	-1.2484259259259258
3269	0.48254545454545456
3270	-0.5683760683760684
3271	0.9125217391304348
3272	-0.40450867052023115
3273	-0.8619696969696969
3274	0.45599999999999996
3275	1.1947619047619047
3276	-0.46992248062015507
3277	-0.336420664206642
3278	-1.054179894179894
3279	1.1168235294117645
3280	-0.25846774193548383
3281	-0.6288683127572018
3282	-1.4114977973568281
3283	0.6632972972972973
3284	-0.89856
3285	-0.14672499999999997
3286	-0.0688235294117647
3287	-1.8246129032258065
3288	-1.218923076923077
3289	-1.4727878787878788
3290	-0.15637755102040818
3291	-0.9497368421052632
3292	0.31963636363636366
3293	-0.17349869451697125
3294	-1.7879423868312758
3295	-0.9913636363636364
3296	-0.7624285714285713
3297	0.05083333333333333
3298	0.28721153846153846
3299	-0.8557241379310345
3300	-0.8408250825082508
3301	-1.174095744680851
3302	-0.4825
3303	0.6707111111111113
3304	-1.3505673758865249
3305	-0.7821848739495798
3306	0.2422459893048128
3307	0.038626609442060075
3308	-0.7451239669421489
3309	0.6617834394904458
3310	-0.5972093023255813
3311	-1.38
3312	-1.8350892857142855
3313	-0.250360824742268
3314	0.7914444444444443
3315	-1.2509459459459458
3316	0.6920731707317073
3317	-0.34564516129032263
3318	0.03378723404255318
3319	0.9847058823529412
3320	-0.5783955223880598
3321	-0.8510317460317459
3322	0.5449056603773585
3323	0.7528301886792452
3324	0.30051282051282047
3325	1.1967796610169492
3326	0.14461538461538462
3327	-0.23324324324324328
3328	0.5799253731343285
3329	-0.5164912280701754
3330	-0.5821333333333333
3331	-0.5830246913580247
3332	-0.5690212765957446
3333	-1.4159883720930233
3334	0.20558441558441556
3335	-0.5454375
3336	-0.7436
3337	-0.18026923076923076
3338	-1.065982905982906
3339	-0.1104807692307692
3340	-0.6295454545454546
3341	-1.4266806722689074
3342	-0.46971428571428575
3343	-1.3704848484848484
3344	-0.15587591240875914
3345	0.01000000000000003
3346	0.5545378151260505
3347	-0.5045161290322581
3348	0.8296610169491526
3349	0.10999999999999997
3350	-0.7865581395348837
3351	0.7168370607028755
3352	-1.3260606060606062
3353	-0.9655102040816327
3354	-0.7372189349112426
3355	0.07400900900900903
3356	-0.5514015151515151
3357	-1.8712037037037037
3358	-1.2404152823920267
3359	-0.15235955056179773
3360	0.40660633484162895
3361	-1.9999173553719012
3362	0.4585826771653543
3363	-0.9673611111111112
3364	-0.250650406504065
3365	0.9539814814814817
3366	0.1345864661654135
3367	-0.6788163265306123
3368	0.6440697674418605
3369	-0.22786821705426358
3370	-0.14054347826086958
3371	-0.4176635514018691
3372	0.7753465346534654
3373	-0.7121842105263158
3374	-0.2995652173913044
3375	-0.949543429844098
3376	0.04248484848484849
3377	-1.1592063492063491
3378	0.41010638297872337
3379	-0.5705
3380	-0.04550561797752807
3381	0.14041666666666666
3382	0.6123115577889447
3383	1.5337222222222222
3384	-1.1001481481481483
3385	-0.09188311688311687
3386	-0.7372580645161291
3387	0.15978494623655914
3388	-0.4470588235294118
3389	-0.7001149425287356
3390	-0.7155113636363636
3391	-1.0283673469387753
3392	0.5997883597883599
3393	-0.21794238683127573
3394	-0.5778195488721805
3395	0.028427672955974852
3396	-1.3426241134751773
3397	-0.7776470588235294
3398	-0.769184549356223
3399	-1.487537313432836
3400	-1.289075
3401	0.5217789757412398
3402	0.2016666666666667
3403	-0.09753846153846156
3404	-1.9478260869565218
3405	-1.1705
3406	-0.16417218543046358
3407	0.019010989010989035
3408	-1.1028643216080403
3409	-1.210502512562814
3410	-0.8888965517241378
3411	-0.0949367088607595
3412	-0.8848951048951049
3413	-0.08411214953271028
3414	0.4640000000000001
3415	0.13804347826086955
3416	-1.1731428571428573
3417	0.47000000000000003
3418	-0.18438356164383563
3419	-0.6850994318181819
3420	-0.20883211678832111
3421	0.3345175438596491
3422	1.0026515151515154
3423	-1.3145166402535657
3424	-0.6703355704697986
3425	-0.13280487804878047
3426	0.13628099173553718
3427	-0.3094179894179894
3428	0.4229213483146068
3429	0.2433093525179856
3430	0.3302173913043478
3431	-0.0224705882352941
3432	-1.2082101167315176
3433	-0.2261764705882353
3434	0.4998591549295774
3435	-2.284779116465864
3436	0.13033707865168542
3437	-1.0787628865979384
3438	0.022378854625550653
3439	-0.9818103448275862
3440	-0.2193693693693693
3441	-0.8679447852760738
3442	-0.3596551724137931
3443	0.0625301204819277
3444	-0.240546875
3445	-1.184422310756972
3446	-0.6902597402597402
3447	-0.7444094488188976
3448	-0.3263157894736842
3449	-0.26587301587301587
3450	0.09925714285714286
3451	0.9580786026200873
3452	-0.41450292397660815
3453	-1.40164
3454	0.09497536945812808
3455	1.0606382978723403
3456	0.02546184738955822
3457	-0.6810344827586207
3458	-0.19274939172749392
3459	0.5038931297709923
3460	-0.8165090909090909
3461	-0.28761609907120744
3462	0.15533333333333335
3463	0.15079365079365079
3464	0.2983732057416268
3465	0.5416774193548386
3466	0.25057692307692303
3467	0.4034507042253522
3468	-1.4890977443609024
3469	-0.4539442231075697
3470	0.2125
3471	-0.6862500000000001
3472	0.3765051903114187
3473	-0.17687999999999998
3474	0.1753179190751445
3475	-0.08449826989619377
3476	-0.6019277108433735
3477	0.15039647577092508
3478	-1.5364473684210527
3479	-1.2277707006369427
3480	-0.6517499999999999
3481	-0.9202158273381295
3482	0.04185567010309279
3483	0.2080508474576271
3484	0.7114406779661017
3485	-0.2987046632124353
3486	0.1365873015873016
3487	0.5059523809523808
3488	-0.7447916666666666
3489	-0.16147058823529414
3490	-0.48909090909090913
3491	0.44640625
3492	-0.6422340425531914
3493	-0.6357877813504822
3494	-0.6091954022988506
3495	-0.23838461538461536
3496	-1.1914302884615384
3497	1.0739067055393587
3498	-0.4016030534351145
3499	0.13898550724637682
3500	0.8331788079470199
3501	-2.287287822878229
3502	0.12333333333333334
3503	-1.7643775100401609
3504	0.4348461538461539
3505	-0.5166233766233767
3506	-0.6375342465753424
3507	-0.6355182072829132
3508	-0.5161046511627907
3509	0.19701612903225815
3510	0.09163841807909603
3511	-0.5517391304347826
3512	-0.4920472440944882
3513	-1.2101041666666668
3514	0.08806228373702421
3515	0.39817010309278356
3516	0.399030612244898
3517	-0.41547738693467334
3518	-1.1496875
3519	-0.08465
3520	-0.25510638297872346
3521	-0.7922532188841203
3522	-0.7550865051903116
3523	-1.2648832271762207
3524	0.02263959390862944
3525	0.11476653696498053
3526	1.20453125
3527	-0.36030303030303035
3528	-0.04517647058823531
3529	-0.6233118971061093
3530	0.08960629921259841
3531	-0.3288582677165354
3532	-0.34376712328767123
3533	1.7968263473053896
3534	-0.4149593495934959
3535	-0.41040983606557374
3536	-0.79987012987013
3537	-0.5168421052631579
3538	0.11024691358024691
3539	-0.4307291666666666
3540	-0.45610108303249086
3541	0.25587499999999996
3542	-1.3780026990553307
3543	-0.7372432432432433
3544	0.2529299363057325
3545	-0.6378286852589643
3546	-1.787887788778878
3547	-0.5758695652173913
3548	0.1266871165644172
3549	-1.0737500000000002
3550	-0.6657142857142857
3551	0.030312499999999992
3552	-1.1003492063492064
3553	-0.6200704225352113
3554	-1.1023776223776225
3555	-1.514059040590406
3556	-0.032991452991453
3557	-0.13560283687943264
3558	0.17021857923497266
3559	-0.3174102564102564
3560	1.5779245283018868
3561	-0.94116
3562	-0.007217630853994488
3563	-0.5165665236051502
3564	-0.3486486486486486
3565	-0.05066666666666667
3566	-1.4717977528089887
3567	0.4328313253012048
3568	0.17306569343065695
3569	-0.025010989010989016
3570	0.08959550561797754
3571	-0.8280769230769229
3572	0.22072727272727277
3573	0.3503191489361702
3574	-1.1420567375886523
3575	-0.3586454183266932
3576	0.16661176470588235
3577	-0.9822068965517241
3578	0.6112389380530974
3579	0.397860696517413
3580	0.21274418604651163
3581	0.25753222836095757
3582	0.35736666666666667
3583	0.30090909090909096
3584	-0.7146875
3585	0.0993939393939394
3586	-0.7823106060606061
3587	-0.2808365019011407
3588	-0.9461157024793388
3589	-0.4660975609756097
3590	-0.6545333333333334
3591	0.8382926829268291
3592	0.2652777777777778
3593	-0.0929460580912863
3594	-1.3830165289256198
3595	-0.7332075471698113
3596	0.49593922651933703
3597	-0.8122137404580152
3598	0.15352941176470591
3599	-0.40858638743455494
3600	-0.9481818181818181
3601	0.2887878787878788
3602	-0.6020454545454546
3603	-0.09966183574879225
3604	0.21813186813186813
3605	-0.1698181818181818
3606	-0.0837593984962406
3607	-1.2511556383970177
3608	-0.036778242677824355
3609	-0.9425925925925924
3610	-0.7884210526315789
3611	0.26567857142857143
3612	0.41418604651162794
3613	1.2183464566929136
3614	-0.21857142857142858
3615	-0.18424460431654677
3616	-0.021311475409836064
3617	-0.777925925925926
3618	0.22679012345679006
3619	-1.0612541254125412
3620	0.24006578947368418
3621	-0.36077464788732394
3622	-0.5355421686746988
3623	-1.0219900497512437
3624	0.4943428571428571
3625	-0.5386268656716418
3626	-0.1041011235955056
3627	-0.7222660098522168
3628	0.012427184466019429
3629	-0.26432637571157497
3630	-0.024299065420560737
3631	0.03000000000000001
3632	-0.08299999999999999
3633	-0.8593233082706767
3634	1.1788372093023256
3635	-0.5745364647713227
3636	-0.9159322033898306
3637	-1.322704918032787
3638	0.7918316831683168
3639	-0.8379919678714859
3640	-0.22761732851985558
3641	-1.7891743119266053
3642	0.20168918918918918
3643	-1.2205963302752294
3644	-0.32135964912280707
3645	-0.9892200557103064
3646	0.6912182741116752
3647	0.704487632508834
3648	0.047999999999999994
3649	-1.4601151631477927
3650	-0.3714722222222222
3651	-0.5003597122302158
3652	-0.0473333333333333
3653	-0.13366336633663367
3654	-0.9737837837837838
3655	-1.000557939914163
3656	0.7771774193548387
3657	0.15895104895104895
3658	-1.0697714285714286
3659	-0.8876250000000001
3660	0.5530366492146597
3661	-0.8197
3662	-0.8429052631578946
3663	-0.5665675675675674
3664	-0.561566265060241
3665	-0.613
3666	-0.04776119402985072
3667	0.4791011235955056
3668	0.7397041420118343
3669	-1.211081081081081
3670	-0.49397959183673473
3671	-2.2348416289592765
3672	-0.5658666666666666
3673	-0.025919540229885046
3674	-0.29508710801393734
3675	-1.2246492985971942
3676	-0.7953
3677	-0.33885714285714275
3678	-1.085
3679	-0.33755102040816326
3680	-0.8490545454545455
3681	0.2621220159151194
3682	-1.3729347826086957
3683	1.1005434782608696
3684	-0.20309615384615382
3685	-1.341965317919075
3686	-0.4282000000000001
3687	-0.5006161137440759
3688	-0.41744791666666675
3689	-0.5224188790560472
3690	0.26342222222222217
3691	-1.3968544600938966
3692	-0.365
3693	0.5231271477663231
3694	-0.27060150375939845
3695	-0.04215496368038744
3696	0.5106976744186047
3697	-0.027751605995717302
3698	0.41330645161290325
3699	-0.49458015267175565
3700	-0.29125319693094626
3701	-0.5853784860557769
3702	0.16580524344569286
3703	-0.36016501650165017
3704	-0.37367999999999996
3705	-0.11462235649546831
3706	-0.7585163204747775
3707	0.06618117229129661
3708	-1.3692613636363635
3709	0.5047727272727272
3710	0.29469798657718116
3711	-0.409568345323741
3712	-1.1382828282828283
3713	-0.36203488372093023
3714	-1.6079841897233202
3715	-0.6232860520094562
3716	-0.024417808219178067
3717	0.338
3718	-0.8597971014492753
3719	0.32428571428571423
3720	0.10847328244274808
3721	0.5848484848484848
3722	0.23808383233532934
3723	-1.3304568527918783
3724	-0.1767193675889328
3725	0.5133684210526316
3726	-0.36754569190600517
3727	0.16561403508771935
3728	-0.2741752577319588
3729	-0.38833333333333336
3730	-0.4936636636636636
3731	-0.32500000000000007
3732	0.006478260869565226
3733	-0.1305654761904762
3734	0.20409867172675525
3735	-0.6403076923076922
3736	-0.605
3737	-0.82
3738	-0.033195020746887974
3739	-0.634516129032258
3740	-0.320516304347826
3741	-0.12044776119402982
3742	0.13663157894736838
3743	0.02808823529411765
3744	-0.40279999999999994
3745	-1.2034517766497461
3746	-0.8853174603174603
3747	-1.49360248447205
3748	0.39356
3749	-0.43805797101449273
3750	-0.8741818181818182
3751	0.28851211072664357
3752	-0.05855468749999998
3753	0.04886363636363637
3754	0.4902347417840375
3755	0.16795454545454544
3756	0.43317622950819673
3757	-1.0798897058823531
3758	0.03415824915824914
3759	-0.6251302083333334
3760	0.3224149659863945
3761	-1.4831564986737402
3762	0.023114754098360658
3763	0.24598901098901102
3764	-0.33706395348837204
3765	0.5672321428571429
3766	-1.267582608695652
3767	0.3225142857142857
3768	-0.02850174216027877
3769	-0.6875927783350051
3770	0.20097560975609746
3771	-0.5480994152046783
3772	-1.1349343065693431
3773	-0.5330597014925373
3774	-1.1697169025811822
3775	-1.894090909090909
3776	-0.6163529411764707
3777	-0.6604545454545456
3778	0.26610492845786965
3779	-0.8116197183098591
3780	0.616441717791411
3781	0.44457471264367815
3782	-0.05692660550458713
3783	0.05112299465240643
3784	-0.7850597609561752
3785	-1.483033033033033
3786	-0.2324786324786325
3787	-1.8100507614213197
3788	-0.32920948616600787
3789	-0.7870344827586208
3790	-0.4096336996336996
3791	0.4822929936305733
3792	-0.8940060240963857
3793	0.2899210526315789
3794	-0.27999999999999997
3795	-0.08886627906976743
3796	-0.08006369426751597
3797	-0.6862195121951219
3798	-0.9670000000000001
3799	-0.45193717277486906
3800	-0.46802030456852795
3801	0.3027345844504022
3802	-0.37315258511979826
3803	0.22724537037037035
3804	0.08979166666666662
3805	-0.6252466367713004
3806	0.13765714285714287
3807	-1.0343916913946587
3808	-0.6092105263157894
3809	0.05119205298013248
3810	-0.48553376906318085
3811	-0.010714285714285716
3812	0.450896309314587
3813	0.29374384236453205
3814	0.4553556485355649
3815	-0.7891891891891891
3816	-0.7918478260869565
3817	0.2612444444444445
3818	-0.7034715025906736
3819	-0.6780046403712298
3820	-0.535367231638418
3821	-0.973695652173913
3822	0.11305084745762713
3823	-2.2427365079365083
3824	-0.697749140893471
3825	0.09607594936708863
3826	-0.14819875776397518
3827	-0.2547292418772563
3828	0.10158024691358025
3829	0.12185628742514971
3830	0.1206726457399103
3831	0.15829721362229104
3832	-0.839064587973274
3833	0.6650694444444445
3834	-0.5760071090047394
3835	0.3639484978540773
3836	-1.1736464088397789
3837	-0.21645161290322584
3838	-0.41049450549450556
3839	-0.2949307479224377
3840	1.3421329639889192
3841	0.22837037037037036
3842	-0.08904290429042903
3843	0.07607361963190186
3844	-0.5621362799263352
3845	1.0410756972111554
3846	-0.2741014799154334
3847	-0.15976689976689978
3848	-0.5966835871404399
3849	-0.3884331797235023
3850	-0.5024460431654677
3851	-0.6694634146341463
3852	-0.2693
3853	-0.1834328358208955
3854	-0.631150442477876
3855	-0.4111750599520384
3856	-1.2344444444444445
3857	0.33864406779661016
3858	0.49464547677261617
3859	-0.11326693227091632
3860	-0.2548207171314741
3861	-0.40644144144144145
3862	0.13666666666666666
3863	-0.21529292929292926
3864	0.8069841269841269
3865	1.1693559322033897
3866	-1.2812866817155757
3867	-0.7500641025641026
3868	-0.7094240837696335
3869	0.1474934036939314
3870	-0.15158496732026144
3871	-1.0796339434276208
3872	0.45440972222222226
3873	-0.05124700239808155
3874	-0.8411764705882353
3875	0.5644765342960288
3876	-0.5508979591836733
3877	-0.4752919708029198
3878	0.06977777777777774
3879	0.17580246913580244
3880	-0.3351732101616628
3881	-0.7338536585365855
3882	-1.171132075471698
3883	0.06285714285714285
3884	-0.3374007220216606
3885	-0.11814773980154354
3886	-0.5973333333333334
3887	-2.1693503727369543
3888	-0.4331232091690545
3889	-0.5495209580838323
3890	-0.6859574468085106
3891	-1.0179063360881542
3892	-0.24944272445820437
3893	-0.3870886075949367
3894	1.0573972602739725
3895	0.05173469387755102
3896	-0.9168471337579618
3897	-1.208393258426966
3898	-1.222214983713355
3899	-0.5846007604562737
3900	-1.1812215568862274
3901	-0.21725663716814156
3902	-1.1763636363636365
3903	-0.6032974910394265
3904	-1.0300293255131965
3905	-0.09333333333333334
3906	-1.1543939393939393
3907	-1.2360240963855422
3908	0.0104642857142857
3909	-1.4642553191489363
3910	1.416861313868613
3911	-0.4290088105726872
3912	0.6976413959085439
3913	-0.46341708542713567
3914	-0.19183908045977008
3915	0.4397326203208556
3916	-0.7268826619964973
3917	-1.127640449438202
3918	-0.3555445544554456
3919	-0.4067956989247312
3920	-0.4425285171102662
3921	-0.07293785310734464
3922	-0.026535947712418274
3923	-1.0909348914858097
3924	-0.40001631321370307
3925	-0.5374251497005988
3926	-0.08825454545454553
3927	0.01863888888888887
3928	-0.3702884615384615
3929	-1.6335738831615119
3930	-0.8028571428571428
3931	0.2925675675675676
3932	0.2715809768637532
3933	-0.13690476190476186
3934	-0.7880239520958086
3935	-0.09480645161290323
3936	0.4425133689839572
3937	-0.7545226130653265
3938	-0.802701238390093
3939	-0.6151780821917808
3940	-0.6874675324675324
3941	0.6703086419753087
3942	-0.31658536585365854
3943	-0.5697149122807018
3944	0.42833101529902645
3945	0.0978466741826381
3946	-1.0869072164948455
3947	-0.5922999999999999
3948	-0.057715269804822056
3949	0.5538643067846607
3950	-0.7445910290237466
3951	-0.20264563106796113
3952	0.19061310782241017
3953	0.013756432246998278
3954	-0.8870634920634921
3955	0.5602205882352941
3956	1.4058780036968572
3957	-0.3289930898321817
3958	-0.4132413793103448
3959	-0.4706542056074766
3960	-0.572818671454219
3961	-0.3238725490196078
3962	-0.5829255319148935
3963	-0.32662125340599446
3964	0.2023255813953488
3965	-0.7064102564102565
3966	0.08462406015037596
3967	-0.7958035714285714
3968	-0.6010309278350516
3969	-0.3399691358024691
3970	-0.3171584699453551
3971	-0.07189138576779029
3972	-1.3435714285714286
3973	-1.2343442622950818
3974	0.28036553524804175
3975	-1.017314465408805
3976	-0.3602285714285714
3977	-1.0597469955724226
3978	0.42763532763532763
3979	-0.41657047724750285
3980	-2.1150042735042733
3981	-0.28427148194271484
3982	-1.0575419664268586
3983	-0.6979387938793881
3984	-0.18172413793103448
3985	-0.21960784313725487
3986	-0.33812807881773393
3987	-0.8037755102040817
3988	0.15370270270270267
3989	0.11961977186311784
3990	0.4633112582781457
3991	-0.5595078740157481
3992	-0.9744166666666667
3993	-0.9827802690582961
3994	-0.8093624772313297
3995	-0.5574784747847478
3996	0.6248951048951047
3997	0.05130434782608695
3998	-0.76375
3999	-0.951291512915129
4000	-0.15899297423887587
4001	-0.92368068833652
4002	-0.2525360230547551
4003	-0.8936257309941521
4004	0.20959183673469386
4005	0.1861797752808989
4006	0.990785498489426
4007	-0.9607729468599033
4008	-0.8835105551211884
4009	-1.0916075650118204
4010	-1.1353846153846154
4011	-0.4944517543859649
4012	-0.4148894348894348
4013	-0.41099326599326597
4014	-0.5314021164021164
4015	0.19101123595505617
4016	0.3303225806451613
4017	-0.6498524762908325
4018	-0.17982625482625483
4019	0.5661904761904762
4020	-0.06241935483870966
4021	-0.1392808219178082
4022	-0.1288541666666667
4023	-0.17415607985480944
4024	-0.6246554934823092
4025	-0.2482608695652174
4026	1.3213191489361704
4027	-0.598921832884097
4028	-0.3052876106194691
4029	-0.15263636363636376
4030	-0.5561811023622046
4031	-0.7482344632768362
4032	-0.4280842105263157
4033	-0.00510204081632653
4034	-1.0979694323144105
4035	0.48958015267175564
4036	-0.013826815642458069
4037	0.02867826086956521
4038	-0.5580597014925374
4039	-0.2907479224376731
4040	-0.8887292161520192
4041	-0.6758736559139785
4042	-0.5171581196581196
4043	0.2155
4044	0.06977905859750239
4045	0.3076612903225806
4046	0.5571293375394322
4047	-0.2414982876712329
4048	0.18928716904276985
4049	-0.5205429864253394
4050	-1.1817119999999999
4051	-0.46483827493261454
4052	-1.1446308724832215
4053	-0.45551155115511555
4054	-0.38562499999999994
4055	-0.7743057996485062
4056	-0.2563888888888889
4057	0.04911504424778763
4058	0.12622516556291388
4059	0.4862043795620437
4060	0.1328139534883721
4061	-0.41438247011952184
4062	0.5740650406504065
4063	0.04871232876712325
4064	-0.6095064935064936
4065	-0.4223744292237443
4066	-0.3741916167664671
4067	-0.18120567375886526
4068	-1.0576434676434676
4069	1.0787179487179488
4070	-1.3486842105263157
4071	-0.20420062695924768
4072	-0.028186813186813202
4073	-1.1276550387596898
4074	-0.05536617842876164
4075	0.4458139534883721
4076	0.7949590163934426
4077	0.4589067524115756
4078	0.4911259842519684
4079	-0.5537887067395265
4080	-0.7233766233766233
4081	-0.26915165165165167
4082	-0.5896969696969697
4083	-0.040689252336448545
4084	-0.48222826086956516
4085	-0.17858181818181817
4086	-0.9984971098265895
4087	-0.623447488584475
4088	0.37892592592592594
4089	0.6905533596837945
4090	0.5403069657615112
4091	-0.5553283767038414
4092	-1.2195959595959598
4093	-0.6217555555555555
4094	-0.3240123456790124
4095	-0.43293478260869567
4096	-0.09719101123595508
4097	-0.4655223880597015
4098	0.46709090909090906
4099	0.5188653846153846
4100	-0.41499102333931775
4101	-0.6526600284495022
4102	0.18035714285714285
4103	-0.5546318289786223
4104	0.3554545454545454
4105	-0.17088509316770187
4106	-0.4057736720554273
4107	-1.1005995717344754
4108	-0.16181488203266786
4109	-1.046871704745167
4110	0.10535993061578493
4111	-0.5381956864807996
4112	0.2913086419753087
4113	-0.19769874476987448
4114	-0.25314148681055154
4115	-0.6336538461538461
4116	-0.9092260692464358
4117	-0.17829268292682926
4118	-0.1356959863364646
4119	0.1450750750750751
4120	0.27789115646258505
4121	-0.6267567567567567
4122	-0.10145161290322581
4123	-0.4717640186915888
4124	-1.3335185185185185
4125	-0.3091525423728813
4126	0.34171084337349406
4127	-0.45133152173913044
4128	-0.9114646464646463
4129	-0.6192619766940008
4130	-0.36960843373493985
4131	-0.31803333333333333
4132	-0.6956626506024096
4133	0.32776119402985077
4134	0.388840830449827
4135	-0.23853448275862074
4136	-0.6924427994616421
4137	-0.3797116493656286
4138	-0.12292682926829267
4139	-0.41620833333333335
4140	-1.3381690140845068
4141	-0.21373071528751758
4142	-0.03611825192802052
4143	-0.24630434782608687
4144	0.6688203266787659
4145	-1.0278565861262665
4146	-0.32656598513011165
4147	1.2367358490566038
4148	-0.1948148148148148
4149	0.2685288270377734
4150	0.25708333333333333
4151	-0.9313618677042802
4152	-0.3230461857810068
4153	-0.9001131687242799
4154	-0.1407762836185819
4155	0.9414107883817427
4156	0.23501312335958002
4157	-0.4831862745098039
4158	-0.8081699346405229
4159	-0.7622123893805309
4160	-1.1973861386138611
4161	-0.49968354430379747
4162	-0.5361926605504588
4163	-0.9322485207100594
4164	-0.6823987034035658
4165	0.39791187739463596
4166	-0.6410402684563759
4167	0.2835594989561586
4168	-0.22644385026737968
4169	-0.24116253443526173
4170	0.29176211453744494
4171	0.3636180904522613
4172	-0.9610551849605821
4173	-0.04552083333333336
4174	-0.846795010845987
4175	-0.39312803889789294
4176	-1.013314917127072
4177	-0.222906976744186
4178	-0.08956709956709959
4179	0.044006024096385564
4180	-0.3048360655737705
4181	0.4858351893095768
4182	-0.3924255319148936
4183	-0.19388433318946924
4184	-0.4748829431438127
4185	-0.6555283307810107
4186	-0.4225
4187	-0.1066595289079229
4188	-0.24668269230769233
4189	-0.1736593591905565
4190	-0.1547071129707113
4191	-0.532731343283582
4192	-0.051552083333333346
4193	0.27449648711943797
4194	-0.9098163606010017
4195	-2.056685461135723
4196	-0.16750689972401106
4197	-0.08812366737739868
4198	-0.9508474576271185
4199	-0.2813437849944009
4200	-0.38148335745296674
4201	-0.6084160839160839
4202	-0.26469578783151326
4203	0.8515633423180593
4204	-0.6646523261630815
4205	-0.34839215686274505
4206	-1.177894736842105
4207	-0.19879120879120873
4208	-0.0411111111111111
4209	-0.09459459459459461
4210	-0.300056657223796
4211	-0.21749732620320855
4212	-0.5032941540364986
4213	-0.21732026143790853
4214	0.40163606010016695
4215	-0.21634212920837123
4216	-0.10970414201183433
4217	-0.8434310221586849
4218	-0.0674187380497132
4219	-0.38722222222222225
4220	-0.9673817619783617
4221	-0.45594052044609673
4222	-0.3051036970243462
4223	-0.15897009966777406
4224	0.658108108108108
4225	0.08006437768240343
4226	-0.21528028933092228
4227	0.6709608540925268
4228	-0.2022541966426858
4229	-0.2027733333333333
4230	-0.14342307692307693
4231	-0.2783071748878924
4232	-0.8552956188855807
4233	-0.7970144284128747
4234	-0.6384908536585366
4235	-0.10464977645305513
4236	-0.20282361063168805
4237	-0.31591836734693884
4238	0.36387681159420293
4239	-0.1521192052980132
4240	-0.31560747663551403
4241	-0.7607273449920507
4242	-0.5211946902654867
4243	-0.09573047858942066
4244	-0.426491485613623
4245	-0.46462546049938597
4246	-0.60568345323741
4247	0.20909883720930228
4248	-0.5034694533762057
4249	0.5423919308357348
4250	-0.006090909090909106
4251	0.4504189435336976
4252	-0.30781735159817347
4253	-0.5164841498559077
4254	-0.5722987872105845
4255	-0.6236764705882354
4256	-0.5260992543070198
4257	-0.7164735401459854
4258	-0.608570057581574
4259	-0.23641043723554303
4260	0.1302336448598131
4261	0.07604612850082373
4262	0.026144174350377223
4263	-1.5154778617710583
4264	0.5021273964131105
4265	-0.2922222222222222
4266	0.3263734567901234
4267	-0.14454677653902084
4268	-0.2295790115924344
4269	-0.5305744544287548
4270	-0.6040115606936417
4271	-0.8652173913043479
4272	-0.17498852333588372
4273	1.1870381231671552
4274	-0.2847368421052632
4275	1.204006908462867
4276	-0.605990057995029
4277	0.4224850299401197
4278	-0.4871822033898305
4279	-0.4564185921547555
4280	-0.44188376753507014
4281	-0.7742481079302403
4282	0.0352561669829222
4283	-0.28367735263702176
4284	-0.9218067226890756
4285	-0.2923907863383638
4286	-0.612534174553102
4287	-0.40417752729834444
4288	-0.41099301106581243
4289	-0.00945945945945945
4290	-0.11244274809160305
4291	-0.4735559621835925
4292	-0.18455284552845522
4293	-1.2599524427150885
4294	-1.1680436099333735
4295	0.07761174968071521
4296	0.0424964234620887
4297	0.021525510204081517
4298	-0.3519371727748691
4299	-0.15266528925619835
4300	-0.6913831258644537
4301	-0.5425960299046148
4302	0.5087850467289718
4303	-0.3924215938303342
4304	-0.052847682119205305
4305	-0.08027435265104811
4306	-0.08257002801120446
4307	-0.7514056654195619
4308	-0.22421822615056394
4309	-0.6322970297029703
4310	-0.17909646442601482
4311	-0.12907172995780597
4312	-0.39194419441944195
4313	-0.29920274651916845
4314	0.014388786764705902
4315	-0.29276122931442083
4316	1.10426724137931
4317	-0.3050771730300568
4318	-0.685055679287305
4319	0.3782495948136143
4320	-0.25577298050139274
4321	-0.1083173076923077
4322	-0.3070632463511721
4323	0.6236860827034237
4324	-0.6686283185840708
4325	-0.4104536932883389
4326	-0.21468005952380956
4327	-0.18783720930232556
4328	-0.35596188984599336
4329	0.02913849509269358
4330	-0.20626076260762605
4331	-0.27609271523178813
4332	-0.08801441677588467
4333	1.1372860447185809
4334	-0.2538196240731161
4335	0.5898392282958201
4336	-0.09194312796208529
4337	-0.12232024336283186
4338	-0.05402325581395347
4339	-0.5710281493312039
4340	0.35862096138691885
4341	-0.3823720608575381
4342	-0.21552138564863912
4343	-0.5195396226415093
4344	-0.3389955409528281
4345	-1.1404138109401267
4346	-0.5890000000000001
4347	-0.6772031382527565
4348	-0.2707668593448941
4349	-0.7604729530002955
4350	-0.17731513083048916
4351	-0.16934503713706953
4352	0.08133111480865224
4353	-0.2713293566254794
4354	-0.5651301261829653
4355	-0.3655738764953121
4356	-0.24230046948356812
4357	0.8115425831923293
4358	-0.44872154579142404
4359	-0.30079093875983887
4360	-0.22989464780067675
4361	-0.6901717123935667
4362	-0.22683011391778113
4363	-0.3823122412773507
4364	-0.6631654389806887
4365	-0.2156326630701324
4366	-0.27169207772795223
4367	-0.22872058823529418
4368	-0.6720491476964279
4369	-0.5414310794664846
4370	0.5201623996943064
4371	-0.2542538957330505
4372	-0.5334335363340813
4373	-0.5187031314157284
4374	-0.28012701039830173
4375	-0.5089103522516596
4376	-0.4273441428498127
4377	-0.42833227298309146
4378	0.23989599999999997
4379	-0.41822425767957855
4380	-0.412042033898305
4381	-0.4087171602679923
4382	0.23181423611111107
4383	-0.3486789459231308
